t,block_id,price_da_eur_mwh,q_ch_mw,q_dis_mw,soc_mwh,g_imp_mw,g_exp_mw,p_da_net_mw,p_afrr_up_mw,p_afrr_down_mw,price_act_up_eur_mwh,price_act_down_eur_mwh,price_cap_up_eur_mw_h,price_cap_down_eur_mw_h
1,1,0.1,0.0,0.0,37.101685,0.0,0.0,0.0,0.0,30.0,73.4875,-46.72,44.64,66.4
2,1,0.01,15.0,15.0,35.544238,0.0,0.0,0.0,0.0,30.0,78.6275,-17.57,44.64,66.4
3,1,0.0,15.0,15.0,33.986792,0.0,0.0,0.0,0.0,30.0,85.08666666666666,-19.472500000000004,44.64,66.4
4,1,-0.01,15.0,15.0,32.429345,30.0,30.0,0.0,0.0,30.0,31.04,-31.564999999999998,44.64,66.4
5,2,-0.03,15.0,15.0,30.871898,30.0,30.0,0.0,0.0,30.0,87.53666666666666,-18.386666666666667,44.64,66.4
6,2,-0.02,15.0,15.0,29.314451,30.0,30.0,0.0,0.0,30.0,0.0,-23.7125,44.64,66.4
7,2,-0.05,15.0,15.0,27.757004,30.0,30.0,0.0,0.0,30.0,73.69333333333333,-73.38,44.64,66.4
8,2,-0.02,15.0,15.0,26.199558,30.0,30.0,0.0,0.0,30.0,71.14666666666666,-53.934999999999995,44.64,66.4
9,3,0.0,15.0,15.0,24.642111,0.0,0.0,0.0,0.0,30.0,64.91,-91.5475,44.64,66.4
10,3,0.04,15.0,15.0,23.084664,30.0,30.0,0.0,0.0,30.0,0.0,-23.080000000000002,44.64,66.4
11,3,0.06,15.0,15.0,21.527217,30.0,30.0,0.0,0.0,30.0,0.0,-13.0,44.64,66.4
12,3,0.54,15.0,15.0,19.96977,30.0,30.0,0.0,0.0,30.0,0.0,-13.8875,44.64,66.4
13,4,2.24,15.0,15.0,18.412323,0.0,0.0,0.0,0.0,30.0,0.0,-8.81,44.64,66.4
14,4,1.97,15.0,15.0,16.854877,0.0,0.0,0.0,0.0,30.0,68.31,-20.78,44.64,66.4
15,4,1.13,15.0,15.0,15.29743,0.0,0.0,0.0,0.0,30.0,0.0,0.0,44.64,66.4
16,4,3.19,15.0,15.0,13.739983,30.0,30.0,0.0,0.0,30.0,104.26,0.0,44.64,66.4
17,5,40.0,16.839252,13.160748,15.90487,0.0,3.6785046,3.6785046,0.0,26.321495,84.24,-31.465,44.64,66.4
18,5,84.46,16.839252,13.160748,18.069757,0.0,3.6785046,3.6785046,0.0,26.321495,210.225,-79.57,44.64,66.4
19,5,61.74,16.839252,13.160748,20.234643,0.0,3.6785046,3.6785046,0.0,26.321495,92.955,-88.725,44.64,66.4
20,5,61.27,16.839252,13.160748,22.39953,0.0,3.6785046,3.6785046,0.0,26.321495,83.63,-126.57499999999999,44.64,66.4
21,6,59.97,15.0,15.0,20.842083,0.0,0.0,0.0,0.0,30.0,142.92666666666668,-19.94,46.34,64.17
22,6,54.92,15.0,15.0,19.284637,0.0,0.0,0.0,0.0,30.0,75.095,-140.565,46.34,64.17
23,6,47.65,15.0,15.0,17.72719,0.0,0.0,0.0,0.0,30.0,0.0,-83.9075,46.34,64.17
24,6,35.55,15.0,15.0,16.169743,0.0,0.0,0.0,0.0,30.0,0.0,-75.865,46.34,64.17
25,7,29.39,15.0,15.0,14.612296,0.0,0.0,0.0,30.0,0.0,0.0,-272.4975,51.44,57.48
26,7,19.6,15.0,15.0,13.054849,0.0,0.0,0.0,30.0,0.0,0.0,-281.2425,51.44,57.48
27,7,27.33,15.0,15.0,11.497403,0.0,0.0,0.0,30.0,0.0,0.0,-206.5675,51.44,57.48
28,7,16.2,15.0,15.0,9.9399558,0.0,0.0,0.0,30.0,0.0,0.0,-108.12,51.44,57.48
29,8,9.5,15.0,15.0,8.3825089,0.0,0.0,0.0,30.0,0.0,0.0,-42.8,51.44,57.48
30,8,11.2,15.0,15.0,6.8250621,30.0,30.0,0.0,30.0,0.0,0.0,-41.835,51.44,57.48
31,8,44.43,15.0,15.0,5.2676153,0.0,0.0,0.0,30.0,0.0,0.0,-232.765,51.44,57.48
32,8,56.56,15.0,15.0,3.7101685,0.0,0.0,0.0,30.0,0.0,0.0,-126.7125,51.44,57.48
33,9,64.28,15.769554,14.230446,3.7101685,0.0,1.5391085,1.5391085,0.0,28.460892,0.0,0.36999999999999744,51.44,57.48
34,9,66.12,15.769554,14.230446,3.7101685,0.0,1.5391085,1.5391085,0.0,28.460892,0.0,17.549999999999997,51.44,57.48
35,9,70.6,15.769554,14.230446,3.7101685,0.0,1.5391085,1.5391085,0.0,28.460892,0.0,22.337500000000002,51.44,57.48
36,9,78.8,15.769554,14.230446,3.7101685,0.0,1.5391085,1.5391085,0.0,28.460892,80.025,67.0,51.44,57.48
37,10,99.9,23.465097,6.5349033,19.284637,0.0,16.930193,16.930193,0.0,13.069807,0.0,0.0,51.44,57.48
38,10,102.5,23.465097,6.5349033,34.859105,0.0,16.930193,16.930193,0.0,13.069807,136.45749999999998,0.0,51.44,57.48
39,10,110.6,23.465097,6.5349033,50.433573,0.0,16.930193,16.930193,0.0,13.069807,0.0,58.0,51.44,57.48
40,10,105.7,23.465097,6.5349033,66.008041,0.0,16.930193,16.930193,0.0,13.069807,0.0,48.50666666666667,51.44,57.48
41,11,100.7,15.0,15.0,64.450594,0.0,0.0,0.0,0.0,30.0,0.0,29.367500000000007,51.44,57.48
42,11,118.93,15.0,15.0,62.893147,30.0,30.0,0.0,0.0,30.0,91.72,30.900000000000002,51.44,57.48
43,11,81.3,15.0,15.0,61.3357,0.0,0.0,0.0,0.0,30.0,0.0,2.3400000000000003,51.44,57.48
44,11,70.1,15.0,15.0,59.778254,0.0,0.0,0.0,0.0,30.0,97.51,34.52,51.44,57.48
45,12,66.7,15.0,15.0,58.220807,30.0,30.0,0.0,30.0,0.0,90.89,1.9333333333333336,51.83,50.89
46,12,54.9,15.0,15.0,56.66336,0.0,0.0,0.0,30.0,0.0,87.51,15.31333333333333,51.83,50.89
47,12,53.18,15.0,15.0,55.105913,0.0,0.0,0.0,30.0,0.0,88.14333333333333,46.85333333333333,51.83,50.89
48,12,54.9,15.0,15.0,53.548466,0.0,0.0,0.0,30.0,0.0,141.865,-40.0,51.83,50.89
49,13,-0.39,15.0,15.0,51.99102,30.0,30.0,0.0,30.0,0.0,114.2775,-92.97999999999999,53.0,31.12
50,13,-1.61,15.0,15.0,50.433573,0.0,0.0,0.0,30.0,0.0,46.4375,-7.7,53.0,31.12
51,13,-1.39,15.0,15.0,48.876126,30.0,30.0,0.0,30.0,0.0,88.93,-156.70666666666665,53.0,31.12
52,13,-1.31,15.0,15.0,47.318679,30.0,30.0,0.0,30.0,0.0,84.51,-84.14,53.0,31.12
53,14,-1.39,15.0,15.0,45.761232,30.0,30.0,0.0,30.0,0.0,0.0,-11.385,53.0,31.12
54,14,-1.95,15.0,15.0,44.203786,30.0,30.0,0.0,30.0,0.0,84.51,-99.1375,53.0,31.12
55,14,1.05,15.0,15.0,42.646339,30.0,30.0,0.0,30.0,0.0,57.32,-101.00333333333333,53.0,31.12
56,14,40.63,15.0,15.0,41.088892,0.0,0.0,0.0,30.0,0.0,76.59,-24.599999999999998,53.0,31.12
57,15,68.3,15.0,15.0,39.531445,0.0,0.0,0.0,30.0,0.0,85.255,-11.64,53.0,31.12
58,15,75.9,15.0,15.0,37.973998,0.0,0.0,0.0,30.0,0.0,79.29,21.377500000000005,53.0,31.12
59,15,73.2,15.0,15.0,36.416551,0.0,0.0,0.0,30.0,0.0,76.35666666666667,-17.36,53.0,31.12
60,15,69.2,15.0,15.0,34.859105,0.0,0.0,0.0,30.0,0.0,60.49666666666666,61.83,53.0,31.12
61,16,60.0,15.0,15.0,33.301658,0.0,0.0,0.0,30.0,0.0,74.65,-22.52,53.0,31.12
62,16,58.86,15.0,15.0,31.744211,0.0,0.0,0.0,30.0,0.0,71.83,17.9525,53.0,31.12
63,16,60.86,15.0,15.0,30.186764,0.0,0.0,0.0,30.0,0.0,97.5625,36.396666666666675,53.0,31.12
64,16,76.0,15.0,15.0,28.629317,0.0,0.0,0.0,30.0,0.0,85.83,65.035,53.0,31.12
65,17,79.0,15.0,15.0,27.071871,0.0,0.0,0.0,30.0,0.0,94.2725,-93.90333333333334,53.0,31.12
66,17,101.0,15.0,15.0,25.514424,0.0,0.0,0.0,30.0,0.0,103.1775,55.32,53.0,31.12
67,17,114.6,15.0,15.0,23.956977,0.0,0.0,0.0,30.0,0.0,58.99333333333334,0.0,53.0,31.12
68,17,100.0,15.0,15.0,22.39953,0.0,0.0,0.0,30.0,0.0,0.0,71.4175,53.0,31.12
69,18,73.23,15.0,15.0,20.842083,0.0,0.0,0.0,30.0,0.0,52.703333333333326,66.75,47.88,26.87
70,18,67.41,15.0,15.0,19.284637,0.0,0.0,0.0,30.0,0.0,82.17999999999999,62.42,47.88,26.87
71,18,65.0,15.0,15.0,17.72719,0.0,0.0,0.0,30.0,0.0,93.41333333333333,49.32,47.88,26.87
72,18,58.12,15.0,15.0,16.169743,0.0,0.0,0.0,30.0,0.0,74.51666666666667,4.175000000000001,47.88,26.87
73,19,57.3,15.0,15.0,14.612296,0.0,0.0,0.0,30.0,0.0,0.0,11.465000000000003,32.52,14.12
74,19,50.46,15.0,15.0,13.054849,0.0,0.0,0.0,30.0,0.0,0.0,-22.107499999999998,32.52,14.12
75,19,40.0,15.0,15.0,11.497403,0.0,0.0,0.0,30.0,0.0,0.0,-23.1075,32.52,14.12
76,19,25.48,15.0,15.0,9.9399558,0.0,0.0,0.0,30.0,0.0,0.0,20.29,32.52,14.12
77,20,35.0,15.0,15.0,8.3825089,0.0,0.0,0.0,30.0,0.0,0.0,54.69,32.52,14.12
78,20,57.73,15.0,15.0,6.8250621,0.0,0.0,0.0,30.0,0.0,104.2525,0.0,32.52,14.12
79,20,72.65,15.0,15.0,5.2676153,0.0,0.0,0.0,30.0,0.0,93.77,-27.32,32.52,14.12
80,20,85.02,15.0,15.0,3.7101685,0.0,0.0,0.0,30.0,0.0,0.0,-73.54749999999999,32.52,14.12
81,21,91.47,16.539108,13.460892,5.2676153,0.0,3.078217,3.078217,26.921783,0.0,0.0,54.61666666666667,32.52,14.12
82,21,94.2,16.539108,13.460892,6.8250621,0.0,3.078217,3.078217,26.921783,0.0,0.0,44.64,32.52,14.12
83,21,91.61,16.539108,13.460892,8.3825089,26.921783,30.0,3.0782169999999986,26.921783,0.0,103.565,70.08,32.52,14.12
84,21,90.03,16.539108,13.460892,9.9399558,0.0,3.078217,3.078217,26.921783,0.0,88.87666666666667,68.54,32.52,14.12
85,22,86.28,15.0,15.0,8.3825089,0.0,0.0,0.0,30.0,0.0,0.0,67.66499999999999,32.52,14.12
86,22,85.96,15.0,15.0,6.8250621,0.0,0.0,0.0,30.0,0.0,62.25333333333333,74.25,32.52,14.12
87,22,92.11,15.0,15.0,5.2676153,0.0,0.0,0.0,30.0,0.0,86.06666666666666,72.4,32.52,14.12
88,22,98.62,15.0,15.0,3.7101685,0.0,0.0,0.0,30.0,0.0,0.0,57.71,32.52,14.12
89,23,104.45,24.01914,5.9808595,20.405927,0.0,18.038281,18.038281,11.961719,0.0,52.735,62.286666666666676,32.52,14.12
90,23,130.21,24.01914,5.9808595,37.101685,0.0,18.038281,18.038281,11.961719,0.0,156.685,0.0,32.52,14.12
91,23,140.67,24.01914,5.9808595,53.797444,0.0,18.038281,18.038281,11.961719,0.0,87.47,0.0,32.52,14.12
92,23,123.1,24.01914,5.9808595,70.493202,0.0,18.038281,18.038281,11.961719,0.0,90.22333333333333,52.209999999999994,32.52,14.12
93,24,101.65,15.0,15.0,68.935755,0.0,0.0,0.0,30.0,0.0,67.48750000000001,31.019999999999996,31.15,13.11
94,24,96.77,15.0,15.0,67.378308,0.0,0.0,0.0,30.0,0.0,77.69,59.2,31.15,13.11
95,24,93.04,15.0,15.0,65.820861,0.0,0.0,0.0,30.0,0.0,81.82000000000001,66.43666666666667,31.15,13.11
96,24,88.61,15.0,15.0,64.263415,0.0,0.0,0.0,30.0,0.0,0.0,20.720000000000002,31.15,13.11
97,25,86.08,15.0,15.0,62.705968,0.0,0.0,0.0,30.0,0.0,109.3825,66.31,27.04,10.08
98,25,80.51,15.0,15.0,61.148521,0.0,0.0,0.0,30.0,0.0,0.0,58.58,27.04,10.08
99,25,77.01,15.0,15.0,59.591074,0.0,0.0,0.0,30.0,0.0,0.0,45.455,27.04,10.08
100,25,72.88,15.0,15.0,58.033627,0.0,0.0,0.0,30.0,0.0,81.71333333333334,55.38,27.04,10.08
101,26,72.12,15.0,15.0,56.476181,0.0,0.0,0.0,30.0,0.0,0.0,50.519999999999996,27.04,10.08
102,26,74.52,15.0,15.0,54.918734,0.0,0.0,0.0,30.0,0.0,0.0,46.1325,27.04,10.08
103,26,80.11,15.0,15.0,53.361287,0.0,0.0,0.0,30.0,0.0,94.64,34.55,27.04,10.08
104,26,87.17,15.0,15.0,51.80384,0.0,0.0,0.0,30.0,0.0,89.975,0.0,27.04,10.08
105,27,89.78,15.0,15.0,50.246393,0.0,0.0,0.0,30.0,0.0,82.31,73.86,27.04,10.08
106,27,95.0,15.0,15.0,48.688947,0.0,0.0,0.0,30.0,0.0,48.665000000000006,0.0,27.04,10.08
107,27,96.29,15.0,15.0,47.1315,0.0,0.0,0.0,30.0,0.0,104.97500000000001,0.0,27.04,10.08
108,27,98.22,15.0,15.0,45.574053,0.0,0.0,0.0,30.0,0.0,84.42,0.0,27.04,10.08
109,28,92.29,15.0,15.0,44.016606,0.0,0.0,0.0,30.0,0.0,44.91,0.0,27.04,10.08
110,28,91.65,15.0,15.0,42.459159,0.0,0.0,0.0,30.0,0.0,97.15,69.935,27.04,10.08
111,28,96.5,15.0,15.0,40.901712,0.0,0.0,0.0,30.0,0.0,140.0425,0.0,27.04,10.08
112,28,100.13,15.0,15.0,39.344266,0.0,0.0,0.0,30.0,0.0,250.61,0.0,27.04,10.08
113,29,103.03,15.21551,14.78449,38.222975,0.0,0.431021,0.431021,29.568979,0.0,81.43,0.0,27.04,10.08
114,29,107.43,15.21551,14.78449,37.101685,0.0,0.431021,0.431021,29.568979,0.0,0.0,66.785,27.04,10.08
115,29,108.47,15.21551,14.78449,35.980395,0.0,0.431021,0.431021,29.568979,0.0,53.10249999999999,0.0,27.04,10.08
116,29,104.0,15.21551,14.78449,34.859105,0.0,0.431021,0.431021,29.568979,0.0,59.785,0.0,27.04,10.08
117,30,100.13,15.0,15.0,33.301658,30.0,30.0,0.0,30.0,0.0,45.475,74.96,26.380000000000003,9.96
118,30,94.21,15.0,15.0,31.744211,0.0,0.0,0.0,30.0,0.0,79.36333333333333,78.27,26.380000000000003,9.96
119,30,94.92,15.0,15.0,30.186764,0.0,0.0,0.0,30.0,0.0,95.02,0.0,26.380000000000003,9.96
120,30,86.8,15.0,15.0,28.629317,0.0,0.0,0.0,30.0,0.0,47.28,72.71,26.380000000000003,9.96
121,31,82.25,15.0,15.0,27.071871,0.0,0.0,0.0,30.0,0.0,41.322500000000005,55.1,24.4,9.6
122,31,80.2,15.0,15.0,25.514424,0.0,0.0,0.0,30.0,0.0,71.03666666666666,0.0,24.4,9.6
123,31,76.13,15.0,15.0,23.956977,0.0,0.0,0.0,30.0,0.0,65.1,0.0,24.4,9.6
124,31,73.01,15.0,15.0,22.39953,0.0,0.0,0.0,30.0,0.0,59.89,29.82,24.4,9.6
125,32,73.01,15.0,15.0,20.842083,0.0,0.0,0.0,30.0,0.0,57.07000000000001,64.82,24.4,9.6
126,32,74.59,15.0,15.0,19.284637,0.0,0.0,0.0,30.0,0.0,88.2225,0.0,24.4,9.6
127,32,75.1,15.0,15.0,17.72719,0.0,0.0,0.0,30.0,0.0,47.935,0.0,24.4,9.6
128,32,81.39,15.0,15.0,16.169743,0.0,0.0,0.0,30.0,0.0,0.0,0.0,24.4,9.6
129,33,88.4,15.0,15.0,14.612296,0.0,0.0,0.0,30.0,0.0,0.0,30.083333333333332,24.4,9.6
130,33,92.23,15.0,15.0,13.054849,0.0,0.0,0.0,30.0,0.0,91.09,62.864999999999995,24.4,9.6
131,33,97.3,15.0,15.0,11.497403,0.0,0.0,0.0,30.0,0.0,87.815,0.0,24.4,9.6
132,33,100.43,15.0,15.0,9.9399558,0.0,0.0,0.0,30.0,0.0,87.235,74.26,24.4,9.6
133,34,99.16,15.0,15.0,8.3825089,0.0,0.0,0.0,30.0,0.0,37.8325,0.0,24.4,9.6
134,34,94.52,15.0,15.0,6.8250621,0.0,0.0,0.0,30.0,0.0,95.08333333333333,68.82,24.4,9.6
135,34,92.45,15.0,15.0,5.2676153,0.0,0.0,0.0,30.0,0.0,87.11,73.45333333333333,24.4,9.6
136,34,94.18,15.0,15.0,3.7101685,0.0,0.0,0.0,30.0,0.0,77.4825,0.0,24.4,9.6
137,35,99.22,24.01914,5.9808595,20.405927,0.0,18.038281,18.038281,0.0,11.961719,193.9325,0.0,24.4,9.6
138,35,104.69,24.01914,5.9808595,37.101685,0.0,18.038281,18.038281,0.0,11.961719,114.0575,0.0,24.4,9.6
139,35,103.63,24.01914,5.9808595,53.797444,0.0,18.038281,18.038281,0.0,11.961719,90.9,0.0,24.4,9.6
140,35,99.0,24.01914,5.9808595,70.493202,0.0,18.038281,18.038281,0.0,11.961719,43.1725,0.0,24.4,9.6
141,36,92.14,15.0,15.0,68.935755,0.0,0.0,0.0,30.0,0.0,58.885000000000005,0.0,23.79,10.79
142,36,88.0,15.0,15.0,67.378308,0.0,0.0,0.0,30.0,0.0,0.0,64.21,23.79,10.79
143,36,86.57,15.0,15.0,65.820861,0.0,0.0,0.0,30.0,0.0,83.39,64.5425,23.79,10.79
144,36,79.87,15.0,15.0,64.263415,0.0,0.0,0.0,30.0,0.0,0.0,62.61,23.79,10.79
145,37,84.08,15.0,15.0,62.705968,0.0,0.0,0.0,30.0,0.0,109.735,37.56,21.96,14.36
146,37,79.82,15.0,15.0,61.148521,0.0,0.0,0.0,30.0,0.0,80.655,0.0,21.96,14.36
147,37,76.76,15.0,15.0,59.591074,0.0,0.0,0.0,30.0,0.0,0.0,51.28333333333333,21.96,14.36
148,37,73.46,15.0,15.0,58.033627,0.0,0.0,0.0,30.0,0.0,0.0,30.005,21.96,14.36
149,38,71.86,15.0,15.0,56.476181,0.0,0.0,0.0,30.0,0.0,72.89,60.73,21.96,14.36
150,38,72.08,15.0,15.0,54.918734,0.0,0.0,0.0,30.0,0.0,115.14500000000001,0.0,21.96,14.36
151,38,74.9,15.0,15.0,53.361287,0.0,0.0,0.0,30.0,0.0,0.0,39.605000000000004,21.96,14.36
152,38,77.69,15.0,15.0,51.80384,0.0,0.0,0.0,30.0,0.0,0.0,58.28666666666667,21.96,14.36
153,39,81.79,15.0,15.0,50.246393,0.0,0.0,0.0,30.0,0.0,0.0,14.27666666666667,21.96,14.36
154,39,84.86,15.0,15.0,48.688947,0.0,0.0,0.0,30.0,0.0,7.574999999999999,60.25,21.96,14.36
155,39,87.14,15.0,15.0,47.1315,0.0,0.0,0.0,30.0,0.0,93.66,0.0,21.96,14.36
156,39,89.13,15.0,15.0,45.574053,0.0,0.0,0.0,30.0,0.0,0.0,63.586666666666666,21.96,14.36
157,40,88.66,15.0,15.0,44.016606,0.0,0.0,0.0,30.0,0.0,108.78,56.697500000000005,21.96,14.36
158,40,84.81,15.0,15.0,42.459159,0.0,0.0,0.0,30.0,0.0,0.0,72.28,21.96,14.36
159,40,84.34,15.0,15.0,40.901712,0.0,0.0,0.0,30.0,0.0,0.0,54.06666666666667,21.96,14.36
160,40,88.01,15.0,15.0,39.344266,0.0,0.0,0.0,30.0,0.0,0.0,0.0,21.96,14.36
161,41,93.42,15.0,15.0,37.786819,0.0,0.0,0.0,30.0,0.0,0.0,74.14,21.96,14.36
162,41,101.77,15.0,15.0,36.229372,0.0,0.0,0.0,30.0,0.0,92.94,23.405000000000005,21.96,14.36
163,41,104.85,15.0,15.0,34.671925,0.0,0.0,0.0,30.0,0.0,0.0,66.9,21.96,14.36
164,41,103.55,15.0,15.0,33.114478,0.0,0.0,0.0,30.0,0.0,0.0,51.085,21.96,14.36
165,42,100.5,15.0,15.0,31.557032,0.0,0.0,0.0,30.0,0.0,0.0,22.840000000000003,22.59,12.29
166,42,93.31,15.0,15.0,29.999585,0.0,0.0,0.0,30.0,0.0,0.0,61.62,22.59,12.29
167,42,91.17,15.0,15.0,28.442138,0.0,0.0,0.0,30.0,0.0,92.85,16.229999999999997,22.59,12.29
168,42,83.86,15.0,15.0,26.884691,0.0,0.0,0.0,30.0,0.0,0.0,-26.3975,22.59,12.29
169,43,87.02,15.0,15.0,25.327244,30.0,30.0,0.0,30.0,0.0,0.0,-40.98000000000002,24.48,6.08
170,43,84.35,15.0,15.0,23.769798,0.0,0.0,0.0,30.0,0.0,0.0,67.04,24.48,6.08
171,43,81.71,15.0,15.0,22.212351,0.0,0.0,0.0,30.0,0.0,90.45,29.272499999999994,24.48,6.08
172,43,79.0,15.0,15.0,20.654904,0.0,0.0,0.0,30.0,0.0,0.0,-21.265,24.48,6.08
173,44,78.47,15.0,15.0,19.097457,0.0,0.0,0.0,30.0,0.0,0.0,-67.065,24.48,6.08
174,44,82.1,15.0,15.0,17.54001,0.0,0.0,0.0,30.0,0.0,8.37,53.33,24.48,6.08
175,44,94.3,15.0,15.0,15.982564,0.0,0.0,0.0,30.0,0.0,101.84333333333333,70.73,24.48,6.08
176,44,111.09,15.0,15.0,14.425117,0.0,0.0,0.0,30.0,0.0,8.86,71.87,24.48,6.08
177,45,121.11,15.21551,14.78449,13.303826,0.0,0.431021,0.431021,29.568979,0.0,0.0,34.4975,24.48,6.08
178,45,117.83,15.21551,14.78449,12.182536,0.0,0.431021,0.431021,29.568979,0.0,115.55333333333333,64.975,24.48,6.08
179,45,110.58,15.21551,14.78449,11.061246,0.0,0.431021,0.431021,29.568979,0.0,115.53999999999999,89.12,24.48,6.08
180,45,103.0,15.21551,14.78449,9.9399558,0.0,0.431021,0.431021,29.568979,0.0,0.0,59.910000000000004,24.48,6.08
181,46,84.9,15.0,15.0,8.3825089,0.0,0.0,0.0,30.0,0.0,0.0,-12.649999999999999,24.48,6.08
182,46,89.56,15.0,15.0,6.8250621,0.0,0.0,0.0,30.0,0.0,0.0,20.372500000000002,24.48,6.08
183,46,100.0,15.0,15.0,5.2676153,0.0,0.0,0.0,30.0,0.0,0.0,31.39,24.48,6.08
184,46,107.98,15.0,15.0,3.7101685,0.0,0.0,0.0,30.0,0.0,94.56,46.50999999999999,24.48,6.08
185,47,116.39,19.617325,10.382675,11.497403,0.0,9.234651,9.234651,20.765349,0.0,0.0,14.0775,24.48,6.08
186,47,129.15,19.617325,10.382675,19.284637,0.0,9.234651,9.234651,20.765349,0.0,0.0,62.230000000000004,24.48,6.08
187,47,125.08,19.617325,10.382675,27.071871,0.0,9.234651,9.234651,20.765349,0.0,0.46,71.44749999999999,24.48,6.08
188,47,111.9,19.617325,10.382675,34.859105,0.0,9.234651,9.234651,20.765349,0.0,59.13333333333333,74.46,24.48,6.08
189,48,100.1,15.0,15.0,33.301658,0.0,0.0,0.0,30.0,0.0,29.683333333333334,70.055,24.55,5.880000000000001
190,48,91.0,15.0,15.0,31.744211,0.0,0.0,0.0,30.0,0.0,0.0,59.255,24.55,5.880000000000001
191,48,92.0,15.0,15.0,30.186764,0.0,0.0,0.0,30.0,0.0,0.0,59.005,24.55,5.880000000000001
192,48,91.49,15.0,15.0,28.629317,0.0,0.0,0.0,30.0,0.0,83.53,52.9925,24.55,5.880000000000001
193,49,80.95,15.0,15.0,27.071871,0.0,0.0,0.0,30.0,0.0,84.51,24.32250000000002,24.76,5.28
194,49,79.98,15.0,15.0,25.514424,0.0,0.0,0.0,30.0,0.0,87.53999999999999,66.07,24.76,5.28
195,49,85.0,15.0,15.0,23.956977,0.0,0.0,0.0,30.0,0.0,84.51,64.8325,24.76,5.28
196,49,83.42,15.0,15.0,22.39953,0.0,0.0,0.0,30.0,0.0,84.51,70.28,24.76,5.28
197,50,80.57,15.0,15.0,20.842083,0.0,0.0,0.0,30.0,0.0,0.0,67.3475,24.76,5.28
198,50,85.8,15.0,15.0,19.284637,0.0,0.0,0.0,30.0,0.0,85.71333333333334,73.52,24.76,5.28
199,50,83.9,15.0,15.0,17.72719,0.0,0.0,0.0,30.0,0.0,0.0,53.834999999999994,24.76,5.28
200,50,91.12,15.0,15.0,16.169743,0.0,0.0,0.0,30.0,0.0,117.39750000000001,19.744999999999997,24.76,5.28
201,51,125.7,15.0,15.0,14.612296,0.0,0.0,0.0,30.0,0.0,137.14999999999998,0.0,24.76,5.28
202,51,119.96,15.0,15.0,13.054849,0.0,0.0,0.0,30.0,0.0,84.78,47.98,24.76,5.28
203,51,98.0,15.0,15.0,11.497403,0.0,0.0,0.0,30.0,0.0,74.76,49.504999999999995,24.76,5.28
204,51,90.0,15.0,15.0,9.9399558,0.0,0.0,0.0,30.0,0.0,0.0,28.1875,24.76,5.28
205,52,78.8,15.0,15.0,8.3825089,0.0,0.0,0.0,30.0,0.0,0.0,-30.35,24.76,5.28
206,52,77.78,15.0,15.0,6.8250621,0.0,0.0,0.0,30.0,0.0,0.0,47.545,24.76,5.28
207,52,85.0,15.0,15.0,5.2676153,0.0,0.0,0.0,30.0,0.0,0.0,25.427500000000006,24.76,5.28
208,52,99.9,15.0,15.0,3.7101685,0.0,0.0,0.0,30.0,0.0,82.5025,10.737500000000011,24.76,5.28
209,53,112.67,19.617325,10.382675,11.497403,0.0,9.234651,9.234651,20.765349,0.0,84.17,64.92,24.76,5.28
210,53,135.69,19.617325,10.382675,19.284637,0.0,9.234651,9.234651,20.765349,0.0,0.0,64.36749999999999,24.76,5.28
211,53,129.25,19.617325,10.382675,27.071871,0.0,9.234651,9.234651,20.765349,0.0,0.0,64.6725,24.76,5.28
212,53,126.3,19.617325,10.382675,34.859105,0.0,9.234651,9.234651,20.765349,0.0,83.975,70.06,24.76,5.28
213,54,108.82,15.0,15.0,33.301658,0.0,0.0,0.0,30.0,0.0,87.08333333333333,71.38,25.08,5.04
214,54,93.66,15.0,15.0,31.744211,0.0,0.0,0.0,30.0,0.0,0.0,67.8175,25.08,5.04
215,54,84.9,15.0,15.0,30.186764,0.0,0.0,0.0,30.0,0.0,0.0,58.5275,25.08,5.04
216,54,88.0,15.0,15.0,28.629317,0.0,0.0,0.0,30.0,0.0,93.81,62.315,25.08,5.04
217,55,75.54,15.0,15.0,27.071871,0.0,0.0,0.0,30.0,0.0,97.7425,44.36,26.04,4.32
218,55,86.76,15.0,15.0,25.514424,30.0,30.0,0.0,30.0,0.0,113.5,0.0,26.04,4.32
219,55,86.73,15.0,15.0,23.956977,0.0,0.0,0.0,30.0,0.0,89.9575,0.0,26.04,4.32
220,55,81.22,15.0,15.0,22.39953,0.0,0.0,0.0,30.0,0.0,0.0,65.885,26.04,4.32
221,56,80.48,15.0,15.0,20.842083,0.0,0.0,0.0,30.0,0.0,87.86,66.685,26.04,4.32
222,56,77.9,15.0,15.0,19.284637,0.0,0.0,0.0,30.0,0.0,80.005,52.375,26.04,4.32
223,56,79.3,15.0,15.0,17.72719,0.0,0.0,0.0,30.0,0.0,86.38,55.302499999999995,26.04,4.32
224,56,96.0,15.0,15.0,16.169743,0.0,0.0,0.0,30.0,0.0,97.10333333333334,31.744999999999983,26.04,4.32
225,57,132.52,15.0,15.0,14.612296,0.0,0.0,0.0,30.0,0.0,677.05,0.0,26.04,4.32
226,57,130.39,15.0,15.0,13.054849,0.0,0.0,0.0,30.0,0.0,625.0099999999998,66.78,26.04,4.32
227,57,111.21,15.0,15.0,11.497403,0.0,0.0,0.0,30.0,0.0,0.0,10.153333333333336,26.04,4.32
228,57,109.13,15.0,15.0,9.9399558,0.0,0.0,0.0,30.0,0.0,82.97,62.92,26.04,4.32
229,58,89.1,15.0,15.0,8.3825089,0.0,0.0,0.0,30.0,0.0,80.81,62.192499999999995,26.04,4.32
230,58,87.45,15.0,15.0,6.8250621,0.0,0.0,0.0,30.0,0.0,0.0,59.2875,26.04,4.32
231,58,84.9,15.0,15.0,5.2676153,0.0,0.0,0.0,30.0,0.0,90.86,34.126666666666665,26.04,4.32
232,58,106.34,15.0,15.0,3.7101685,0.0,0.0,0.0,30.0,0.0,97.92500000000001,49.995000000000005,26.04,4.32
233,59,127.94,24.01914,5.9808595,20.405927,0.0,18.038281,18.038281,11.961719,0.0,84.275,69.5,26.04,4.32
234,59,143.79,24.01914,5.9808595,37.101685,0.0,18.038281,18.038281,11.961719,0.0,84.17333333333333,0.0,26.04,4.32
235,59,140.0,24.01914,5.9808595,53.797444,0.0,18.038281,18.038281,11.961719,0.0,0.0,68.31,26.04,4.32
236,59,132.15,24.01914,5.9808595,70.493202,0.0,18.038281,18.038281,11.961719,0.0,72.7925,0.0,26.04,4.32
237,60,120.0,15.0,15.0,68.935755,0.0,0.0,0.0,30.0,0.0,1411.53,0.0,27.18,4.11
238,60,97.3,15.0,15.0,67.378308,0.0,0.0,0.0,30.0,0.0,78.535,0.0,27.18,4.11
239,60,91.3,15.0,15.0,65.820861,0.0,0.0,0.0,30.0,0.0,4.7299999999999995,0.0,27.18,4.11
240,60,82.31,15.0,15.0,64.263415,0.0,0.0,0.0,30.0,0.0,131.4975,0.0,27.18,4.11
241,61,91.75,15.0,15.0,62.705968,0.0,0.0,0.0,30.0,0.0,95.115,0.0,30.6,3.48
242,61,88.59,15.0,15.0,61.148521,0.0,0.0,0.0,30.0,0.0,81.59,0.0,30.6,3.48
243,61,87.25,15.0,15.0,59.591074,0.0,0.0,0.0,30.0,0.0,101.99,0.0,30.6,3.48
244,61,82.38,15.0,15.0,58.033627,0.0,0.0,0.0,30.0,0.0,90.365,0.0,30.6,3.48
245,62,81.2,15.0,15.0,56.476181,0.0,0.0,0.0,30.0,0.0,67.07,0.0,30.6,3.48
246,62,79.6,15.0,15.0,54.918734,0.0,0.0,0.0,30.0,0.0,81.71,64.71,30.6,3.48
247,62,90.0,15.0,15.0,53.361287,0.0,0.0,0.0,30.0,0.0,82.93666666666667,66.34,30.6,3.48
248,62,116.87,15.0,15.0,51.80384,0.0,0.0,0.0,30.0,0.0,63.64333333333333,0.0,30.6,3.48
249,63,141.0,15.0,15.0,50.246393,0.0,0.0,0.0,30.0,0.0,64.87,0.0,30.6,3.48
250,63,129.16,15.0,15.0,48.688947,0.0,0.0,0.0,30.0,0.0,88.45,0.0,30.6,3.48
251,63,113.65,15.0,15.0,47.1315,0.0,0.0,0.0,30.0,0.0,84.7575,0.0,30.6,3.48
252,63,106.48,15.0,15.0,45.574053,0.0,0.0,0.0,30.0,0.0,90.11333333333333,0.0,30.6,3.48
253,64,99.38,15.0,15.0,44.016606,0.0,0.0,0.0,30.0,0.0,70.275,0.0,30.6,3.48
254,64,99.0,15.0,15.0,42.459159,0.0,0.0,0.0,30.0,0.0,64.885,0.0,30.6,3.48
255,64,105.98,15.0,15.0,40.901712,0.0,0.0,0.0,30.0,0.0,47.5025,0.0,30.6,3.48
256,64,117.31,15.0,15.0,39.344266,0.0,0.0,0.0,30.0,0.0,85.9125,0.0,30.6,3.48
257,65,132.62,19.617325,10.382675,47.1315,0.0,9.234651,9.234651,20.765349,0.0,86.3675,0.0,30.6,3.48
258,65,147.06,19.617325,10.382675,54.918734,0.0,9.234651,9.234651,20.765349,0.0,65.07000000000001,0.0,30.6,3.48
259,65,136.7,19.617325,10.382675,62.705968,0.0,9.234651,9.234651,20.765349,0.0,47.754999999999995,0.0,30.6,3.48
260,65,132.31,19.617325,10.382675,70.493202,0.0,9.234651,9.234651,20.765349,0.0,50.2525,0.0,30.6,3.48
261,66,117.88,15.0,15.0,68.935755,0.0,0.0,0.0,30.0,0.0,88.2075,0.0,29.880000000000003,3.46
262,66,107.19,15.0,15.0,67.378308,30.0,30.0,0.0,30.0,0.0,67.9275,0.0,29.880000000000003,3.46
263,66,100.0,15.0,15.0,65.820861,0.0,0.0,0.0,30.0,0.0,80.1875,0.0,29.880000000000003,3.46
264,66,81.0,15.0,15.0,64.263415,0.0,0.0,0.0,30.0,0.0,84.83500000000001,71.79,29.880000000000003,3.46
265,67,82.12,15.0,15.0,62.705968,0.0,0.0,0.0,30.0,0.0,77.165,60.37,27.72,3.4
266,67,80.63,15.0,15.0,61.148521,0.0,0.0,0.0,30.0,0.0,82.27,79.39,27.72,3.4
267,67,83.13,15.0,15.0,59.591074,0.0,0.0,0.0,30.0,0.0,78.25,63.83,27.72,3.4
268,67,77.29,15.0,15.0,58.033627,0.0,0.0,0.0,30.0,0.0,88.285,0.0,27.72,3.4
269,68,78.0,15.0,15.0,56.476181,0.0,0.0,0.0,30.0,0.0,45.2475,0.0,27.72,3.4
270,68,79.18,15.0,15.0,54.918734,0.0,0.0,0.0,30.0,0.0,52.71000000000001,0.0,27.72,3.4
271,68,81.32,15.0,15.0,53.361287,0.0,0.0,0.0,30.0,0.0,132.925,0.0,27.72,3.4
272,68,118.2,15.0,15.0,51.80384,0.0,0.0,0.0,30.0,0.0,63.63250000000001,0.0,27.72,3.4
273,69,140.74,18.078217,11.921783,56.476181,0.0,6.156434,6.156434,23.843566,0.0,89.74,0.0,27.72,3.4
274,69,134.96,18.078217,11.921783,61.148521,0.0,6.156434,6.156434,23.843566,0.0,86.42999999999999,82.39,27.72,3.4
275,69,122.01,18.078217,11.921783,65.820861,0.0,6.156434,6.156434,23.843566,0.0,124.99000000000001,0.0,27.72,3.4
276,69,114.73,18.078217,11.921783,70.493202,0.0,6.156434,6.156434,23.843566,0.0,135.015,0.0,27.72,3.4
277,70,106.98,15.0,15.0,68.935755,30.0,30.0,0.0,30.0,0.0,91.6575,0.0,27.72,3.4
278,70,103.08,15.0,15.0,67.378308,0.0,0.0,0.0,30.0,0.0,65.5975,0.0,27.72,3.4
279,70,104.54,15.0,15.0,65.820861,0.0,0.0,0.0,30.0,0.0,100.375,0.0,27.72,3.4
280,70,110.0,15.0,15.0,64.263415,0.0,0.0,0.0,30.0,0.0,121.735,0.0,27.72,3.4
281,71,120.0,16.539108,13.460892,65.820861,0.0,3.078217,3.078217,26.921783,0.0,83.0975,0.0,27.72,3.4
282,71,127.5,16.539108,13.460892,67.378308,0.0,3.078217,3.078217,26.921783,0.0,113.2475,0.0,27.72,3.4
283,71,126.0,16.539108,13.460892,68.935755,0.0,3.078217,3.078217,26.921783,0.0,38.879999999999995,0.0,27.72,3.4
284,71,119.47,16.539108,13.460892,70.493202,0.0,3.078217,3.078217,26.921783,0.0,0.41,0.0,27.72,3.4
285,72,107.13,15.0,15.0,68.935755,0.0,0.0,0.0,30.0,0.0,53.980000000000004,0.0,26.66,4.26
286,72,91.7,15.0,15.0,67.378308,0.0,0.0,0.0,30.0,0.0,30.654999999999998,0.0,26.66,4.26
287,72,85.02,15.0,15.0,65.820861,0.0,0.0,0.0,30.0,0.0,87.86,0.0,26.66,4.26
288,72,82.49,15.0,15.0,64.263415,0.0,0.0,0.0,30.0,0.0,77.79,50.8,26.66,4.26
289,73,90.0,15.0,15.0,62.705968,0.0,0.0,0.0,30.0,0.0,9.443333333333333,39.94,23.48,6.84
290,73,85.43,15.0,15.0,61.148521,0.0,0.0,0.0,30.0,0.0,44.91,0.0,23.48,6.84
291,73,82.0,15.0,15.0,59.591074,0.0,0.0,0.0,30.0,0.0,59.4975,0.0,23.48,6.84
292,73,78.47,15.0,15.0,58.033627,0.0,0.0,0.0,30.0,0.0,201.6875,0.0,23.48,6.84
293,74,75.0,15.0,15.0,56.476181,0.0,0.0,0.0,30.0,0.0,73.36,57.29,23.48,6.84
294,74,74.94,15.0,15.0,54.918734,0.0,0.0,0.0,30.0,0.0,81.97,63.224999999999994,23.48,6.84
295,74,78.16,15.0,15.0,53.361287,0.0,0.0,0.0,30.0,0.0,83.175,71.44,23.48,6.84
296,74,77.9,15.0,15.0,51.80384,0.0,0.0,0.0,30.0,0.0,79.85,0.0,23.48,6.84
297,75,74.92,15.0,15.0,50.246393,0.0,0.0,0.0,30.0,0.0,0.0,56.09,23.48,6.84
298,75,85.4,15.0,15.0,48.688947,0.0,0.0,0.0,30.0,0.0,94.64,0.0,23.48,6.84
299,75,88.4,15.0,15.0,47.1315,0.0,0.0,0.0,30.0,0.0,989.2049999999999,0.0,23.48,6.84
300,75,86.1,15.0,15.0,45.574053,0.0,0.0,0.0,30.0,0.0,145.425,0.0,23.48,6.84
301,76,79.7,15.0,15.0,44.016606,0.0,0.0,0.0,30.0,0.0,99.3175,71.97,23.48,6.84
302,76,80.82,15.0,15.0,42.459159,0.0,0.0,0.0,30.0,0.0,77.655,0.0,23.48,6.84
303,76,81.5,15.0,15.0,40.901712,0.0,0.0,0.0,30.0,0.0,81.84666666666666,68.78,23.48,6.84
304,76,87.0,15.0,15.0,39.344266,0.0,0.0,0.0,30.0,0.0,0.0,71.88,23.48,6.84
305,77,97.3,15.0,15.0,37.786819,0.0,0.0,0.0,30.0,0.0,0.0,64.155,23.48,6.84
306,77,114.6,15.0,15.0,36.229372,0.0,0.0,0.0,30.0,0.0,82.24,65.39666666666668,23.48,6.84
307,77,102.8,15.0,15.0,34.671925,0.0,0.0,0.0,30.0,0.0,0.0,49.4625,23.48,6.84
308,77,84.6,15.0,15.0,33.114478,0.0,0.0,0.0,30.0,0.0,0.0,51.3575,23.48,6.84
309,78,75.47,15.0,15.0,31.557032,0.0,0.0,0.0,30.0,0.0,0.0,15.707499999999996,22.52,7.12
310,78,81.0,15.0,15.0,29.999585,0.0,0.0,0.0,30.0,0.0,0.0,54.2,22.52,7.12
311,78,85.0,15.0,15.0,28.442138,0.0,0.0,0.0,30.0,0.0,73.02,62.52,22.52,7.12
312,78,80.0,15.0,15.0,26.884691,0.0,0.0,0.0,30.0,0.0,0.0,60.7875,22.52,7.12
313,79,74.9,15.0,15.0,25.327244,0.0,0.0,0.0,30.0,0.0,0.0,42.535,19.64,7.96
314,79,74.01,15.0,15.0,23.769798,0.0,0.0,0.0,30.0,0.0,0.0,61.45666666666667,19.64,7.96
315,79,69.9,15.0,15.0,22.212351,0.0,0.0,0.0,30.0,0.0,80.34,45.24,19.64,7.96
316,79,68.24,15.0,15.0,20.654904,0.0,0.0,0.0,30.0,0.0,0.0,31.95,19.64,7.96
317,80,71.92,15.0,15.0,19.097457,0.0,0.0,0.0,30.0,0.0,0.0,38.73,19.64,7.96
318,80,80.0,15.0,15.0,17.54001,0.0,0.0,0.0,30.0,0.0,90.27666666666667,0.0,19.64,7.96
319,80,71.03,15.0,15.0,15.982564,0.0,0.0,0.0,30.0,0.0,85.67,61.72,19.64,7.96
320,80,75.92,15.0,15.0,14.425117,0.0,0.0,0.0,30.0,0.0,0.0,44.93,19.64,7.96
321,81,79.27,19.832836,10.167164,22.648507,0.0,9.665672,9.665672,0.0,20.334328,0.0,-18.0325,19.64,7.96
322,81,93.0,19.832836,10.167164,30.871898,0.0,9.665672,9.665672,0.0,20.334328,0.0,48.6875,19.64,7.96
323,81,97.11,19.832836,10.167164,39.095289,0.0,9.665672,9.665672,0.0,20.334328,0.0,67.52,19.64,7.96
324,81,87.2,19.832836,10.167164,47.318679,0.0,9.665672,9.665672,0.0,20.334328,70.9675,67.52,19.64,7.96
325,82,80.39,15.0,15.0,45.761232,0.0,0.0,0.0,30.0,0.0,144.3075,0.0,19.64,7.96
326,82,77.04,15.0,15.0,44.203786,0.0,0.0,0.0,30.0,0.0,80.27250000000001,0.0,19.64,7.96
327,82,79.15,15.0,15.0,42.646339,0.0,0.0,0.0,30.0,0.0,86.57000000000001,0.0,19.64,7.96
328,82,82.32,15.0,15.0,41.088892,0.0,0.0,0.0,30.0,0.0,62.72,0.0,19.64,7.96
329,83,86.62,15.0,15.0,39.531445,0.0,0.0,0.0,30.0,0.0,84.91333333333334,70.9,19.64,7.96
330,83,91.86,15.0,15.0,37.973998,0.0,0.0,0.0,30.0,0.0,90.51,0.0,19.64,7.96
331,83,94.9,15.0,15.0,36.416551,0.0,0.0,0.0,30.0,0.0,76.64,61.730000000000004,19.64,7.96
332,83,85.0,15.0,15.0,34.859105,0.0,0.0,0.0,30.0,0.0,82.69,0.0,19.64,7.96
333,84,79.06,15.0,15.0,33.301658,0.0,0.0,0.0,30.0,0.0,85.98333333333333,0.0,20.84,7.33
334,84,78.6,15.0,15.0,31.744211,0.0,0.0,0.0,30.0,0.0,73.72,70.1925,20.84,7.33
335,84,75.39,15.0,15.0,30.186764,0.0,0.0,0.0,30.0,0.0,75.61500000000001,68.86666666666666,20.84,7.33
336,84,67.19,15.0,15.0,28.629317,0.0,0.0,0.0,30.0,0.0,0.0,73.63,20.84,7.33
337,85,67.9,15.0,15.0,27.071871,0.0,0.0,0.0,30.0,0.0,71.40249999999999,0.0,24.44,5.44
338,85,65.0,15.0,15.0,25.514424,0.0,0.0,0.0,30.0,0.0,71.47,21.740000000000002,24.44,5.44
339,85,63.94,15.0,15.0,23.956977,0.0,0.0,0.0,30.0,0.0,78.16,0.0,24.44,5.44
340,85,62.04,15.0,15.0,22.39953,0.0,0.0,0.0,30.0,0.0,81.16666666666667,53.73,24.44,5.44
341,86,62.04,15.0,15.0,20.842083,30.0,30.0,0.0,30.0,0.0,91.63666666666667,18.73,24.44,5.44
342,86,69.25,15.0,15.0,19.284637,0.0,0.0,0.0,30.0,0.0,119.725,0.0,24.44,5.44
343,86,80.18,15.0,15.0,17.72719,0.0,0.0,0.0,30.0,0.0,117.58333333333333,47.85,24.44,5.44
344,86,84.4,15.0,15.0,16.169743,0.0,0.0,0.0,30.0,0.0,37.667500000000004,0.0,24.44,5.44
345,87,99.34,15.0,15.0,14.612296,0.0,0.0,0.0,30.0,0.0,42.1525,0.0,24.44,5.44
346,87,100.3,15.0,15.0,13.054849,0.0,0.0,0.0,30.0,0.0,51.974999999999994,0.0,24.44,5.44
347,87,94.89,15.0,15.0,11.497403,0.0,0.0,0.0,30.0,0.0,101.79666666666667,55.41,24.44,5.44
348,87,90.2,15.0,15.0,9.9399558,0.0,0.0,0.0,30.0,0.0,52.81666666666666,63.52,24.44,5.44
349,88,81.18,15.0,15.0,8.3825089,0.0,0.0,0.0,30.0,0.0,671.2375,0.0,24.44,5.44
350,88,82.2,15.0,15.0,6.8250621,0.0,0.0,0.0,30.0,0.0,161.575,0.0,24.44,5.44
351,88,84.6,15.0,15.0,5.2676153,0.0,0.0,0.0,30.0,0.0,27.69,70.33,24.44,5.44
352,88,89.57,15.0,15.0,3.7101685,30.0,30.0,0.0,30.0,0.0,0.0,63.8125,24.44,5.44
353,89,97.62,18.078217,11.921783,8.3825089,0.0,6.156434,6.156434,23.843566,0.0,0.0,76.52,24.44,5.44
354,89,106.51,18.078217,11.921783,13.054849,0.0,6.156434,6.156434,23.843566,0.0,69.36,74.52,24.44,5.44
355,89,112.81,18.078217,11.921783,17.72719,0.0,6.156434,6.156434,23.843566,0.0,154.8425,0.0,24.44,5.44
356,89,105.13,18.078217,11.921783,22.39953,0.0,6.156434,6.156434,23.843566,0.0,112.5675,0.0,24.44,5.44
357,90,94.4,15.0,15.0,20.842083,0.0,0.0,0.0,30.0,0.0,86.1925,0.0,24.040000000000003,5.05
358,90,79.04,15.0,15.0,19.284637,0.0,0.0,0.0,30.0,0.0,503.83500000000004,0.0,24.040000000000003,5.05
359,90,77.76,15.0,15.0,17.72719,0.0,0.0,0.0,30.0,0.0,38.4175,0.0,24.040000000000003,5.05
360,90,78.5,15.0,15.0,16.169743,0.0,0.0,0.0,30.0,0.0,0.42,30.52,24.040000000000003,5.05
361,91,68.0,15.0,15.0,14.612296,0.0,0.0,0.0,30.0,0.0,82.73,-30.0,22.84,3.88
362,91,76.51,15.0,15.0,13.054849,0.0,0.0,0.0,30.0,0.0,100.1525,0.0,22.84,3.88
363,91,77.43,15.0,15.0,11.497403,0.0,0.0,0.0,30.0,0.0,110.8375,0.0,22.84,3.88
364,91,76.82,15.0,15.0,9.9399558,0.0,0.0,0.0,30.0,0.0,85.995,53.735,22.84,3.88
365,92,73.05,15.0,15.0,8.3825089,0.0,0.0,0.0,30.0,0.0,85.12,54.52,22.84,3.88
366,92,72.61,15.0,15.0,6.8250621,0.0,0.0,0.0,30.0,0.0,0.0,57.735,22.84,3.88
367,92,92.4,15.0,15.0,5.2676153,0.0,0.0,0.0,30.0,0.0,132.4175,50.32,22.84,3.88
368,92,115.8,15.0,15.0,3.7101685,0.0,0.0,0.0,30.0,0.0,103.8925,0.0,22.84,3.88
369,93,144.11,24.01914,5.9808595,20.405927,0.0,18.038281,18.038281,11.961719,0.0,83.51,53.95,22.84,3.88
370,93,138.6,24.01914,5.9808595,37.101685,0.0,18.038281,18.038281,11.961719,0.0,80.69,63.86,22.84,3.88
371,93,122.0,24.01914,5.9808595,53.797444,0.0,18.038281,18.038281,11.961719,0.0,336.75250000000005,0.0,22.84,3.88
372,93,110.0,24.01914,5.9808595,70.493202,0.0,18.038281,18.038281,11.961719,0.0,63.153333333333336,61.36,22.84,3.88
373,94,88.0,15.0,15.0,68.935755,0.0,0.0,0.0,30.0,0.0,0.0,49.075,22.84,3.88
374,94,88.1,15.0,15.0,67.378308,0.0,0.0,0.0,30.0,0.0,82.08,72.19999999999999,22.84,3.88
375,94,84.0,15.0,15.0,65.820861,0.0,0.0,0.0,30.0,0.0,0.0,76.52,22.84,3.88
376,94,110.29,15.0,15.0,64.263415,0.0,0.0,0.0,30.0,0.0,95.92,82.19,22.84,3.88
377,95,111.69,15.0,15.0,62.705968,0.0,0.0,0.0,30.0,0.0,94.84333333333333,77.02,22.84,3.88
378,95,128.3,15.0,15.0,61.148521,0.0,0.0,0.0,30.0,0.0,0.0,64.2125,22.84,3.88
379,95,122.1,15.0,15.0,59.591074,0.0,0.0,0.0,30.0,0.0,0.0,40.7325,22.84,3.88
380,95,102.0,15.0,15.0,58.033627,0.0,0.0,0.0,30.0,0.0,0.0,44.85,22.84,3.88
381,96,89.97,15.0,15.0,56.476181,0.0,0.0,0.0,30.0,0.0,78.98,32.4575,23.49,3.67
382,96,84.0,15.0,15.0,54.918734,0.0,0.0,0.0,30.0,0.0,0.0,37.0425,23.49,3.67
383,96,82.21,15.0,15.0,53.361287,0.0,0.0,0.0,30.0,0.0,106.84333333333333,76.52,23.49,3.67
384,96,75.2,15.0,15.0,51.80384,0.0,0.0,0.0,30.0,0.0,0.0,47.4775,23.49,3.67
385,97,71.8,15.0,15.0,50.246393,0.0,0.0,0.0,30.0,0.0,74.43,44.6,25.44,3.04
386,97,71.65,15.0,15.0,48.688947,0.0,0.0,0.0,30.0,0.0,75.94,51.9,25.44,3.04
387,97,70.73,15.0,15.0,47.1315,0.0,0.0,0.0,30.0,0.0,75.33,51.25,25.44,3.04
388,97,69.79,15.0,15.0,45.574053,0.0,0.0,0.0,30.0,0.0,73.1275,50.5,25.44,3.04
389,98,69.54,15.0,15.0,44.016606,0.0,0.0,0.0,30.0,0.0,51.3575,0.0,25.44,3.04
390,98,71.31,15.0,15.0,42.459159,0.0,0.0,0.0,30.0,0.0,194.04500000000002,0.0,25.44,3.04
391,98,75.57,15.0,15.0,40.901712,0.0,0.0,0.0,30.0,0.0,57.010000000000005,0.0,25.44,3.04
392,98,84.94,15.0,15.0,39.344266,0.0,0.0,0.0,30.0,0.0,98.37,61.11333333333333,25.44,3.04
393,99,96.74,15.0,15.0,37.786819,0.0,0.0,0.0,30.0,0.0,0.0,53.53,25.44,3.04
394,99,106.18,15.0,15.0,36.229372,0.0,0.0,0.0,30.0,0.0,84.56,69.125,25.44,3.04
395,99,110.33,15.0,15.0,34.671925,0.0,0.0,0.0,30.0,0.0,70.4825,0.0,25.44,3.04
396,99,111.1,15.0,15.0,33.114478,0.0,0.0,0.0,30.0,0.0,74.905,0.0,25.44,3.04
397,100,113.74,15.0,15.0,31.557032,0.0,0.0,0.0,30.0,0.0,80.34,0.0,25.44,3.04
398,100,116.73,15.0,15.0,29.999585,0.0,0.0,0.0,30.0,0.0,66.72,0.0,25.44,3.04
399,100,118.0,15.0,15.0,28.442138,0.0,0.0,0.0,30.0,0.0,157.8075,0.0,25.44,3.04
400,100,122.62,15.0,15.0,26.884691,0.0,0.0,0.0,30.0,0.0,60.116666666666674,0.0,25.44,3.04
401,101,126.55,21.156434,8.843566,37.786819,0.0,12.312868,12.312868,17.687132,0.0,8.49,69.71000000000001,25.44,3.04
402,101,136.91,21.156434,8.843566,48.688947,0.0,12.312868,12.312868,17.687132,0.0,9.59,0.0,25.44,3.04
403,101,122.51,21.156434,8.843566,59.591074,0.0,12.312868,12.312868,17.687132,0.0,247.16500000000002,68.815,25.44,3.04
404,101,113.1,21.156434,8.843566,70.493202,0.0,12.312868,12.312868,17.687132,0.0,0.0,52.3575,25.44,3.04
405,102,99.16,15.0,15.0,68.935755,0.0,0.0,0.0,30.0,0.0,76.03,63.6025,24.900000000000002,2.99
406,102,93.73,15.0,15.0,67.378308,0.0,0.0,0.0,30.0,0.0,0.0,62.88,24.900000000000002,2.99
407,102,89.1,15.0,15.0,65.820861,0.0,0.0,0.0,30.0,0.0,0.0,67.53,24.900000000000002,2.99
408,102,83.21,15.0,15.0,64.263415,0.0,0.0,0.0,30.0,0.0,0.0,60.093333333333334,24.900000000000002,2.99
409,103,80.3,15.0,15.0,62.705968,0.0,0.0,0.0,30.0,0.0,0.0,50.18666666666667,23.28,2.84
410,103,76.99,15.0,15.0,61.148521,0.0,0.0,0.0,30.0,0.0,71.41,0.0,23.28,2.84
411,103,74.67,15.0,15.0,59.591074,0.0,0.0,0.0,30.0,0.0,8.35,60.955,23.28,2.84
412,103,74.18,15.0,15.0,58.033627,0.0,0.0,0.0,30.0,0.0,75.44,58.845,23.28,2.84
413,104,76.09,15.0,15.0,56.476181,0.0,0.0,0.0,30.0,0.0,102.44500000000001,55.52,23.28,2.84
414,104,77.6,15.0,15.0,54.918734,0.0,0.0,0.0,30.0,0.0,62.709999999999994,0.0,23.28,2.84
415,104,89.09,15.0,15.0,53.361287,0.0,0.0,0.0,30.0,0.0,86.68249999999999,55.52,23.28,2.84
416,104,109.23,15.0,15.0,51.80384,0.0,0.0,0.0,30.0,0.0,29.503333333333337,0.0,23.28,2.84
417,105,121.98,18.847771,11.152229,58.033627,0.0,7.6955425,7.6955425,22.304458,0.0,48.74333333333334,78.73,23.28,2.84
418,105,118.26,18.847771,11.152229,64.263415,0.0,7.6955425,7.6955425,22.304458,0.0,59.226666666666674,58.73,23.28,2.84
419,105,110.4,18.847771,11.152229,70.493202,0.0,7.6955425,7.6955425,22.304458,0.0,75.64333333333333,67.93,23.28,2.84
420,105,80.0,15.769554,14.230446,70.493202,0.0,1.5391085,1.5391085,22.304458,0.0,95.04333333333334,67.93,23.28,2.84
421,106,83.95,15.0,15.0,68.935755,0.0,0.0,0.0,30.0,0.0,0.0,59.06,23.28,2.84
422,106,70.64,15.0,15.0,67.378308,30.0,30.0,0.0,30.0,0.0,0.0,66.22999999999999,23.28,2.84
423,106,86.61,15.0,15.0,65.820861,0.0,0.0,0.0,30.0,0.0,66.925,0.0,23.28,2.84
424,106,85.8,15.0,15.0,64.263415,0.0,0.0,0.0,30.0,0.0,104.52,70.52,23.28,2.84
425,107,98.68,16.539108,13.460892,65.820861,0.0,3.078217,3.078217,26.921783,0.0,54.92333333333333,60.73,23.28,2.84
426,107,103.75,16.539108,13.460892,67.378308,0.0,3.078217,3.078217,26.921783,0.0,72.4075,0.0,23.28,2.84
427,107,103.35,16.539108,13.460892,68.935755,0.0,3.078217,3.078217,26.921783,0.0,82.0,0.0,23.28,2.84
428,107,87.85,16.539108,13.460892,70.493202,0.0,3.078217,3.078217,26.921783,0.0,85.1225,0.0,23.28,2.84
429,108,81.0,15.0,15.0,68.935755,0.0,0.0,0.0,30.0,0.0,70.83,64.5775,22.0,3.03
430,108,83.14,15.0,15.0,67.378308,0.0,0.0,0.0,30.0,0.0,76.59333333333333,64.52,22.0,3.03
431,108,76.63,15.0,15.0,65.820861,0.0,0.0,0.0,30.0,0.0,69.11666666666667,78.73,22.0,3.03
432,108,73.61,15.0,15.0,64.263415,0.0,0.0,0.0,30.0,0.0,0.0,37.3575,22.0,3.03
433,109,69.14,15.0,15.0,62.705968,0.0,0.0,0.0,30.0,0.0,0.88,18.715000000000003,18.16,3.6
434,109,66.26,15.0,15.0,61.148521,0.0,0.0,0.0,30.0,0.0,49.33666666666667,57.08,18.16,3.6
435,109,63.0,15.0,15.0,59.591074,30.0,30.0,0.0,30.0,0.0,80.16499999999999,59.155,18.16,3.6
436,109,62.76,15.0,15.0,58.033627,0.0,0.0,0.0,30.0,0.0,72.6375,68.73,18.16,3.6
437,110,63.32,15.0,15.0,56.476181,0.0,0.0,0.0,30.0,0.0,104.575,65.48,18.16,3.6
438,110,66.9,15.0,15.0,54.918734,30.0,30.0,0.0,30.0,0.0,543.7125000000001,68.73,18.16,3.6
439,110,76.49,15.0,15.0,53.361287,0.0,0.0,0.0,30.0,0.0,76.925,63.712500000000006,18.16,3.6
440,110,86.0,15.0,15.0,51.80384,0.0,0.0,0.0,30.0,0.0,51.48500000000001,58.38,18.16,3.6
441,111,104.27,15.21551,14.78449,50.68255,0.0,0.431021,0.431021,29.568979,0.0,59.43750000000001,58.52,18.16,3.6
442,111,99.91,15.21551,14.78449,49.56126,0.0,0.431021,0.431021,29.568979,0.0,66.035,58.52,18.16,3.6
443,111,87.53,15.21551,14.78449,48.439969,0.0,0.431021,0.431021,29.568979,0.0,289.2866666666667,58.440000000000005,18.16,3.6
444,111,84.0,15.21551,14.78449,47.318679,0.0,0.431021,0.431021,29.568979,0.0,0.0,32.635000000000005,18.16,3.6
445,112,72.21,15.0,15.0,45.761232,0.0,0.0,0.0,30.0,0.0,6.82,34.2975,18.16,3.6
446,112,73.36,15.0,15.0,44.203786,0.0,0.0,0.0,30.0,0.0,79.31,47.99,18.16,3.6
447,112,75.22,15.0,15.0,42.646339,0.0,0.0,0.0,30.0,0.0,0.0,22.93,18.16,3.6
448,112,73.04,15.0,15.0,41.088892,0.0,0.0,0.0,30.0,0.0,71.25,52.07,18.16,3.6
449,113,84.9,15.0,15.0,39.531445,0.0,0.0,0.0,30.0,0.0,84.86,55.36,18.16,3.6
450,113,93.75,15.0,15.0,37.973998,0.0,0.0,0.0,30.0,0.0,74.44,61.682500000000005,18.16,3.6
451,113,87.9,15.0,15.0,36.416551,0.0,0.0,0.0,30.0,0.0,0.0,63.9475,18.16,3.6
452,113,74.9,15.0,15.0,34.859105,0.0,0.0,0.0,30.0,0.0,0.0,48.379999999999995,18.16,3.6
453,114,72.95,15.0,15.0,33.301658,0.0,0.0,0.0,30.0,0.0,0.0,52.2125,18.23,4.46
454,114,71.12,15.0,15.0,31.744211,0.0,0.0,0.0,30.0,0.0,7.525,38.730000000000004,18.23,4.46
455,114,68.64,15.0,15.0,30.186764,0.0,0.0,0.0,30.0,0.0,6.970000000000001,51.92,18.23,4.46
456,114,64.75,15.0,15.0,28.629317,0.0,0.0,0.0,30.0,0.0,31.029999999999998,51.0175,18.23,4.46
457,115,66.0,15.0,15.0,27.071871,0.0,0.0,0.0,30.0,0.0,10.08,50.52,18.44,7.04
458,115,67.51,15.0,15.0,25.514424,0.0,0.0,0.0,30.0,0.0,0.0,48.2,18.44,7.04
459,115,63.54,15.0,15.0,23.956977,0.0,0.0,0.0,30.0,0.0,46.8725,0.0,18.44,7.04
460,115,61.82,15.0,15.0,22.39953,30.0,30.0,0.0,30.0,0.0,82.215,0.0,18.44,7.04
461,116,61.85,15.0,15.0,20.842083,30.0,30.0,0.0,30.0,0.0,100.22500000000001,0.0,18.44,7.04
462,116,61.75,15.0,15.0,19.284637,30.0,30.0,0.0,30.0,0.0,68.52000000000001,0.0,18.44,7.04
463,116,62.59,15.0,15.0,17.72719,0.0,0.0,0.0,30.0,0.0,91.5875,39.6,18.44,7.04
464,116,66.9,15.0,15.0,16.169743,0.0,0.0,0.0,30.0,0.0,84.075,54.52,18.44,7.04
465,117,74.82,15.0,15.0,14.612296,0.0,0.0,0.0,30.0,0.0,69.96000000000001,0.0,18.44,7.04
466,117,77.9,15.0,15.0,13.054849,0.0,0.0,0.0,30.0,0.0,82.01,0.0,18.44,7.04
467,117,71.8,15.0,15.0,11.497403,0.0,0.0,0.0,30.0,0.0,227.72333333333333,56.635000000000005,18.44,7.04
468,117,69.6,15.0,15.0,9.9399558,0.0,0.0,0.0,30.0,0.0,84.74,52.48,18.44,7.04
469,118,64.89,15.0,15.0,8.3825089,0.0,0.0,0.0,30.0,0.0,124.89,0.13333333333333286,18.44,7.04
470,118,66.9,15.0,15.0,6.8250621,0.0,0.0,0.0,30.0,0.0,92.75,-53.870000000000005,18.44,7.04
471,118,73.37,15.0,15.0,5.2676153,0.0,0.0,0.0,30.0,0.0,77.58,26.03,18.44,7.04
472,118,79.14,15.0,15.0,3.7101685,0.0,0.0,0.0,30.0,0.0,135.1,0.0,18.44,7.04
473,119,87.86,24.01914,5.9808595,20.405927,0.0,18.038281,18.038281,11.961719,0.0,156.7025,0.0,18.44,7.04
474,119,94.98,24.01914,5.9808595,37.101685,0.0,18.038281,18.038281,11.961719,0.0,0.0,36.84666666666668,18.44,7.04
475,119,99.89,24.01914,5.9808595,53.797444,0.0,18.038281,18.038281,11.961719,0.0,0.0,49.91,18.44,7.04
476,119,91.57,24.01914,5.9808595,70.493202,0.0,18.038281,18.038281,11.961719,0.0,0.0,40.525,18.44,7.04
477,120,80.0,15.21551,14.78449,69.371912,0.0,0.431021,0.431021,29.568979,0.0,76.51,58.635,20.150000000000002,7.67
478,120,75.72,15.21551,14.78449,68.250621,0.0,0.431021,0.431021,29.568979,0.0,73.51,52.6925,20.150000000000002,7.67
479,120,70.42,15.21551,14.78449,67.129331,0.0,0.431021,0.431021,29.568979,0.0,0.0,67.26333333333334,20.150000000000002,7.67
480,120,69.13,15.21551,14.78449,66.008041,0.0,0.431021,0.431021,29.568979,0.0,62.18666666666666,54.75,20.150000000000002,7.67
481,121,62.5,15.0,15.0,64.450594,0.0,0.0,0.0,30.0,0.0,46.57,-11.65,25.28,9.56
482,121,57.0,15.0,15.0,62.893147,0.0,0.0,0.0,30.0,0.0,78.745,11.75,25.28,9.56
483,121,55.15,15.0,15.0,61.3357,0.0,0.0,0.0,30.0,0.0,80.5525,17.75,25.28,9.56
484,121,50.89,15.0,15.0,59.778254,0.0,0.0,0.0,30.0,0.0,73.455,0.0,25.28,9.56
485,122,48.31,15.0,15.0,58.220807,0.0,0.0,0.0,30.0,0.0,0.0,15.75,25.28,9.56
486,122,46.94,15.0,15.0,56.66336,0.0,0.0,0.0,30.0,0.0,73.67,-22.25,25.28,9.56
487,122,45.0,15.0,15.0,55.105913,0.0,0.0,0.0,30.0,0.0,74.73,-11.65,25.28,9.56
488,122,42.17,15.0,15.0,53.548466,0.0,0.0,0.0,30.0,0.0,72.565,-0.5800000000000018,25.28,9.56
489,123,51.0,15.0,15.0,51.99102,0.0,0.0,0.0,30.0,0.0,53.03666666666666,18.43,25.28,9.56
490,123,60.0,15.0,15.0,50.433573,0.0,0.0,0.0,30.0,0.0,73.03,16.02,25.28,9.56
491,123,59.09,15.0,15.0,48.876126,0.0,0.0,0.0,30.0,0.0,0.0,51.52,25.28,9.56
492,123,56.24,15.0,15.0,47.318679,0.0,0.0,0.0,30.0,0.0,80.79666666666667,0.0,25.28,9.56
493,124,59.9,15.0,15.0,45.761232,0.0,0.0,0.0,30.0,0.0,81.195,0.0,25.28,9.56
494,124,52.74,15.0,15.0,44.203786,0.0,0.0,0.0,30.0,0.0,80.95,0.0,25.28,9.56
495,124,55.84,15.0,15.0,42.646339,0.0,0.0,0.0,30.0,0.0,75.765,18.43,25.28,9.56
496,124,57.21,15.0,15.0,41.088892,0.0,0.0,0.0,30.0,0.0,86.5325,5.612499999999999,25.28,9.56
497,125,55.53,15.0,15.0,39.531445,0.0,0.0,0.0,30.0,0.0,62.66749999999999,-55.9775,25.28,9.56
498,125,68.79,15.0,15.0,37.973998,0.0,0.0,0.0,30.0,0.0,6.6475,-54.785,25.28,9.56
499,125,82.0,15.0,15.0,36.416551,0.0,0.0,0.0,30.0,0.0,77.91499999999999,-3.0600000000000023,25.28,9.56
500,125,64.0,15.0,15.0,34.859105,0.0,0.0,0.0,30.0,0.0,0.0,-9.5075,25.28,9.56
501,126,60.2,15.0,15.0,33.301658,0.0,0.0,0.0,30.0,0.0,0.0,-25.605,26.68,13.469999999999999
502,126,57.0,15.0,15.0,31.744211,0.0,0.0,0.0,30.0,0.0,0.0,-7.734999999999999,26.68,13.469999999999999
503,126,54.26,15.0,15.0,30.186764,0.0,0.0,0.0,30.0,0.0,6.76,-11.58,26.68,13.469999999999999
504,126,53.27,15.0,15.0,28.629317,0.0,0.0,0.0,30.0,0.0,0.0,-11.58,26.68,13.469999999999999
505,127,44.08,15.0,15.0,27.071871,0.0,0.0,0.0,30.0,0.0,73.48333333333333,-26.5475,30.88,25.2
506,127,49.99,15.0,15.0,25.514424,0.0,0.0,0.0,30.0,0.0,75.99,-109.29,30.88,25.2
507,127,45.0,15.0,15.0,23.956977,0.0,0.0,0.0,30.0,0.0,0.0,-11.595,30.88,25.2
508,127,27.92,15.0,15.0,22.39953,0.0,0.0,0.0,30.0,0.0,0.0,-22.7675,30.88,25.2
509,128,18.0,15.0,15.0,20.842083,0.0,0.0,0.0,30.0,0.0,70.95,-14.05,30.88,25.2
510,128,20.5,15.0,15.0,19.284637,0.0,0.0,0.0,30.0,0.0,239.78,0.0,30.88,25.2
511,128,42.27,15.0,15.0,17.72719,0.0,0.0,0.0,30.0,0.0,450.95000000000005,0.0,30.88,25.2
512,128,68.5,15.0,15.0,16.169743,0.0,0.0,0.0,30.0,0.0,718.6724999999999,-15.51,30.88,25.2
513,129,130.0,15.0,15.0,14.612296,0.0,0.0,0.0,30.0,0.0,82.975,-40.085,30.88,25.2
514,129,89.6,15.0,15.0,13.054849,0.0,0.0,0.0,30.0,0.0,103.0575,-60.0775,30.88,25.2
515,129,74.34,15.0,15.0,11.497403,30.0,30.0,0.0,30.0,0.0,691.74,2.8233333333333377,30.88,25.2
516,129,60.6,15.0,15.0,9.9399558,0.0,0.0,0.0,30.0,0.0,166.29,-66.27250000000001,30.88,25.2
517,130,57.01,15.0,15.0,8.3825089,0.0,0.0,0.0,30.0,0.0,0.0,-178.9175,30.88,25.2
518,130,56.52,15.0,15.0,6.8250621,0.0,0.0,0.0,30.0,0.0,0.0,-82.795,30.88,25.2
519,130,58.55,15.0,15.0,5.2676153,0.0,0.0,0.0,30.0,0.0,87.21000000000001,-16.81,30.88,25.2
520,130,60.47,15.0,15.0,3.7101685,0.0,0.0,0.0,30.0,0.0,43.88999999999999,-27.84,30.88,25.2
521,131,67.0,24.01914,5.9808595,20.405927,0.0,18.038281,18.038281,11.961719,0.0,59.815,5.205000000000002,30.88,25.2
522,131,88.77,24.01914,5.9808595,37.101685,0.0,18.038281,18.038281,11.961719,0.0,117.4025,-63.43,30.88,25.2
523,131,110.3,24.01914,5.9808595,53.797444,0.0,18.038281,18.038281,11.961719,0.0,84.02,29.69666666666667,30.88,25.2
524,131,98.1,24.01914,5.9808595,70.493202,0.0,18.038281,18.038281,11.961719,0.0,80.11333333333333,10.600000000000001,30.88,25.2
525,132,67.43,15.0,15.0,68.935755,0.0,0.0,0.0,30.0,0.0,66.945,-21.915,29.810000000000002,24.38
526,132,64.41,15.0,15.0,67.378308,0.0,0.0,0.0,30.0,0.0,86.995,-19.84,29.810000000000002,24.38
527,132,56.22,15.0,15.0,65.820861,0.0,0.0,0.0,30.0,0.0,83.58,-30.09,29.810000000000002,24.38
528,132,50.35,15.0,15.0,64.263415,30.0,30.0,0.0,30.0,0.0,0.0,-31.050000000000004,29.810000000000002,24.38
529,133,16.84,9.0590765,20.940923,50.68255,11.881847,0.0,-11.881847,18.118153,0.0,0.0,-2.104999999999997,26.6,21.92
530,133,10.99,9.0590765,20.940923,37.101685,11.881847,0.0,-11.881847,18.118153,0.0,0.0,-17.7075,26.6,21.92
531,133,10.0,9.0590765,20.940923,23.52082,11.881847,0.0,-11.881847,18.118153,0.0,0.0,42.2575,26.6,21.92
532,133,5.0,9.0590765,20.940923,9.9399558,11.881847,0.0,-11.881847,18.118153,0.0,0.0,10.4825,26.6,21.92
533,134,10.84,15.0,15.0,8.3825089,30.0,30.0,0.0,30.0,0.0,0.0,-9.9575,26.6,21.92
534,134,39.51,15.0,15.0,6.8250621,0.0,0.0,0.0,30.0,0.0,0.0,-6.870000000000001,26.6,21.92
535,134,61.51,15.0,15.0,5.2676153,30.0,30.0,0.0,30.0,0.0,77.58,17.375,26.6,21.92
536,134,88.25,15.0,15.0,3.7101685,0.0,0.0,0.0,30.0,0.0,134.39000000000001,43.59,26.6,21.92
537,135,115.8,24.01914,5.9808595,20.405927,0.0,18.038281,18.038281,11.961719,0.0,200.37750000000005,0.0,26.6,21.92
538,135,96.68,24.01914,5.9808595,37.101685,0.0,18.038281,18.038281,11.961719,0.0,0.0,-14.43,26.6,21.92
539,135,80.9,24.01914,5.9808595,53.797444,0.0,18.038281,18.038281,11.961719,0.0,0.0,-119.34500000000001,26.6,21.92
540,135,65.0,24.01914,5.9808595,70.493202,0.0,18.038281,18.038281,11.961719,0.0,0.0,-124.73,26.6,21.92
541,136,64.13,15.0,15.0,68.935755,0.0,0.0,0.0,30.0,0.0,0.0,9.235,26.6,21.92
542,136,63.36,15.0,15.0,67.378308,30.0,30.0,0.0,30.0,0.0,82.38,-14.287500000000005,26.6,21.92
543,136,70.02,15.0,15.0,65.820861,30.0,30.0,0.0,30.0,0.0,91.455,0.0,26.6,21.92
544,136,74.3,15.0,15.0,64.263415,0.0,0.0,0.0,30.0,0.0,82.28,54.1,26.6,21.92
545,137,77.19,16.539108,13.460892,65.820861,0.0,3.078217,3.078217,26.921783,0.0,0.0,20.0125,26.6,21.92
546,137,81.81,16.539108,13.460892,67.378308,0.0,3.078217,3.078217,26.921783,0.0,0.0,49.52,26.6,21.92
547,137,84.89,16.539108,13.460892,68.935755,0.0,3.078217,3.078217,26.921783,0.0,80.84,48.9125,26.6,21.92
548,137,75.35,16.539108,13.460892,70.493202,0.0,3.078217,3.078217,26.921783,0.0,51.26333333333333,60.595,26.6,21.92
549,138,65.0,15.0,15.0,68.935755,0.0,0.0,0.0,30.0,0.0,62.43,37.2925,26.96,23.85
550,138,63.2,15.0,15.0,67.378308,0.0,0.0,0.0,30.0,0.0,62.85,33.5325,26.96,23.85
551,138,53.4,15.0,15.0,65.820861,0.0,0.0,0.0,30.0,0.0,100.49,37.8,26.96,23.85
552,138,35.0,15.0,15.0,64.263415,0.0,0.0,0.0,30.0,0.0,0.0,19.8,26.96,23.85
553,139,4.85,14.061179,15.938821,60.805954,30.0,28.122358,-1.8776420000000016,28.122358,0.0,961.6199999999999,-24.866666666666667,28.04,29.64
554,139,2.12,14.061179,15.938821,57.348494,30.0,28.122358,-1.8776420000000016,28.122358,0.0,606.615,43.4,28.04,29.64
555,139,0.0,14.061179,15.938821,53.891033,1.8776417,0.0,-1.8776417,28.122358,0.0,40.29,-25.64,28.04,29.64
556,139,-3.89,14.061179,15.938821,50.433573,30.0,28.122358,-1.8776420000000016,28.122358,0.0,42.599999999999994,-54.585,28.04,29.64
557,140,-5.0,8.0740118,21.925988,34.859105,13.851976,0.0,-13.851976,16.148024,0.0,6.09,-30.58,28.04,29.64
558,140,0.0,8.0740118,21.925988,19.284637,13.851976,0.0,-13.851976,16.148024,0.0,63.29,-65.76666666666667,28.04,29.64
559,140,16.65,8.0740118,21.925988,3.7101685,13.851976,0.0,-13.851976,16.148024,0.0,54.254999999999995,0.0,28.04,29.64
560,140,67.5,21.925988,8.0740118,16.169743,0.0,13.851976,13.851976,16.148024,0.0,643.1700000000001,4.82,28.04,29.64
561,141,95.0,15.0,15.0,14.612296,0.0,0.0,0.0,30.0,0.0,1243.5,21.302499999999995,28.04,29.64
562,141,93.33,15.0,15.0,13.054849,0.0,0.0,0.0,30.0,0.0,517.8175,-74.39000000000001,28.04,29.64
563,141,68.0,15.0,15.0,11.497403,30.0,30.0,0.0,30.0,0.0,24.99,-107.47250000000003,28.04,29.64
564,141,52.21,15.0,15.0,9.9399558,0.0,0.0,0.0,30.0,0.0,5.1,-106.3675,28.04,29.64
565,142,39.32,15.0,15.0,8.3825089,0.0,0.0,0.0,30.0,0.0,1261.13,-55.345,28.04,29.64
566,142,38.3,15.0,15.0,6.8250621,0.0,0.0,0.0,30.0,0.0,26.746666666666663,30.54,28.04,29.64
567,142,46.5,15.0,15.0,5.2676153,0.0,0.0,0.0,30.0,0.0,7.91,-84.82749999999999,28.04,29.64
568,142,68.43,15.0,15.0,3.7101685,0.0,0.0,0.0,30.0,0.0,23.7925,-119.78,28.04,29.64
569,143,80.0,18.078217,11.921783,8.3825089,0.0,6.156434,6.156434,23.843566,0.0,0.79,-119.88499999999999,28.04,29.64
570,143,98.0,18.078217,11.921783,13.054849,0.0,6.156434,6.156434,23.843566,0.0,21.385000000000005,55.47,28.04,29.64
571,143,92.72,18.078217,11.921783,17.72719,0.0,6.156434,6.156434,23.843566,0.0,157.3,0.0,28.04,29.64
572,143,100.1,18.078217,11.921783,22.39953,0.0,6.156434,6.156434,23.843566,0.0,60.0,21.88,28.04,29.64
573,144,84.0,15.0,15.0,20.842083,0.0,0.0,0.0,30.0,0.0,0.0,-12.350000000000001,27.67,24.580000000000002
574,144,81.99,15.0,15.0,19.284637,0.0,0.0,0.0,30.0,0.0,0.0,-16.03,27.67,24.580000000000002
575,144,71.8,15.0,15.0,17.72719,0.0,0.0,0.0,30.0,0.0,0.0,11.284999999999993,27.67,24.580000000000002
576,144,81.8,15.0,15.0,16.169743,0.0,0.0,0.0,30.0,0.0,0.0,6.880000000000001,27.67,24.580000000000002
577,145,64.9,15.0,15.0,14.612296,0.0,0.0,0.0,30.0,0.0,0.0,20.384999999999998,26.56,9.4
578,145,56.1,15.0,15.0,13.054849,30.0,30.0,0.0,30.0,0.0,0.0,12.997500000000002,26.56,9.4
579,145,67.2,15.0,15.0,11.497403,30.0,30.0,0.0,30.0,0.0,0.0,45.0125,26.56,9.4
580,145,75.0,15.0,15.0,9.9399558,0.0,0.0,0.0,30.0,0.0,0.0,14.535,26.56,9.4
581,146,75.31,15.0,15.0,8.3825089,0.0,0.0,0.0,30.0,0.0,0.0,48.245000000000005,26.56,9.4
582,146,75.9,15.0,15.0,6.8250621,0.0,0.0,0.0,30.0,0.0,0.0,-5.059999999999999,26.56,9.4
583,146,78.58,15.0,15.0,5.2676153,0.0,0.0,0.0,30.0,0.0,0.0,-10.053333333333338,26.56,9.4
584,146,92.1,15.0,15.0,3.7101685,0.0,0.0,0.0,30.0,0.0,0.0,60.44,26.56,9.4
585,147,103.02,16.539108,13.460892,5.2676153,0.0,3.078217,3.078217,26.921783,0.0,0.0,55.3525,26.56,9.4
586,147,94.0,16.539108,13.460892,6.8250621,0.0,3.078217,3.078217,26.921783,0.0,0.0,22.305,26.56,9.4
587,147,83.96,16.539108,13.460892,8.3825089,0.0,3.078217,3.078217,26.921783,0.0,0.0,54.125,26.56,9.4
588,147,78.66,16.539108,13.460892,9.9399558,0.0,3.078217,3.078217,26.921783,0.0,0.0,48.1575,26.56,9.4
589,148,74.95,15.0,15.0,8.3825089,0.0,0.0,0.0,30.0,0.0,0.0,19.830000000000002,26.56,9.4
590,148,76.55,15.0,15.0,6.8250621,0.0,0.0,0.0,30.0,0.0,0.0,-9.687499999999986,26.56,9.4
591,148,84.22,15.0,15.0,5.2676153,0.0,0.0,0.0,30.0,0.0,133.49666666666667,20.48,26.56,9.4
592,148,88.61,15.0,15.0,3.7101685,0.0,0.0,0.0,30.0,0.0,85.49,44.07,26.56,9.4
593,149,96.98,24.01914,5.9808595,20.405927,0.0,18.038281,18.038281,11.961719,0.0,74.96000000000001,42.84,26.56,9.4
594,149,116.0,24.01914,5.9808595,37.101685,0.0,18.038281,18.038281,11.961719,0.0,0.0,45.917500000000004,26.56,9.4
595,149,112.4,24.01914,5.9808595,53.797444,0.0,18.038281,18.038281,11.961719,0.0,0.0,56.745000000000005,26.56,9.4
596,149,98.53,24.01914,5.9808595,70.493202,0.0,18.038281,18.038281,11.961719,0.0,24.155,65.87,26.56,9.4
597,150,79.91,15.0,15.0,68.935755,0.0,0.0,0.0,30.0,0.0,0.0,55.465,25.79,10.41
598,150,84.28,15.0,15.0,67.378308,0.0,0.0,0.0,30.0,0.0,51.12666666666667,0.0,25.79,10.41
599,150,79.4,15.0,15.0,65.820861,0.0,0.0,0.0,30.0,0.0,74.79333333333334,31.21,25.79,10.41
600,150,74.17,15.0,15.0,64.263415,0.0,0.0,0.0,30.0,0.0,0.0,7.2875,25.79,10.41
601,151,62.8,15.0,15.0,62.705968,0.0,0.0,0.0,30.0,0.0,69.63,-69.73000000000002,23.48,13.44
602,151,62.0,15.0,15.0,61.148521,0.0,0.0,0.0,30.0,0.0,0.0,16.28,23.48,13.44
603,151,58.49,15.0,15.0,59.591074,0.0,0.0,0.0,30.0,0.0,7.87,47.8,23.48,13.44
604,151,54.79,15.0,15.0,58.033627,0.0,0.0,0.0,30.0,0.0,47.125,36.7025,23.48,13.44
605,152,47.4,15.0,15.0,56.476181,0.0,0.0,0.0,30.0,0.0,0.0,-9.302500000000002,23.48,13.44
606,152,50.87,15.0,15.0,54.918734,0.0,0.0,0.0,30.0,0.0,0.0,-0.46000000000000085,23.48,13.44
607,152,58.15,15.0,15.0,53.361287,30.0,30.0,0.0,30.0,0.0,0.0,32.4825,23.48,13.44
608,152,71.98,15.0,15.0,51.80384,0.0,0.0,0.0,30.0,0.0,0.0,0.03249999999999886,23.48,13.44
609,153,77.45,15.0,15.0,50.246393,0.0,0.0,0.0,30.0,0.0,40.870000000000005,9.31499999999999,23.48,13.44
610,153,80.1,15.0,15.0,48.688947,0.0,0.0,0.0,30.0,0.0,0.0,61.22,23.48,13.44
611,153,71.34,15.0,15.0,47.1315,0.0,0.0,0.0,30.0,0.0,67.59,25.775000000000006,23.48,13.44
612,153,58.94,15.0,15.0,45.574053,0.0,0.0,0.0,30.0,0.0,0.0,-25.564999999999998,23.48,13.44
613,154,52.08,10.598185,19.401815,35.108082,8.80363,0.0,-8.80363,21.19637,0.0,7.98,48.8625,23.48,13.44
614,154,46.3,10.598185,19.401815,24.642111,8.80363,0.0,-8.80363,21.19637,0.0,94.58749999999998,49.58,23.48,13.44
615,154,50.0,10.598185,19.401815,14.17614,8.80363,0.0,-8.80363,21.19637,0.0,64.46000000000001,-36.65,23.48,13.44
616,154,51.17,10.598185,19.401815,3.7101685,8.80363,0.0,-8.80363,21.19637,0.0,23.025000000000006,-51.85,23.48,13.44
617,155,75.0,15.769554,14.230446,3.7101685,0.0,1.5391085,1.5391085,6.4619949,0.0,28.856666666666666,27.794999999999995,23.48,13.44
618,155,95.0,26.769003,3.2309975,25.97118,0.0,23.538005,23.538005,6.4619949,0.0,0.0,43.260000000000005,23.48,13.44
619,155,135.57,26.769003,3.2309975,48.232191,0.0,23.538005,23.538005,6.4619949,0.0,0.0,44.09,23.48,13.44
620,155,111.12,26.769003,3.2309975,70.493202,0.0,23.538005,23.538005,6.4619949,0.0,0.0,15.287500000000001,23.48,13.44
621,156,95.8,15.0,15.0,68.935755,30.0,30.0,0.0,30.0,0.0,0.0,47.44,23.58,12.32
622,156,82.0,15.0,15.0,67.378308,0.0,0.0,0.0,30.0,0.0,7.36,44.4,23.58,12.32
623,156,84.2,15.0,15.0,65.820861,0.0,0.0,0.0,30.0,0.0,0.0,44.4,23.58,12.32
624,156,79.36,15.0,15.0,64.263415,0.0,0.0,0.0,30.0,0.0,0.0,39.7075,23.58,12.32
625,157,74.5,15.0,15.0,62.705968,0.0,0.0,0.0,30.0,0.0,0.0,41.985,23.88,8.96
626,157,68.9,15.0,15.0,61.148521,0.0,0.0,0.0,30.0,0.0,0.0,45.0775,23.88,8.96
627,157,65.9,15.0,15.0,59.591074,0.0,0.0,0.0,30.0,0.0,0.0,46.95,23.88,8.96
628,157,59.0,15.0,15.0,58.033627,0.0,0.0,0.0,30.0,0.0,0.0,55.9875,23.88,8.96
629,158,56.49,15.0,15.0,56.476181,0.0,0.0,0.0,30.0,0.0,0.0,23.9625,23.88,8.96
630,158,58.58,15.0,15.0,54.918734,0.0,0.0,0.0,30.0,0.0,0.0,-17.9125,23.88,8.96
631,158,59.98,15.0,15.0,53.361287,0.0,0.0,0.0,30.0,0.0,0.0,-55.6175,23.88,8.96
632,158,66.9,15.0,15.0,51.80384,0.0,0.0,0.0,30.0,0.0,0.0,41.72,23.88,8.96
633,159,86.76,15.0,15.0,50.246393,0.0,0.0,0.0,30.0,0.0,73.05,43.2,23.88,8.96
634,159,86.2,15.0,15.0,48.688947,0.0,0.0,0.0,30.0,0.0,78.05,4.646666666666668,23.88,8.96
635,159,80.17,15.0,15.0,47.1315,0.0,0.0,0.0,30.0,0.0,0.0,-25.602500000000003,23.88,8.96
636,159,60.33,15.0,15.0,45.574053,0.0,0.0,0.0,30.0,0.0,0.0,-135.7975,23.88,8.96
637,160,55.84,15.0,15.0,44.016606,0.0,0.0,0.0,30.0,0.0,0.0,-137.52,23.88,8.96
638,160,53.88,15.0,15.0,42.459159,0.0,0.0,0.0,30.0,0.0,0.0,9.217500000000001,23.88,8.96
639,160,59.73,15.0,15.0,40.901712,0.0,0.0,0.0,30.0,0.0,101.485,21.099999999999998,23.88,8.96
640,160,78.2,15.0,15.0,39.344266,0.0,0.0,0.0,30.0,0.0,86.065,58.05,23.88,8.96
641,161,82.4,19.617325,10.382675,47.1315,0.0,9.234651,9.234651,20.765349,0.0,0.0,-18.9075,23.88,8.96
642,161,91.22,19.617325,10.382675,54.918734,0.0,9.234651,9.234651,20.765349,0.0,0.0,-42.49249999999998,23.88,8.96
643,161,95.97,19.617325,10.382675,62.705968,0.0,9.234651,9.234651,20.765349,0.0,0.0,33.215,23.88,8.96
644,161,92.62,19.617325,10.382675,70.493202,0.0,9.234651,9.234651,20.765349,0.0,0.0,50.28,23.88,8.96
645,162,84.43,15.0,15.0,68.935755,0.0,0.0,0.0,30.0,0.0,0.0,49.322500000000005,23.8,9.15
646,162,75.96,15.0,15.0,67.378308,0.0,0.0,0.0,30.0,0.0,0.0,41.275000000000006,23.8,9.15
647,162,75.97,15.0,15.0,65.820861,0.0,0.0,0.0,30.0,0.0,0.37,49.53,23.8,9.15
648,162,72.7,15.0,15.0,64.263415,0.0,0.0,0.0,30.0,0.0,0.0,41.925,23.8,9.15
649,163,66.77,15.0,15.0,62.705968,0.0,0.0,0.0,30.0,0.0,25.11,-29.47,23.56,9.72
650,163,60.7,15.0,15.0,61.148521,0.0,0.0,0.0,30.0,0.0,44.77,0.0,23.56,9.72
651,163,59.1,15.0,15.0,59.591074,0.0,0.0,0.0,30.0,0.0,71.035,-8.786666666666667,23.56,9.72
652,163,58.89,15.0,15.0,58.033627,0.0,0.0,0.0,30.0,0.0,8.19,-29.86,23.56,9.72
653,164,59.97,15.0,15.0,56.476181,0.0,0.0,0.0,30.0,0.0,0.0,7.354999999999999,23.56,9.72
654,164,62.41,15.0,15.0,54.918734,0.0,0.0,0.0,30.0,0.0,70.13499999999999,0.9933333333333358,23.56,9.72
655,164,59.32,15.0,15.0,53.361287,0.0,0.0,0.0,30.0,0.0,72.27000000000001,0.0,23.56,9.72
656,164,58.98,15.0,15.0,51.80384,0.0,0.0,0.0,30.0,0.0,59.9325,0.0,23.56,9.72
657,165,59.2,15.0,15.0,50.246393,0.0,0.0,0.0,30.0,0.0,70.315,0.0,23.56,9.72
658,165,55.22,15.0,15.0,48.688947,0.0,0.0,0.0,30.0,0.0,56.72,-139.1325,23.56,9.72
659,165,51.35,15.0,15.0,47.1315,0.0,0.0,0.0,30.0,0.0,81.99,-6.082500000000003,23.56,9.72
660,165,45.51,15.0,15.0,45.574053,0.0,0.0,0.0,30.0,0.0,45.03,52.99,23.56,9.72
661,166,41.24,15.0,15.0,44.016606,0.0,0.0,0.0,30.0,0.0,0.0,8.11,23.56,9.72
662,166,40.25,15.0,15.0,42.459159,0.0,0.0,0.0,30.0,0.0,0.0,-42.4525,23.56,9.72
663,166,49.71,15.0,15.0,40.901712,0.0,0.0,0.0,30.0,0.0,9.56,-57.4,23.56,9.72
664,166,54.9,15.0,15.0,39.344266,0.0,0.0,0.0,30.0,0.0,50.375,0.0,23.56,9.72
665,167,66.29,15.0,15.0,37.786819,0.0,0.0,0.0,30.0,0.0,9.56,10.760000000000005,23.56,9.72
666,167,76.42,15.0,15.0,36.229372,0.0,0.0,0.0,30.0,0.0,47.33,-116.1175,23.56,9.72
667,167,74.7,15.0,15.0,34.671925,0.0,0.0,0.0,30.0,0.0,0.0,-29.75,23.56,9.72
668,167,70.16,15.0,15.0,33.114478,0.0,0.0,0.0,30.0,0.0,75.08500000000001,-62.51,23.56,9.72
669,168,68.61,15.0,15.0,31.557032,0.0,0.0,0.0,30.0,0.0,0.0,10.697500000000002,23.95,9.520000000000001
670,168,57.57,15.0,15.0,29.999585,0.0,0.0,0.0,30.0,0.0,34.675,54.315,23.95,9.520000000000001
671,168,59.66,15.0,15.0,28.442138,0.0,0.0,0.0,30.0,0.0,0.0,11.482500000000002,23.95,9.520000000000001
672,168,56.0,15.0,15.0,26.884691,0.0,0.0,0.0,30.0,0.0,0.0,27.955000000000002,23.95,9.520000000000001
673,169,49.97,15.0,15.0,25.327244,0.0,0.0,0.0,30.0,0.0,73.07,8.08,25.12,8.92
674,169,47.26,15.0,15.0,23.769798,0.0,0.0,0.0,30.0,0.0,0.0,43.72,25.12,8.92
675,169,48.12,15.0,15.0,22.212351,0.0,0.0,0.0,30.0,0.0,78.365,0.0,25.12,8.92
676,169,47.97,15.0,15.0,20.654904,0.0,0.0,0.0,30.0,0.0,74.16,0.0,25.12,8.92
677,170,51.58,15.0,15.0,19.097457,0.0,0.0,0.0,30.0,0.0,0.0,22.304999999999996,25.12,8.92
678,170,60.06,15.0,15.0,17.54001,0.0,0.0,0.0,30.0,0.0,0.0,35.042500000000004,25.12,8.92
679,170,80.15,15.0,15.0,15.982564,0.0,0.0,0.0,30.0,0.0,68.86,21.1,25.12,8.92
680,170,92.69,15.0,15.0,14.425117,0.0,0.0,0.0,30.0,0.0,59.97333333333333,59.42,25.12,8.92
681,171,99.2,15.21551,14.78449,13.303826,0.0,0.431021,0.431021,29.568979,0.0,79.775,0.0,25.12,8.92
682,171,88.39,15.21551,14.78449,12.182536,0.0,0.431021,0.431021,29.568979,0.0,0.0,28.47,25.12,8.92
683,171,78.9,15.21551,14.78449,11.061246,0.0,0.431021,0.431021,29.568979,0.0,0.0,17.78,25.12,8.92
684,171,71.27,15.21551,14.78449,9.9399558,0.0,0.431021,0.431021,29.568979,0.0,0.0,48.5875,25.12,8.92
685,172,70.24,15.0,15.0,8.3825089,0.0,0.0,0.0,30.0,0.0,0.0,57.730000000000004,25.12,8.92
686,172,74.87,15.0,15.0,6.8250621,0.0,0.0,0.0,30.0,0.0,0.0,64.63499999999999,25.12,8.92
687,172,81.99,15.0,15.0,5.2676153,0.0,0.0,0.0,30.0,0.0,75.61,69.18666666666667,25.12,8.92
688,172,95.67,15.0,15.0,3.7101685,0.0,0.0,0.0,30.0,0.0,25.200000000000003,0.0,25.12,8.92
689,173,104.79,23.559714,6.440286,19.476126,12.880572,30.0,17.119428,12.880572,0.0,69.3575,58.495000000000005,25.12,8.92
690,173,120.2,23.559714,6.440286,35.242083,0.0,17.119428,17.119428,12.880572,0.0,75.62,64.04,25.12,8.92
691,173,115.92,23.559714,6.440286,51.008041,0.0,17.119428,17.119428,12.880572,0.0,75.62,56.93,25.12,8.92
692,173,107.52,23.559714,6.440286,66.773998,0.0,17.119428,17.119428,12.880572,0.0,75.62,55.5125,25.12,8.92
693,174,90.95,15.0,15.0,65.216551,0.0,0.0,0.0,30.0,0.0,75.62,43.115,23.689999999999998,7.909999999999999
694,174,85.66,15.0,15.0,63.659105,0.0,0.0,0.0,30.0,0.0,75.62,22.225,23.689999999999998,7.909999999999999
695,174,83.25,15.0,15.0,62.101658,0.0,0.0,0.0,30.0,0.0,75.62,53.56,23.689999999999998,7.909999999999999
696,174,80.29,15.0,15.0,60.544211,0.0,0.0,0.0,30.0,0.0,75.62,-2.237499999999997,23.689999999999998,7.909999999999999
697,175,71.94,15.0,15.0,58.986764,0.0,0.0,0.0,30.0,0.0,0.0,45.93,19.4,4.88
698,175,68.76,15.0,15.0,57.429317,0.0,0.0,0.0,30.0,0.0,78.66499999999999,49.07,19.4,4.88
699,175,69.37,15.0,15.0,55.871871,0.0,0.0,0.0,30.0,0.0,76.2325,0.0,19.4,4.88
700,175,67.09,15.0,15.0,54.314424,0.0,0.0,0.0,30.0,0.0,67.5725,0.0,19.4,4.88
701,176,66.63,15.0,15.0,52.756977,0.0,0.0,0.0,30.0,0.0,82.32,38.269999999999996,19.4,4.88
702,176,69.37,15.0,15.0,51.19953,0.0,0.0,0.0,30.0,0.0,0.0,50.275000000000006,19.4,4.88
703,176,78.61,15.0,15.0,49.642083,0.0,0.0,0.0,30.0,0.0,79.81,43.72,19.4,4.88
704,176,90.77,15.0,15.0,48.084637,0.0,0.0,0.0,30.0,0.0,79.12333333333333,61.92333333333333,19.4,4.88
705,177,95.94,15.0,15.0,46.52719,0.0,0.0,0.0,30.0,0.0,78.56,60.333333333333336,19.4,4.88
706,177,84.93,15.0,15.0,44.969743,0.0,0.0,0.0,30.0,0.0,73.5875,59.3,19.4,4.88
707,177,77.15,15.0,15.0,43.412296,0.0,0.0,0.0,30.0,0.0,83.91499999999999,0.0,19.4,4.88
708,177,70.1,15.0,15.0,41.854849,0.0,0.0,0.0,30.0,0.0,0.0,59.21,19.4,4.88
709,178,68.1,15.0,15.0,40.297403,0.0,0.0,0.0,30.0,0.0,44.37,64.875,19.4,4.88
710,178,68.23,15.0,15.0,38.739956,0.0,0.0,0.0,30.0,0.0,0.0,52.2175,19.4,4.88
711,178,71.93,15.0,15.0,37.182509,0.0,0.0,0.0,30.0,0.0,76.95,32.839999999999996,19.4,4.88
712,178,78.6,15.0,15.0,35.625062,0.0,0.0,0.0,30.0,0.0,88.73750000000001,58.94,19.4,4.88
713,179,81.97,0.0,30.0,3.7101685,30.0,0.0,-30.0,0.0,0.0,75.995,62.585,19.4,4.88
714,179,88.36,20.307008,9.6929924,12.893202,0.0,10.614015,10.614015,0.0,0.0,56.27000000000001,56.28,19.4,4.88
715,179,99.38,30.0,0.0,41.693202,0.0,30.0,30.0,0.0,0.0,60.49750000000001,0.0,19.4,4.88
716,179,110.41,30.0,0.0,70.493202,0.0,30.0,30.0,0.0,0.0,75.5575,0.0,19.4,4.88
717,180,89.9,15.0,15.0,68.935755,0.0,0.0,0.0,30.0,0.0,0.0,63.1825,19.38,4.720000000000001
718,180,80.12,15.0,15.0,67.378308,0.0,0.0,0.0,30.0,0.0,78.22333333333333,65.21,19.38,4.720000000000001
719,180,82.45,15.0,15.0,65.820861,0.0,0.0,0.0,30.0,0.0,69.43,0.0,19.38,4.720000000000001
720,180,77.3,15.0,15.0,64.263415,0.0,0.0,0.0,30.0,0.0,79.495,0.0,19.38,4.720000000000001
721,181,78.9,15.0,15.0,62.705968,0.0,0.0,0.0,30.0,0.0,72.12,59.21,19.32,4.24
722,181,74.03,15.0,15.0,61.148521,0.0,0.0,0.0,30.0,0.0,0.0,44.385,19.32,4.24
723,181,70.89,15.0,15.0,59.591074,0.0,0.0,0.0,30.0,0.0,68.4075,50.1,19.32,4.24
724,181,69.82,15.0,15.0,58.033627,0.0,0.0,0.0,30.0,0.0,39.6,0.0,19.32,4.24
725,182,69.17,15.0,15.0,56.476181,0.0,0.0,0.0,30.0,0.0,7.23,52.29,19.32,4.24
726,182,73.86,15.0,15.0,54.918734,0.0,0.0,0.0,30.0,0.0,0.0,59.5775,19.32,4.24
727,182,84.77,15.0,15.0,53.361287,0.0,0.0,0.0,30.0,0.0,0.0,61.2325,19.32,4.24
728,182,105.17,15.0,15.0,51.80384,0.0,0.0,0.0,30.0,0.0,8.03,43.983333333333334,19.32,4.24
729,183,120.0,15.21551,14.78449,50.68255,0.0,0.431021,0.431021,29.568979,0.0,92.5425,0.0,19.32,4.24
730,183,93.53,15.21551,14.78449,49.56126,0.0,0.431021,0.431021,29.568979,0.0,66.5,0.0,19.32,4.24
731,183,82.98,15.21551,14.78449,48.439969,0.0,0.431021,0.431021,29.568979,0.0,150.35250000000002,69.94,19.32,4.24
732,183,77.09,15.21551,14.78449,47.318679,0.0,0.431021,0.431021,29.568979,0.0,129.325,0.0,19.32,4.24
733,184,74.91,15.0,15.0,45.761232,0.0,0.0,0.0,30.0,0.0,8.555,71.12,19.32,4.24
734,184,67.5,15.0,15.0,44.203786,0.0,0.0,0.0,30.0,0.0,0.0,63.58,19.32,4.24
735,184,66.8,15.0,15.0,42.646339,0.0,0.0,0.0,30.0,0.0,0.0,67.53,19.32,4.24
736,184,73.94,15.0,15.0,41.088892,0.0,0.0,0.0,30.0,0.0,70.46000000000001,70.99,19.32,4.24
737,185,78.55,15.0,15.0,39.531445,0.0,0.0,0.0,30.0,0.0,53.31,0.0,19.32,4.24
738,185,85.65,15.0,15.0,37.973998,0.0,0.0,0.0,30.0,0.0,0.0,67.78999999999999,19.32,4.24
739,185,85.5,15.0,15.0,36.416551,0.0,0.0,0.0,30.0,0.0,54.92333333333333,60.53,19.32,4.24
740,185,69.2,15.0,15.0,34.859105,0.0,0.0,0.0,30.0,0.0,52.17333333333334,63.193333333333335,19.32,4.24
741,186,62.78,15.0,15.0,33.301658,0.0,0.0,0.0,30.0,0.0,82.26,70.92,20.32,5.470000000000001
742,186,58.18,15.0,15.0,31.744211,0.0,0.0,0.0,30.0,0.0,31.54666666666666,43.443333333333335,20.32,5.470000000000001
743,186,54.0,15.0,15.0,30.186764,0.0,0.0,0.0,30.0,0.0,72.455,34.18333333333334,20.32,5.470000000000001
744,186,40.57,15.0,15.0,28.629317,0.0,0.0,0.0,30.0,0.0,68.135,55.75,20.32,5.470000000000001
745,187,48.0,15.0,15.0,27.071871,0.0,0.0,0.0,30.0,0.0,565.99,37.92,23.32,9.16
746,187,42.37,15.0,15.0,25.514424,0.0,0.0,0.0,30.0,0.0,0.0,17.747500000000002,23.32,9.16
747,187,43.04,15.0,15.0,23.956977,0.0,0.0,0.0,30.0,0.0,0.0,-40.525,23.32,9.16
748,187,43.94,15.0,15.0,22.39953,0.0,0.0,0.0,30.0,0.0,100.7,9.400000000000002,23.32,9.16
749,188,47.63,15.0,15.0,20.842083,0.0,0.0,0.0,30.0,0.0,88.80666666666666,-6.44,23.32,9.16
750,188,56.06,15.0,15.0,19.284637,0.0,0.0,0.0,30.0,0.0,128.49,-54.715,23.32,9.16
751,188,69.2,15.0,15.0,17.72719,0.0,0.0,0.0,30.0,0.0,40.75,-45.57,23.32,9.16
752,188,86.37,15.0,15.0,16.169743,0.0,0.0,0.0,30.0,0.0,75.8875,-58.95666666666668,23.32,9.16
753,189,99.76,15.0,15.0,14.612296,0.0,0.0,0.0,30.0,0.0,76.28,44.66,23.32,9.16
754,189,92.77,15.0,15.0,13.054849,30.0,30.0,0.0,30.0,0.0,83.73666666666666,-4.2700000000000005,23.32,9.16
755,189,83.71,15.0,15.0,11.497403,0.0,0.0,0.0,30.0,0.0,0.0,0.21249999999999858,23.32,9.16
756,189,75.5,15.0,15.0,9.9399558,0.0,0.0,0.0,30.0,0.0,0.86,24.775,23.32,9.16
757,190,67.6,15.0,15.0,8.3825089,0.0,0.0,0.0,30.0,0.0,58.05999999999999,-15.485,23.32,9.16
758,190,57.26,15.0,15.0,6.8250621,0.0,0.0,0.0,30.0,0.0,66.11,-24.8,23.32,9.16
759,190,71.2,15.0,15.0,5.2676153,0.0,0.0,0.0,30.0,0.0,72.97,-23.37,23.32,9.16
760,190,87.5,15.0,15.0,3.7101685,0.0,0.0,0.0,30.0,0.0,9.870000000000001,13.135000000000002,23.32,9.16
761,191,84.0,24.01914,5.9808595,20.405927,0.0,18.038281,18.038281,11.961719,0.0,150.68,65.9575,23.32,9.16
762,191,112.62,24.01914,5.9808595,37.101685,0.0,18.038281,18.038281,11.961719,0.0,92.75,0.0,23.32,9.16
763,191,113.0,24.01914,5.9808595,53.797444,0.0,18.038281,18.038281,11.961719,0.0,5.5,0.0,23.32,9.16
764,191,98.03,24.01914,5.9808595,70.493202,0.0,18.038281,18.038281,11.961719,0.0,65.665,0.0,23.32,9.16
765,192,90.81,15.0,15.0,68.935755,0.0,0.0,0.0,30.0,0.0,0.0,57.86,23.060000000000002,9.23
766,192,83.34,15.0,15.0,67.378308,0.0,0.0,0.0,30.0,0.0,80.24,48.77,23.060000000000002,9.23
767,192,81.91,15.0,15.0,65.820861,0.0,0.0,0.0,30.0,0.0,80.005,-21.41,23.060000000000002,9.23
768,192,73.42,15.0,15.0,64.263415,0.0,0.0,0.0,30.0,0.0,68.82,-3.5674999999999955,23.060000000000002,9.23
769,193,64.32,15.0,15.0,62.705968,0.0,0.0,0.0,30.0,0.0,76.55,-19.8425,22.28,9.44
770,193,59.95,15.0,15.0,61.148521,0.0,0.0,0.0,30.0,0.0,40.015,8.879999999999999,22.28,9.44
771,193,58.0,15.0,15.0,59.591074,0.0,0.0,0.0,30.0,0.0,81.68,-12.635,22.28,9.44
772,193,54.69,15.0,15.0,58.033627,0.0,0.0,0.0,30.0,0.0,0.0,-16.34,22.28,9.44
773,194,53.14,15.0,15.0,56.476181,0.0,0.0,0.0,30.0,0.0,72.12,-18.34,22.28,9.44
774,194,55.13,15.0,15.0,54.918734,0.0,0.0,0.0,30.0,0.0,20.195,-13.9,22.28,9.44
775,194,66.49,15.0,15.0,53.361287,0.0,0.0,0.0,30.0,0.0,0.0,-17.130000000000003,22.28,9.44
776,194,77.91,15.0,15.0,51.80384,0.0,0.0,0.0,30.0,0.0,75.705,-48.04333333333333,22.28,9.44
777,195,89.61,15.0,15.0,50.246393,0.0,0.0,0.0,30.0,0.0,76.025,-16.365,22.28,9.44
778,195,86.21,15.0,15.0,48.688947,0.0,0.0,0.0,30.0,0.0,91.44333333333334,-14.7475,22.28,9.44
779,195,80.8,15.0,15.0,47.1315,0.0,0.0,0.0,30.0,0.0,87.295,1.8349999999999973,22.28,9.44
780,195,75.17,15.0,15.0,45.574053,0.0,0.0,0.0,30.0,0.0,79.09,-25.0,22.28,9.44
781,196,64.89,15.0,15.0,44.016606,0.0,0.0,0.0,30.0,0.0,63.6775,0.0,22.28,9.44
782,196,62.56,15.0,15.0,42.459159,0.0,0.0,0.0,30.0,0.0,74.505,-16.72,22.28,9.44
783,196,63.7,15.0,15.0,40.901712,0.0,0.0,0.0,30.0,0.0,79.42,-12.677499999999998,22.28,9.44
784,196,67.7,15.0,15.0,39.344266,0.0,0.0,0.0,30.0,0.0,81.47500000000001,-17.78333333333333,22.28,9.44
785,197,80.0,19.617325,10.382675,47.1315,0.0,9.234651,9.234651,20.765349,0.0,79.79,14.25,22.28,9.44
786,197,88.47,19.617325,10.382675,54.918734,0.0,9.234651,9.234651,20.765349,0.0,95.0025,7.9,22.28,9.44
787,197,99.97,19.617325,10.382675,62.705968,0.0,9.234651,9.234651,20.765349,0.0,0.82,8.25,22.28,9.44
788,197,82.0,19.617325,10.382675,70.493202,0.0,9.234651,9.234651,20.765349,0.0,0.0,8.775,22.28,9.44
789,198,73.3,15.0,15.0,68.935755,0.0,0.0,0.0,30.0,0.0,79.51,8.275,23.59,7.46
790,198,70.0,15.0,15.0,67.378308,0.0,0.0,0.0,30.0,0.0,74.79,8.2,23.59,7.46
791,198,63.15,15.0,15.0,65.820861,0.0,0.0,0.0,30.0,0.0,64.24333333333334,-9.71,23.59,7.46
792,198,54.84,15.0,15.0,64.263415,0.0,0.0,0.0,30.0,0.0,75.42,-12.370000000000001,23.59,7.46
793,199,49.68,15.0,15.0,62.705968,0.0,0.0,0.0,30.0,0.0,24.785000000000004,-19.306666666666665,27.52,1.52
794,199,43.08,15.0,15.0,61.148521,0.0,0.0,0.0,30.0,0.0,49.17,-14.725,27.52,1.52
795,199,34.9,15.0,15.0,59.591074,0.0,0.0,0.0,30.0,0.0,79.77,-14.850000000000001,27.52,1.52
796,199,14.0,15.0,15.0,58.033627,0.0,0.0,0.0,30.0,0.0,24.2225,0.0,27.52,1.52
797,200,10.98,10.598185,19.401815,47.567656,30.0,21.19637,-8.803629999999998,21.19637,0.0,0.0,-25.77,27.52,1.52
798,200,11.4,10.598185,19.401815,37.101685,8.80363,0.0,-8.80363,21.19637,0.0,35.4325,-63.485,27.52,1.52
799,200,16.48,10.598185,19.401815,26.635714,8.80363,0.0,-8.80363,21.19637,0.0,43.94,-48.379999999999995,27.52,1.52
800,200,36.43,10.598185,19.401815,16.169743,8.80363,0.0,-8.80363,21.19637,0.0,55.7,-42.4225,27.52,1.52
801,201,46.91,15.0,15.0,14.612296,0.0,0.0,0.0,30.0,0.0,7.37,-41.089999999999996,27.52,1.52
802,201,67.48,15.0,15.0,13.054849,0.0,0.0,0.0,30.0,0.0,114.74,29.74,27.52,1.52
803,201,66.0,15.0,15.0,11.497403,0.0,0.0,0.0,30.0,0.0,8.26,-2.9924999999999997,27.52,1.52
804,201,58.02,15.0,15.0,9.9399558,0.0,0.0,0.0,30.0,0.0,70.72999999999999,-32.65,27.52,1.52
805,202,51.0,15.0,15.0,8.3825089,0.0,0.0,0.0,30.0,0.0,61.0675,42.915,27.52,1.52
806,202,47.9,15.0,15.0,6.8250621,0.0,0.0,0.0,30.0,0.0,76.21,-7.14,27.52,1.52
807,202,42.53,15.0,15.0,5.2676153,0.0,0.0,0.0,30.0,0.0,0.0,-9.73,27.52,1.52
808,202,44.71,15.0,15.0,3.7101685,0.0,0.0,0.0,30.0,0.0,7.79,-49.105000000000004,27.52,1.52
809,203,50.58,15.769554,14.230446,3.7101685,0.0,1.5391085,1.5391085,6.4619949,0.0,54.99333333333333,5.77,27.52,1.52
810,203,67.4,26.769003,3.2309975,25.97118,0.0,23.538005,23.538005,6.4619949,0.0,35.22333333333333,-43.946666666666665,27.52,1.52
811,203,106.0,26.769003,3.2309975,48.232191,0.0,23.538005,23.538005,6.4619949,0.0,22.1225,0.0,27.52,1.52
812,203,96.0,26.769003,3.2309975,70.493202,0.0,23.538005,23.538005,6.4619949,0.0,1.11,11.21,27.52,1.52
813,204,72.45,15.0,15.0,68.935755,30.0,30.0,0.0,30.0,0.0,0.0,17.699999999999996,29.75,16.24
814,204,63.1,15.0,15.0,67.378308,0.0,0.0,0.0,30.0,0.0,0.0,-23.9625,29.75,16.24
815,204,51.41,15.0,15.0,65.820861,0.0,0.0,0.0,30.0,0.0,0.0,-18.322499999999998,29.75,16.24
816,204,40.0,15.0,15.0,64.263415,0.0,0.0,0.0,30.0,0.0,32.93,-20.966666666666665,29.75,16.24
817,205,42.5,15.0,15.0,62.705968,0.0,0.0,0.0,0.0,30.0,19.13,-33.4475,36.44,60.4
818,205,32.22,15.0,15.0,61.148521,0.0,0.0,0.0,0.0,30.0,0.0,6.3,36.44,60.4
819,205,6.9,15.0,15.0,59.591074,30.0,30.0,0.0,0.0,30.0,0.0,-29.466666666666665,36.44,60.4
820,205,0.72,15.0,15.0,58.033627,30.0,30.0,0.0,0.0,30.0,0.0,-21.755,36.44,60.4
821,206,0.0,15.0,15.0,56.476181,0.0,0.0,0.0,0.0,30.0,0.0,-36.065,36.44,60.4
822,206,0.0,15.0,15.0,54.918734,0.0,0.0,0.0,0.0,30.0,0.0,-36.3075,36.44,60.4
823,206,0.0,15.0,15.0,53.361287,0.0,0.0,0.0,0.0,30.0,0.0,-28.905,36.44,60.4
824,206,4.4,15.0,15.0,51.80384,30.0,30.0,0.0,0.0,30.0,0.0,-43.6375,36.44,60.4
825,207,11.88,15.0,15.0,50.246393,0.0,0.0,0.0,0.0,30.0,0.0,-23.72,36.44,60.4
826,207,27.5,15.0,15.0,48.688947,0.0,0.0,0.0,0.0,30.0,44.19,0.0,36.44,60.4
827,207,40.0,15.0,15.0,47.1315,0.0,0.0,0.0,0.0,30.0,51.730000000000004,-14.085,36.44,60.4
828,207,26.67,15.0,15.0,45.574053,0.0,0.0,0.0,0.0,30.0,52.59,-28.365000000000002,36.44,60.4
829,208,19.79,15.0,15.0,44.016606,0.0,0.0,0.0,0.0,30.0,35.580000000000005,0.0,36.44,60.4
830,208,5.07,15.0,15.0,42.459159,0.0,0.0,0.0,0.0,30.0,73.74,-14.14,36.44,60.4
831,208,14.0,15.0,15.0,40.901712,0.0,0.0,0.0,0.0,30.0,3.6966666666666668,0.0,36.44,60.4
832,208,31.68,15.0,15.0,39.344266,0.0,0.0,0.0,0.0,30.0,69.25999999999999,0.0,36.44,60.4
833,209,41.2,15.0,15.0,37.786819,30.0,30.0,0.0,0.0,30.0,0.0,-26.243333333333332,36.44,60.4
834,209,63.5,15.0,15.0,36.229372,0.0,0.0,0.0,0.0,30.0,30.6725,-46.0,36.44,60.4
835,209,85.81,15.0,15.0,34.671925,0.0,0.0,0.0,0.0,30.0,7.1375,0.0,36.44,60.4
836,209,70.9,15.0,15.0,33.114478,0.0,0.0,0.0,0.0,30.0,44.94999999999999,0.0,36.44,60.4
837,210,53.6,15.0,15.0,31.557032,0.0,0.0,0.0,0.0,30.0,35.22,-18.695,37.17,49.18
838,210,54.89,15.0,15.0,29.999585,0.0,0.0,0.0,0.0,30.0,26.415000000000003,0.0,37.17,49.18
839,210,49.74,15.0,15.0,28.442138,0.0,0.0,0.0,0.0,30.0,0.0,0.0,37.17,49.18
840,210,34.98,15.0,15.0,26.884691,0.0,0.0,0.0,0.0,30.0,9.24,-22.22,37.17,49.18
841,211,1.63,15.0,15.0,25.327244,30.0,30.0,0.0,30.0,0.0,57.78,-55.76,39.36,15.52
842,211,0.1,15.0,15.0,23.769798,0.0,0.0,0.0,30.0,0.0,0.0,-18.8325,39.36,15.52
843,211,0.1,15.0,15.0,22.212351,0.0,0.0,0.0,30.0,0.0,0.0,-13.7,39.36,15.52
844,211,0.22,15.0,15.0,20.654904,30.0,30.0,0.0,30.0,0.0,0.0,-21.46,39.36,15.52
845,212,0.08,15.0,15.0,19.097457,30.0,30.0,0.0,30.0,0.0,8.0,-60.1275,39.36,15.52
846,212,1.65,15.0,15.0,17.54001,30.0,30.0,0.0,30.0,0.0,63.41,-31.115000000000002,39.36,15.52
847,212,41.23,15.0,15.0,15.982564,0.0,0.0,0.0,30.0,0.0,40.26,0.0,39.36,15.52
848,212,85.0,15.0,15.0,14.425117,0.0,0.0,0.0,30.0,0.0,68.29666666666667,0.0,39.36,15.52
849,213,106.6,15.21551,14.78449,13.303826,0.0,0.431021,0.431021,29.568979,0.0,6.89,4.23,39.36,15.52
850,213,78.7,15.21551,14.78449,12.182536,0.0,0.431021,0.431021,29.568979,0.0,92.14,0.0,39.36,15.52
851,213,55.2,15.21551,14.78449,11.061246,0.0,0.431021,0.431021,29.568979,0.0,53.297499999999985,0.0,39.36,15.52
852,213,44.89,15.21551,14.78449,9.9399558,0.0,0.431021,0.431021,29.568979,0.0,9.4775,0.0,39.36,15.52
853,214,34.8,15.0,15.0,8.3825089,0.0,0.0,0.0,30.0,0.0,7.02,-10.15,39.36,15.52
854,214,45.5,15.0,15.0,6.8250621,0.0,0.0,0.0,30.0,0.0,9.25,0.0,39.36,15.52
855,214,54.0,15.0,15.0,5.2676153,0.0,0.0,0.0,30.0,0.0,8.8375,0.0,39.36,15.52
856,214,55.79,15.0,15.0,3.7101685,0.0,0.0,0.0,30.0,0.0,7.42,3.8800000000000026,39.36,15.52
857,215,65.0,18.078217,11.921783,8.3825089,0.0,6.156434,6.156434,23.843566,0.0,9.11,-200.28,39.36,15.52
858,215,86.21,18.078217,11.921783,13.054849,0.0,6.156434,6.156434,23.843566,0.0,8.33,64.2,39.36,15.52
859,215,97.55,18.078217,11.921783,17.72719,0.0,6.156434,6.156434,23.843566,0.0,0.38,0.0,39.36,15.52
860,215,80.1,18.078217,11.921783,22.39953,0.0,6.156434,6.156434,23.843566,0.0,13.502500000000001,0.0,39.36,15.52
861,216,69.96,15.0,15.0,20.842083,0.0,0.0,0.0,30.0,0.0,4.355,0.0,39.769999999999996,21.33
862,216,59.91,15.0,15.0,19.284637,0.0,0.0,0.0,30.0,0.0,8.43,0.0,39.769999999999996,21.33
863,216,56.04,15.0,15.0,17.72719,30.0,30.0,0.0,30.0,0.0,0.38,-17.56,39.769999999999996,21.33
864,216,47.41,15.0,15.0,16.169743,0.0,0.0,0.0,30.0,0.0,0.38,-57.114999999999995,39.769999999999996,21.33
865,217,35.46,15.0,15.0,14.612296,0.0,0.0,0.0,30.0,0.0,75.08,-19.053333333333335,41.0,38.76
866,217,28.2,15.0,15.0,13.054849,30.0,30.0,0.0,30.0,0.0,0.0,-3.9933333333333323,41.0,38.76
867,217,10.0,15.0,15.0,11.497403,0.0,0.0,0.0,30.0,0.0,57.91,-3.0299999999999994,41.0,38.76
868,217,4.98,15.0,15.0,9.9399558,30.0,30.0,0.0,30.0,0.0,47.513333333333335,-8.620000000000001,41.0,38.76
869,218,3.11,15.0,15.0,8.3825089,30.0,30.0,0.0,30.0,0.0,53.68666666666667,-30.76,41.0,38.76
870,218,20.09,15.0,15.0,6.8250621,30.0,30.0,0.0,30.0,0.0,57.72,-2.5,41.0,38.76
871,218,50.0,15.0,15.0,5.2676153,0.0,0.0,0.0,30.0,0.0,26.752499999999998,-13.32,41.0,38.76
872,218,69.22,15.0,15.0,3.7101685,0.0,0.0,0.0,30.0,0.0,70.26,-5.815000000000005,41.0,38.76
873,219,88.2,19.617325,10.382675,11.497403,0.0,9.234651,9.234651,20.765349,0.0,51.44250000000001,-14.27,41.0,38.76
874,219,87.3,19.617325,10.382675,19.284637,0.0,9.234651,9.234651,20.765349,0.0,39.455,-7.5,41.0,38.76
875,219,87.1,19.617325,10.382675,27.071871,0.0,9.234651,9.234651,20.765349,0.0,0.0,-17.625,41.0,38.76
876,219,76.5,19.617325,10.382675,34.859105,0.0,9.234651,9.234651,20.765349,0.0,0.0,-26.384999999999998,41.0,38.76
877,220,64.9,15.0,15.0,33.301658,0.0,0.0,0.0,30.0,0.0,24.596666666666668,-11.440000000000001,41.0,38.76
878,220,59.94,15.0,15.0,31.744211,0.0,0.0,0.0,30.0,0.0,7.029999999999999,0.0,41.0,38.76
879,220,63.86,15.0,15.0,30.186764,0.0,0.0,0.0,30.0,0.0,56.4125,-5.89,41.0,38.76
880,220,63.9,15.0,15.0,28.629317,30.0,30.0,0.0,30.0,0.0,28.31666666666667,33.62,41.0,38.76
881,221,64.7,15.0,15.0,27.071871,30.0,30.0,0.0,30.0,0.0,32.23666666666667,18.785000000000004,41.0,38.76
882,221,80.0,15.0,15.0,25.514424,0.0,0.0,0.0,30.0,0.0,25.087500000000006,-22.79,41.0,38.76
883,221,99.26,15.0,15.0,23.956977,0.0,0.0,0.0,30.0,0.0,44.48,11.974999999999994,41.0,38.76
884,221,94.89,15.0,15.0,22.39953,0.0,0.0,0.0,30.0,0.0,0.0,40.99333333333333,41.0,38.76
885,222,71.0,15.0,15.0,20.842083,0.0,0.0,0.0,30.0,0.0,35.160000000000004,-13.14,37.78,31.3
886,222,62.62,15.0,15.0,19.284637,0.0,0.0,0.0,30.0,0.0,27.9,-43.510000000000005,37.78,31.3
887,222,57.11,15.0,15.0,17.72719,0.0,0.0,0.0,30.0,0.0,6.996666666666667,-29.75,37.78,31.3
888,222,53.3,15.0,15.0,16.169743,0.0,0.0,0.0,30.0,0.0,8.18,-21.385,37.78,31.3
889,223,41.17,15.0,15.0,14.612296,0.0,0.0,0.0,30.0,0.0,97.3175,63.736666666666665,28.12,8.92
890,223,44.8,15.0,15.0,13.054849,0.0,0.0,0.0,30.0,0.0,54.579999999999984,51.07,28.12,8.92
891,223,49.9,15.0,15.0,11.497403,0.0,0.0,0.0,30.0,0.0,81.92333333333333,-106.57749999999999,28.12,8.92
892,223,60.98,15.0,15.0,9.9399558,0.0,0.0,0.0,30.0,0.0,96.01,-80.5975,28.12,8.92
893,224,61.0,15.0,15.0,8.3825089,0.0,0.0,0.0,30.0,0.0,0.0,11.807500000000001,28.12,8.92
894,224,65.6,15.0,15.0,6.8250621,0.0,0.0,0.0,30.0,0.0,286.875,31.663333333333334,28.12,8.92
895,224,75.9,15.0,15.0,5.2676153,0.0,0.0,0.0,30.0,0.0,88.05666666666667,35.91666666666667,28.12,8.92
896,224,88.6,15.0,15.0,3.7101685,0.0,0.0,0.0,30.0,0.0,73.8675,55.39,28.12,8.92
897,225,94.9,16.539108,13.460892,5.2676153,0.0,3.078217,3.078217,26.921783,0.0,55.952500000000015,0.0,28.12,8.92
898,225,96.9,16.539108,13.460892,6.8250621,0.0,3.078217,3.078217,26.921783,0.0,122.0575,0.0,28.12,8.92
899,225,81.88,16.539108,13.460892,8.3825089,0.0,3.078217,3.078217,26.921783,0.0,188.71,63.21,28.12,8.92
900,225,78.66,16.539108,13.460892,9.9399558,0.0,3.078217,3.078217,26.921783,0.0,60.545,-19.489999999999995,28.12,8.92
901,226,75.0,15.0,15.0,8.3825089,0.0,0.0,0.0,30.0,0.0,0.0,-383.87749999999994,28.12,8.92
902,226,73.8,15.0,15.0,6.8250621,0.0,0.0,0.0,30.0,0.0,59.16333333333334,0.0,28.12,8.92
903,226,75.38,15.0,15.0,5.2676153,0.0,0.0,0.0,30.0,0.0,48.57,51.485,28.12,8.92
904,226,85.3,15.0,15.0,3.7101685,0.0,0.0,0.0,30.0,0.0,48.25,69.52,28.12,8.92
905,227,93.03,18.078217,11.921783,8.3825089,0.0,6.156434,6.156434,23.843566,0.0,91.7175,63.92,28.12,8.92
906,227,119.64,18.078217,11.921783,13.054849,0.0,6.156434,6.156434,23.843566,0.0,80.98,70.0,28.12,8.92
907,227,135.8,18.078217,11.921783,17.72719,0.0,6.156434,6.156434,23.843566,0.0,41.870000000000005,61.92,28.12,8.92
908,227,110.32,18.078217,11.921783,22.39953,0.0,6.156434,6.156434,23.843566,0.0,0.0,67.92750000000001,28.12,8.92
909,228,98.0,15.0,15.0,20.842083,0.0,0.0,0.0,30.0,0.0,82.17,66.28666666666666,26.53,7.869999999999999
910,228,83.56,15.0,15.0,19.284637,0.0,0.0,0.0,30.0,0.0,8.48,75.62,26.53,7.869999999999999
911,228,79.01,15.0,15.0,17.72719,0.0,0.0,0.0,30.0,0.0,31.486666666666665,0.0,26.53,7.869999999999999
912,228,79.21,15.0,15.0,16.169743,0.0,0.0,0.0,30.0,0.0,71.05,70.715,26.53,7.869999999999999
913,229,73.7,15.0,15.0,14.612296,0.0,0.0,0.0,30.0,0.0,21.897499999999997,46.48,21.76,4.72
914,229,73.2,15.0,15.0,13.054849,0.0,0.0,0.0,30.0,0.0,33.336666666666666,0.0,21.76,4.72
915,229,72.15,15.0,15.0,11.497403,0.0,0.0,0.0,30.0,0.0,74.865,0.0,21.76,4.72
916,229,68.63,15.0,15.0,9.9399558,0.0,0.0,0.0,30.0,0.0,62.55,0.0,21.76,4.72
917,230,66.69,15.0,15.0,8.3825089,0.0,0.0,0.0,30.0,0.0,59.5475,0.0,21.76,4.72
918,230,71.71,15.0,15.0,6.8250621,0.0,0.0,0.0,30.0,0.0,52.31333333333333,62.47,21.76,4.72
919,230,82.06,15.0,15.0,5.2676153,0.0,0.0,0.0,30.0,0.0,164.47500000000002,62.47,21.76,4.72
920,230,104.49,15.0,15.0,3.7101685,0.0,0.0,0.0,30.0,0.0,84.24000000000001,58.24,21.76,4.72
921,231,131.91,24.01914,5.9808595,20.405927,0.0,18.038281,18.038281,11.961719,0.0,0.0,54.410000000000004,21.76,4.72
922,231,112.37,24.01914,5.9808595,37.101685,0.0,18.038281,18.038281,11.961719,0.0,0.0,36.0025,21.76,4.72
923,231,98.02,24.01914,5.9808595,53.797444,0.0,18.038281,18.038281,11.961719,0.0,0.0,60.7175,21.76,4.72
924,231,89.55,24.01914,5.9808595,70.493202,0.0,18.038281,18.038281,11.961719,0.0,97.1825,58.75,21.76,4.72
925,232,84.01,15.0,15.0,68.935755,0.0,0.0,0.0,30.0,0.0,125.78,55.6125,21.76,4.72
926,232,85.52,15.0,15.0,67.378308,0.0,0.0,0.0,30.0,0.0,75.575,44.65,21.76,4.72
927,232,83.32,15.0,15.0,65.820861,0.0,0.0,0.0,30.0,0.0,79.25,0.0,21.76,4.72
928,232,84.0,15.0,15.0,64.263415,0.0,0.0,0.0,30.0,0.0,44.177499999999995,61.79,21.76,4.72
929,233,76.81,15.0,15.0,62.705968,0.0,0.0,0.0,30.0,0.0,0.0,48.505,21.76,4.72
930,233,77.2,15.0,15.0,61.148521,0.0,0.0,0.0,30.0,0.0,0.0,48.947500000000005,21.76,4.72
931,233,84.0,15.0,15.0,59.591074,0.0,0.0,0.0,30.0,0.0,78.31,65.24,21.76,4.72
932,233,81.5,15.0,15.0,58.033627,0.0,0.0,0.0,30.0,0.0,66.0375,65.08,21.76,4.72
933,234,77.57,15.0,15.0,56.476181,0.0,0.0,0.0,30.0,0.0,44.63999999999999,31.732500000000005,21.810000000000002,5.51
934,234,75.0,15.0,15.0,54.918734,0.0,0.0,0.0,30.0,0.0,0.0,53.2625,21.810000000000002,5.51
935,234,70.82,15.0,15.0,53.361287,0.0,0.0,0.0,30.0,0.0,73.745,54.653333333333336,21.810000000000002,5.51
936,234,61.64,15.0,15.0,51.80384,0.0,0.0,0.0,30.0,0.0,45.3925,42.31,21.810000000000002,5.51
937,235,60.36,15.0,15.0,50.246393,0.0,0.0,0.0,30.0,0.0,69.02,0.0,21.96,7.88
938,235,52.16,15.0,15.0,48.688947,0.0,0.0,0.0,30.0,0.0,39.1925,29.65,21.96,7.88
939,235,47.15,15.0,15.0,47.1315,0.0,0.0,0.0,30.0,0.0,23.972499999999997,28.15,21.96,7.88
940,235,42.1,15.0,15.0,45.574053,30.0,30.0,0.0,30.0,0.0,76.51,-33.15,21.96,7.88
941,236,41.3,15.0,15.0,44.016606,0.0,0.0,0.0,30.0,0.0,51.7575,0.0,21.96,7.88
942,236,44.88,15.0,15.0,42.459159,30.0,30.0,0.0,30.0,0.0,67.425,-5.475,21.96,7.88
943,236,52.88,15.0,15.0,40.901712,30.0,30.0,0.0,30.0,0.0,7.79,25.494999999999997,21.96,7.88
944,236,63.7,15.0,15.0,39.344266,30.0,30.0,0.0,30.0,0.0,40.15,2.7549999999999955,21.96,7.88
945,237,67.89,15.0,15.0,37.786819,0.0,0.0,0.0,30.0,0.0,69.95,39.25,21.96,7.88
946,237,67.83,15.0,15.0,36.229372,0.0,0.0,0.0,30.0,0.0,0.0,0.0,21.96,7.88
947,237,68.82,15.0,15.0,34.671925,0.0,0.0,0.0,30.0,0.0,0.0,0.0,21.96,7.88
948,237,67.61,15.0,15.0,33.114478,0.0,0.0,0.0,30.0,0.0,63.82666666666667,0.0,21.96,7.88
949,238,64.55,15.0,15.0,31.557032,0.0,0.0,0.0,30.0,0.0,83.35249999999999,0.0,21.96,7.88
950,238,63.7,15.0,15.0,29.999585,0.0,0.0,0.0,30.0,0.0,63.405,0.0,21.96,7.88
951,238,68.68,15.0,15.0,28.442138,0.0,0.0,0.0,30.0,0.0,190.70000000000005,0.0,21.96,7.88
952,238,75.46,15.0,15.0,26.884691,0.0,0.0,0.0,30.0,0.0,105.36,0.0,21.96,7.88
953,239,82.38,16.754619,13.245381,28.878295,0.0,3.509238,3.509238,26.490762,0.0,48.766666666666666,42.1175,21.96,7.88
954,239,92.49,16.754619,13.245381,30.871898,0.0,3.509238,3.509238,26.490762,0.0,0.0,-26.7575,21.96,7.88
955,239,94.29,16.754619,13.245381,32.865501,0.0,3.509238,3.509238,26.490762,0.0,0.0,33.177499999999995,21.96,7.88
956,239,87.1,16.754619,13.245381,34.859105,0.0,3.509238,3.509238,26.490762,0.0,0.0,37.175,21.96,7.88
957,240,80.54,15.0,15.0,33.301658,0.0,0.0,0.0,30.0,0.0,63.96,52.89333333333333,21.49,7.65
958,240,75.22,15.0,15.0,31.744211,0.0,0.0,0.0,30.0,0.0,6.33,43.64666666666666,21.49,7.65
959,240,74.91,15.0,15.0,30.186764,0.0,0.0,0.0,30.0,0.0,39.527499999999996,-26.07,21.49,7.65
960,240,70.94,15.0,15.0,28.629317,0.0,0.0,0.0,30.0,0.0,72.305,18.229999999999997,21.49,7.65
961,241,63.1,15.0,15.0,27.071871,0.0,0.0,0.0,30.0,0.0,43.17,15.77,20.08,6.96
962,241,64.08,15.0,15.0,25.514424,0.0,0.0,0.0,30.0,0.0,0.0,54.0225,20.08,6.96
963,241,64.4,15.0,15.0,23.956977,0.0,0.0,0.0,30.0,0.0,0.0,59.13333333333333,20.08,6.96
964,241,64.39,15.0,15.0,22.39953,0.0,0.0,0.0,30.0,0.0,0.0,62.17,20.08,6.96
965,242,64.41,15.0,15.0,20.842083,0.0,0.0,0.0,30.0,0.0,0.0,53.053333333333335,20.08,6.96
966,242,65.82,15.0,15.0,19.284637,0.0,0.0,0.0,30.0,0.0,0.0,42.7125,20.08,6.96
967,242,70.91,15.0,15.0,17.72719,0.0,0.0,0.0,30.0,0.0,0.0,56.385,20.08,6.96
968,242,74.86,15.0,15.0,16.169743,0.0,0.0,0.0,30.0,0.0,57.89,61.480000000000004,20.08,6.96
969,243,77.7,15.0,15.0,14.612296,0.0,0.0,0.0,30.0,0.0,0.72,56.135,20.08,6.96
970,243,80.38,15.0,15.0,13.054849,0.0,0.0,0.0,30.0,0.0,70.1,59.975,20.08,6.96
971,243,75.4,15.0,15.0,11.497403,0.0,0.0,0.0,30.0,0.0,77.995,0.0,20.08,6.96
972,243,70.42,15.0,15.0,9.9399558,0.0,0.0,0.0,30.0,0.0,100.27,52.6375,20.08,6.96
973,244,68.5,15.0,15.0,8.3825089,0.0,0.0,0.0,30.0,0.0,34.51,57.68,20.08,6.96
974,244,66.72,15.0,15.0,6.8250621,0.0,0.0,0.0,30.0,0.0,0.0,54.589999999999996,20.08,6.96
975,244,69.53,15.0,15.0,5.2676153,0.0,0.0,0.0,30.0,0.0,0.0,53.5025,20.08,6.96
976,244,77.17,15.0,15.0,3.7101685,0.0,0.0,0.0,30.0,0.0,7.25,55.72,20.08,6.96
977,245,85.05,24.01914,5.9808595,20.405927,0.0,18.038281,18.038281,11.961719,0.0,66.35,-16.164999999999964,20.08,6.96
978,245,89.9,24.01914,5.9808595,37.101685,0.0,18.038281,18.038281,11.961719,0.0,0.0,46.41,20.08,6.96
979,245,113.6,24.01914,5.9808595,53.797444,0.0,18.038281,18.038281,11.961719,0.0,82.21,65.78,20.08,6.96
980,245,89.0,24.01914,5.9808595,70.493202,0.0,18.038281,18.038281,11.961719,0.0,0.0,53.195,20.08,6.96
981,246,74.4,15.0,15.0,68.935755,0.0,0.0,0.0,30.0,0.0,0.0,32.5325,20.46,7.59
982,246,70.0,15.0,15.0,67.378308,0.0,0.0,0.0,30.0,0.0,0.0,30.495,20.46,7.59
983,246,77.21,15.0,15.0,65.820861,0.0,0.0,0.0,30.0,0.0,69.3375,61.09,20.46,7.59
984,246,64.32,15.0,15.0,64.263415,0.0,0.0,0.0,30.0,0.0,87.47999999999999,43.13,20.46,7.59
985,247,68.8,15.0,15.0,62.705968,0.0,0.0,0.0,30.0,0.0,78.06,37.0,21.6,9.48
986,247,59.3,15.0,15.0,61.148521,0.0,0.0,0.0,30.0,0.0,61.595,0.0,21.6,9.48
987,247,52.6,15.0,15.0,59.591074,0.0,0.0,0.0,30.0,0.0,76.75,-43.623333333333335,21.6,9.48
988,247,46.83,15.0,15.0,58.033627,0.0,0.0,0.0,30.0,0.0,0.0,-322.87749999999994,21.6,9.48
989,248,46.51,15.0,15.0,56.476181,0.0,0.0,0.0,30.0,0.0,0.0,-25.2975,21.6,9.48
990,248,46.25,15.0,15.0,54.918734,0.0,0.0,0.0,30.0,0.0,0.0,47.572500000000005,21.6,9.48
991,248,56.4,15.0,15.0,53.361287,0.0,0.0,0.0,30.0,0.0,0.0,43.935,21.6,9.48
992,248,63.03,15.0,15.0,51.80384,30.0,30.0,0.0,30.0,0.0,76.18,47.215,21.6,9.48
993,249,71.0,15.0,15.0,50.246393,0.0,0.0,0.0,30.0,0.0,0.0,50.7675,21.6,9.48
994,249,66.1,15.0,15.0,48.688947,0.0,0.0,0.0,30.0,0.0,0.0,0.0,21.6,9.48
995,249,68.4,15.0,15.0,47.1315,0.0,0.0,0.0,30.0,0.0,118.00666666666666,0.0,21.6,9.48
996,249,65.46,15.0,15.0,45.574053,0.0,0.0,0.0,30.0,0.0,79.41,45.33,21.6,9.48
997,250,64.34,15.0,15.0,44.016606,0.0,0.0,0.0,30.0,0.0,0.0,37.375,21.6,9.48
998,250,63.38,15.0,15.0,42.459159,0.0,0.0,0.0,30.0,0.0,86.78666666666666,38.76,21.6,9.48
999,250,64.06,15.0,15.0,40.901712,0.0,0.0,0.0,30.0,0.0,99.6675,58.24,21.6,9.48
1000,250,68.22,15.0,15.0,39.344266,0.0,0.0,0.0,30.0,0.0,46.155,-0.8733333333333348,21.6,9.48
1001,251,72.24,15.0,15.0,37.786819,0.0,0.0,0.0,30.0,0.0,0.0,-367.51,21.6,9.48
1002,251,79.72,15.0,15.0,36.229372,0.0,0.0,0.0,30.0,0.0,0.0,23.696666666666673,21.6,9.48
1003,251,112.0,15.0,15.0,34.671925,0.0,0.0,0.0,30.0,0.0,0.0,62.69,21.6,9.48
1004,251,96.8,15.0,15.0,33.114478,0.0,0.0,0.0,30.0,0.0,8.18,58.696666666666665,21.6,9.48
1005,252,77.03,15.0,15.0,31.557032,0.0,0.0,0.0,30.0,0.0,71.29,0.0,21.320000000000004,8.85
1006,252,70.72,15.0,15.0,29.999585,0.0,0.0,0.0,30.0,0.0,49.24333333333334,0.0,21.320000000000004,8.85
1007,252,68.39,15.0,15.0,28.442138,0.0,0.0,0.0,30.0,0.0,85.76,0.0,21.320000000000004,8.85
1008,252,64.01,15.0,15.0,26.884691,0.0,0.0,0.0,30.0,0.0,69.12333333333333,48.555,21.320000000000004,8.85
1009,253,64.35,15.0,15.0,25.327244,0.0,0.0,0.0,30.0,0.0,37.8275,48.93,20.48,6.96
1010,253,61.65,15.0,15.0,23.769798,0.0,0.0,0.0,30.0,0.0,77.76,0.0,20.48,6.96
1011,253,60.73,15.0,15.0,22.212351,0.0,0.0,0.0,30.0,0.0,50.4875,0.0,20.48,6.96
1012,253,59.47,15.0,15.0,20.654904,0.0,0.0,0.0,30.0,0.0,19.065,0.0,20.48,6.96
1013,254,59.21,15.0,15.0,19.097457,0.0,0.0,0.0,30.0,0.0,74.43,0.0,20.48,6.96
1014,254,65.0,15.0,15.0,17.54001,0.0,0.0,0.0,30.0,0.0,7.163333333333333,58.63,20.48,6.96
1015,254,76.0,15.0,15.0,15.982564,0.0,0.0,0.0,30.0,0.0,0.0,45.495000000000005,20.48,6.96
1016,254,85.41,15.0,15.0,14.425117,0.0,0.0,0.0,30.0,0.0,0.0,55.215,20.48,6.96
1017,255,104.0,22.695542,7.3044575,28.442138,0.0,15.391085,15.391085,14.608915,0.0,0.0,54.925,20.48,6.96
1018,255,96.5,22.695542,7.3044575,42.459159,0.0,15.391085,15.391085,14.608915,0.0,0.0,47.4975,20.48,6.96
1019,255,85.47,22.695542,7.3044575,56.476181,0.0,15.391085,15.391085,14.608915,0.0,72.03999999999999,55.64,20.48,6.96
1020,255,79.09,22.695542,7.3044575,70.493202,0.0,15.391085,15.391085,14.608915,0.0,96.29,48.365,20.48,6.96
1021,256,67.42,15.0,15.0,68.935755,0.0,0.0,0.0,30.0,0.0,0.0,45.265,20.48,6.96
1022,256,63.86,15.0,15.0,67.378308,0.0,0.0,0.0,30.0,0.0,67.52,49.22,20.48,6.96
1023,256,64.13,15.0,15.0,65.820861,0.0,0.0,0.0,30.0,0.0,0.0,48.02333333333333,20.48,6.96
1024,256,66.65,15.0,15.0,64.263415,0.0,0.0,0.0,30.0,0.0,0.0,44.662499999999994,20.48,6.96
1025,257,77.1,15.0,15.0,62.705968,0.0,0.0,0.0,30.0,0.0,0.0,24.435000000000002,20.48,6.96
1026,257,90.69,15.0,15.0,61.148521,0.0,0.0,0.0,30.0,0.0,65.64,45.575,20.48,6.96
1027,257,96.0,15.0,15.0,59.591074,0.0,0.0,0.0,30.0,0.0,74.385,0.0,20.48,6.96
1028,257,89.08,15.0,15.0,58.033627,0.0,0.0,0.0,30.0,0.0,50.24,0.0,20.48,6.96
1029,258,79.15,15.0,15.0,56.476181,0.0,0.0,0.0,30.0,0.0,0.0,0.0,20.35,6.3999999999999995
1030,258,71.54,15.0,15.0,54.918734,0.0,0.0,0.0,30.0,0.0,61.24,0.0,20.35,6.3999999999999995
1031,258,65.87,15.0,15.0,53.361287,0.0,0.0,0.0,30.0,0.0,66.8,60.79333333333333,20.35,6.3999999999999995
1032,258,61.9,15.0,15.0,51.80384,0.0,0.0,0.0,30.0,0.0,0.0,48.775,20.35,6.3999999999999995
1033,259,68.59,15.0,15.0,50.246393,0.0,0.0,0.0,30.0,0.0,134.69,-27.474999999999994,19.96,4.72
1034,259,65.37,15.0,15.0,48.688947,0.0,0.0,0.0,30.0,0.0,0.0,10.447499999999998,19.96,4.72
1035,259,63.41,15.0,15.0,47.1315,0.0,0.0,0.0,30.0,0.0,73.8625,-62.7,19.96,4.72
1036,259,60.49,15.0,15.0,45.574053,0.0,0.0,0.0,30.0,0.0,80.94,0.0,19.96,4.72
1037,260,60.06,15.0,15.0,44.016606,0.0,0.0,0.0,30.0,0.0,0.0,-26.586666666666662,19.96,4.72
1038,260,63.59,15.0,15.0,42.459159,0.0,0.0,0.0,30.0,0.0,65.69,52.46666666666667,19.96,4.72
1039,260,70.7,15.0,15.0,40.901712,0.0,0.0,0.0,30.0,0.0,9.81,53.0925,19.96,4.72
1040,260,82.32,15.0,15.0,39.344266,0.0,0.0,0.0,30.0,0.0,84.78333333333333,23.110000000000003,19.96,4.72
1041,261,89.1,15.0,15.0,37.786819,0.0,0.0,0.0,30.0,0.0,0.0,28.025,19.96,4.72
1042,261,75.12,15.0,15.0,36.229372,0.0,0.0,0.0,30.0,0.0,0.0,0.18999999999999773,19.96,4.72
1043,261,69.21,15.0,15.0,34.671925,0.0,0.0,0.0,30.0,0.0,48.71,-183.115,19.96,4.72
1044,261,63.87,15.0,15.0,33.114478,0.0,0.0,0.0,30.0,0.0,0.0,-99.39750000000001,19.96,4.72
1045,262,60.53,15.0,15.0,31.557032,0.0,0.0,0.0,30.0,0.0,0.0,50.8,19.96,4.72
1046,262,60.26,15.0,15.0,29.999585,0.0,0.0,0.0,30.0,0.0,64.74,36.39333333333333,19.96,4.72
1047,262,63.1,15.0,15.0,28.442138,0.0,0.0,0.0,30.0,0.0,40.28,24.14,19.96,4.72
1048,262,70.7,15.0,15.0,26.884691,0.0,0.0,0.0,30.0,0.0,70.9425,0.0,19.96,4.72
1049,263,77.92,21.156434,8.843566,37.786819,0.0,12.312868,12.312868,17.687132,0.0,66.51,49.446666666666665,19.96,4.72
1050,263,91.79,21.156434,8.843566,48.688947,0.0,12.312868,12.312868,17.687132,0.0,69.54,41.52,19.96,4.72
1051,263,99.2,21.156434,8.843566,59.591074,0.0,12.312868,12.312868,17.687132,0.0,68.715,51.150000000000006,19.96,4.72
1052,263,91.13,21.156434,8.843566,70.493202,0.0,12.312868,12.312868,17.687132,0.0,69.29,51.27,19.96,4.72
1053,264,78.2,15.0,15.0,68.935755,0.0,0.0,0.0,30.0,0.0,0.0,58.9425,19.8,4.67
1054,264,72.18,15.0,15.0,67.378308,0.0,0.0,0.0,30.0,0.0,0.0,57.755,19.8,4.67
1055,264,68.53,15.0,15.0,65.820861,0.0,0.0,0.0,30.0,0.0,96.465,47.945,19.8,4.67
1056,264,64.78,15.0,15.0,64.263415,0.0,0.0,0.0,30.0,0.0,0.0,37.150000000000006,19.8,4.67
1057,265,60.63,15.0,15.0,62.705968,0.0,0.0,0.0,30.0,0.0,0.0,38.3325,19.32,4.52
1058,265,59.34,15.0,15.0,61.148521,0.0,0.0,0.0,30.0,0.0,65.99333333333334,44.163333333333334,19.32,4.52
1059,265,55.76,15.0,15.0,59.591074,0.0,0.0,0.0,30.0,0.0,67.63,40.20666666666666,19.32,4.52
1060,265,54.79,15.0,15.0,58.033627,0.0,0.0,0.0,30.0,0.0,61.21,39.129999999999995,19.32,4.52
1061,266,55.06,15.0,15.0,56.476181,0.0,0.0,0.0,30.0,0.0,39.2125,0.0,19.32,4.52
1062,266,58.5,15.0,15.0,54.918734,0.0,0.0,0.0,30.0,0.0,77.99000000000001,0.0,19.32,4.52
1063,266,63.52,15.0,15.0,53.361287,0.0,0.0,0.0,30.0,0.0,55.9125,39.24,19.32,4.52
1064,266,72.98,15.0,15.0,51.80384,0.0,0.0,0.0,30.0,0.0,62.155,42.44,19.32,4.52
1065,267,79.89,15.0,15.0,50.246393,0.0,0.0,0.0,30.0,0.0,0.0,39.24,19.32,4.52
1066,267,69.65,15.0,15.0,48.688947,0.0,0.0,0.0,30.0,0.0,68.10499999999999,58.69,19.32,4.52
1067,267,63.86,15.0,15.0,47.1315,0.0,0.0,0.0,30.0,0.0,0.0,46.405,19.32,4.52
1068,267,63.29,15.0,15.0,45.574053,0.0,0.0,0.0,30.0,0.0,74.805,53.31666666666666,19.32,4.52
1069,268,62.16,15.0,15.0,44.016606,0.0,0.0,0.0,30.0,0.0,75.845,56.57,19.32,4.52
1070,268,61.91,15.0,15.0,42.459159,0.0,0.0,0.0,30.0,0.0,53.795,0.0,19.32,4.52
1071,268,67.29,15.0,15.0,40.901712,0.0,0.0,0.0,30.0,0.0,72.63,63.7,19.32,4.52
1072,268,70.69,15.0,15.0,39.344266,0.0,0.0,0.0,30.0,0.0,73.44666666666667,0.0,19.32,4.52
1073,269,75.99,19.617325,10.382675,47.1315,0.0,9.234651,9.234651,20.765349,0.0,65.77,0.0,19.32,4.52
1074,269,81.65,19.617325,10.382675,54.918734,0.0,9.234651,9.234651,20.765349,0.0,52.190000000000005,0.0,19.32,4.52
1075,269,87.67,19.617325,10.382675,62.705968,0.0,9.234651,9.234651,20.765349,0.0,0.0,59.21,19.32,4.52
1076,269,84.58,19.617325,10.382675,70.493202,0.0,9.234651,9.234651,20.765349,0.0,72.44,59.19,19.32,4.52
1077,270,76.6,15.0,15.0,68.935755,0.0,0.0,0.0,30.0,0.0,0.0,60.02333333333333,19.19,4.449999999999999
1078,270,69.71,15.0,15.0,67.378308,0.0,0.0,0.0,30.0,0.0,0.0,55.004999999999995,19.19,4.449999999999999
1079,270,68.2,15.0,15.0,65.820861,0.0,0.0,0.0,30.0,0.0,7.36,40.81,19.19,4.449999999999999
1080,270,63.8,15.0,15.0,64.263415,0.0,0.0,0.0,30.0,0.0,51.3625,57.22,19.19,4.449999999999999
1081,271,61.67,15.0,15.0,62.705968,0.0,0.0,0.0,30.0,0.0,62.17333333333334,0.0,18.8,4.24
1082,271,60.55,15.0,15.0,61.148521,0.0,0.0,0.0,30.0,0.0,57.27,47.05,18.8,4.24
1083,271,59.41,15.0,15.0,59.591074,30.0,30.0,0.0,30.0,0.0,56.15,-3.8475000000000037,18.8,4.24
1084,271,58.33,15.0,15.0,58.033627,0.0,0.0,0.0,30.0,0.0,65.87666666666667,31.3,18.8,4.24
1085,272,59.63,15.0,15.0,56.476181,0.0,0.0,0.0,30.0,0.0,70.78,62.02,18.8,4.24
1086,272,63.43,15.0,15.0,54.918734,0.0,0.0,0.0,30.0,0.0,72.36,56.28666666666667,18.8,4.24
1087,272,70.14,15.0,15.0,53.361287,0.0,0.0,0.0,30.0,0.0,70.11,45.64,18.8,4.24
1088,272,79.8,15.0,15.0,51.80384,0.0,0.0,0.0,30.0,0.0,0.0,44.614999999999995,18.8,4.24
1089,273,82.06,15.0,15.0,50.246393,0.0,0.0,0.0,30.0,0.0,64.38,46.43,18.8,4.24
1090,273,77.84,15.0,15.0,48.688947,0.0,0.0,0.0,30.0,0.0,25.28,0.0,18.8,4.24
1091,273,73.51,15.0,15.0,47.1315,0.0,0.0,0.0,30.0,0.0,80.92,0.0,18.8,4.24
1092,273,68.51,15.0,15.0,45.574053,0.0,0.0,0.0,30.0,0.0,52.3225,0.0,18.8,4.24
1093,274,64.8,15.0,15.0,44.016606,0.0,0.0,0.0,30.0,0.0,57.25,0.0,18.8,4.24
1094,274,63.85,15.0,15.0,42.459159,0.0,0.0,0.0,30.0,0.0,69.62,36.79,18.8,4.24
1095,274,66.84,15.0,15.0,40.901712,0.0,0.0,0.0,30.0,0.0,0.0,41.88333333333333,18.8,4.24
1096,274,71.27,15.0,15.0,39.344266,0.0,0.0,0.0,30.0,0.0,23.950000000000003,49.053333333333335,18.8,4.24
1097,275,74.11,19.617325,10.382675,47.1315,0.0,9.234651,9.234651,20.765349,0.0,0.0,46.75666666666667,18.8,4.24
1098,275,82.44,19.617325,10.382675,54.918734,0.0,9.234651,9.234651,20.765349,0.0,71.73333333333333,57.98,18.8,4.24
1099,275,84.54,19.617325,10.382675,62.705968,0.0,9.234651,9.234651,20.765349,0.0,0.0,53.095,18.8,4.24
1100,275,75.13,19.617325,10.382675,70.493202,0.0,9.234651,9.234651,20.765349,0.0,0.0,46.1025,18.8,4.24
1101,276,69.56,15.0,15.0,68.935755,0.0,0.0,0.0,30.0,0.0,0.0,29.21,18.67,4.51
1102,276,62.68,15.0,15.0,67.378308,0.0,0.0,0.0,30.0,0.0,65.88,37.22,18.67,4.51
1103,276,62.66,15.0,15.0,65.820861,0.0,0.0,0.0,30.0,0.0,60.715,0.0,18.67,4.51
1104,276,58.64,15.0,15.0,64.263415,0.0,0.0,0.0,30.0,0.0,0.0,34.4225,18.67,4.51
1105,277,51.76,15.0,15.0,62.705968,0.0,0.0,0.0,30.0,0.0,0.0,33.233333333333334,18.28,5.32
1106,277,51.08,15.0,15.0,61.148521,0.0,0.0,0.0,30.0,0.0,24.46,36.28,18.28,5.32
1107,277,49.92,15.0,15.0,59.591074,0.0,0.0,0.0,30.0,0.0,0.74,47.43,18.28,5.32
1108,277,48.81,15.0,15.0,58.033627,30.0,30.0,0.0,30.0,0.0,60.035,14.39333333333333,18.28,5.32
1109,278,51.38,15.0,15.0,56.476181,0.0,0.0,0.0,30.0,0.0,0.0,43.93,18.28,5.32
1110,278,52.2,15.0,15.0,54.918734,0.0,0.0,0.0,30.0,0.0,0.0,22.32,18.28,5.32
1111,278,57.5,15.0,15.0,53.361287,0.0,0.0,0.0,30.0,0.0,37.835,-40.910000000000004,18.28,5.32
1112,278,68.88,15.0,15.0,51.80384,0.0,0.0,0.0,30.0,0.0,70.7625,36.5,18.28,5.32
1113,279,70.5,15.0,15.0,50.246393,0.0,0.0,0.0,30.0,0.0,70.94,0.0,18.28,5.32
1114,279,68.0,15.0,15.0,48.688947,0.0,0.0,0.0,30.0,0.0,0.0,56.98,18.28,5.32
1115,279,61.2,15.0,15.0,47.1315,0.0,0.0,0.0,30.0,0.0,35.315,50.06666666666666,18.28,5.32
1116,279,68.8,15.0,15.0,45.574053,0.0,0.0,0.0,30.0,0.0,50.525000000000006,27.779999999999998,18.28,5.32
1117,280,65.0,15.0,15.0,44.016606,0.0,0.0,0.0,30.0,0.0,39.349999999999994,40.94,18.28,5.32
1118,280,61.2,15.0,15.0,42.459159,0.0,0.0,0.0,30.0,0.0,7.46,37.12,18.28,5.32
1119,280,63.04,15.0,15.0,40.901712,0.0,0.0,0.0,30.0,0.0,0.0,43.7125,18.28,5.32
1120,280,64.96,15.0,15.0,39.344266,0.0,0.0,0.0,30.0,0.0,0.0,44.98,18.28,5.32
1121,281,70.0,15.21551,14.78449,38.222975,0.0,0.431021,0.431021,29.568979,0.0,69.435,54.08,18.28,5.32
1122,281,72.06,15.21551,14.78449,37.101685,0.0,0.431021,0.431021,29.568979,0.0,74.33,53.33,18.28,5.32
1123,281,79.73,15.21551,14.78449,35.980395,0.0,0.431021,0.431021,29.568979,0.0,23.830000000000002,0.0,18.28,5.32
1124,281,80.75,15.21551,14.78449,34.859105,0.0,0.431021,0.431021,29.568979,0.0,34.14666666666666,0.0,18.28,5.32
1125,282,74.53,15.0,15.0,33.301658,0.0,0.0,0.0,30.0,0.0,0.0,35.85,18.01,5.5600000000000005
1126,282,70.0,15.0,15.0,31.744211,0.0,0.0,0.0,30.0,0.0,0.0,48.86333333333333,18.01,5.5600000000000005
1127,282,70.0,15.0,15.0,30.186764,0.0,0.0,0.0,30.0,0.0,72.94,49.10333333333333,18.01,5.5600000000000005
1128,282,65.7,15.0,15.0,28.629317,0.0,0.0,0.0,30.0,0.0,0.0,37.932500000000005,18.01,5.5600000000000005
1129,283,68.5,15.0,15.0,27.071871,0.0,0.0,0.0,30.0,0.0,0.0,39.705,17.2,6.28
1130,283,62.64,15.0,15.0,25.514424,0.0,0.0,0.0,30.0,0.0,76.58,50.335,17.2,6.28
1131,283,68.0,15.0,15.0,23.956977,0.0,0.0,0.0,30.0,0.0,66.53,53.85,17.2,6.28
1132,283,64.9,15.0,15.0,22.39953,0.0,0.0,0.0,30.0,0.0,57.01,0.0,17.2,6.28
1133,284,64.89,15.0,15.0,20.842083,0.0,0.0,0.0,30.0,0.0,0.0,51.755,17.2,6.28
1134,284,73.28,15.0,15.0,19.284637,0.0,0.0,0.0,30.0,0.0,66.48,48.766666666666666,17.2,6.28
1135,284,60.6,15.0,15.0,17.72719,0.0,0.0,0.0,30.0,0.0,68.78,48.795,17.2,6.28
1136,284,68.7,15.0,15.0,16.169743,0.0,0.0,0.0,30.0,0.0,0.0,51.207499999999996,17.2,6.28
1137,285,75.3,15.0,15.0,14.612296,0.0,0.0,0.0,30.0,0.0,71.63,51.47,17.2,6.28
1138,285,84.52,15.0,15.0,13.054849,0.0,0.0,0.0,30.0,0.0,55.05666666666666,0.0,17.2,6.28
1139,285,67.0,15.0,15.0,11.497403,0.0,0.0,0.0,30.0,0.0,71.7,56.0225,17.2,6.28
1140,285,60.83,15.0,15.0,9.9399558,0.0,0.0,0.0,30.0,0.0,25.244999999999997,54.05,17.2,6.28
1141,286,58.24,15.0,15.0,8.3825089,0.0,0.0,0.0,30.0,0.0,23.1,0.0,17.2,6.28
1142,286,55.25,15.0,15.0,6.8250621,0.0,0.0,0.0,30.0,0.0,49.155,0.0,17.2,6.28
1143,286,59.1,15.0,15.0,5.2676153,0.0,0.0,0.0,30.0,0.0,52.56333333333333,49.8925,17.2,6.28
1144,286,67.07,15.0,15.0,3.7101685,0.0,0.0,0.0,30.0,0.0,77.6725,13.439999999999998,17.2,6.28
1145,287,70.8,24.01914,5.9808595,20.405927,0.0,18.038281,18.038281,11.961719,0.0,34.68666666666667,56.96666666666667,17.2,6.28
1146,287,85.01,24.01914,5.9808595,37.101685,0.0,18.038281,18.038281,11.961719,0.0,76.78,45.413333333333334,17.2,6.28
1147,287,105.68,24.01914,5.9808595,53.797444,11.961719,30.0,18.038280999999998,11.961719,0.0,78.91,56.584999999999994,17.2,6.28
1148,287,89.51,24.01914,5.9808595,70.493202,0.0,18.038281,18.038281,11.961719,0.0,64.68,55.44,17.2,6.28
1149,288,80.15,15.21551,14.78449,69.371912,0.0,0.431021,0.431021,29.568979,0.0,62.81,52.137499999999996,14.749999999999998,9.49
1150,288,74.16,15.21551,14.78449,68.250621,0.0,0.431021,0.431021,29.568979,0.0,34.19,53.15,14.749999999999998,9.49
1151,288,72.06,15.21551,14.78449,67.129331,0.0,0.431021,0.431021,29.568979,0.0,66.73,54.31666666666667,14.749999999999998,9.49
1152,288,69.11,15.21551,14.78449,66.008041,0.0,0.431021,0.431021,29.568979,0.0,0.0,47.4875,14.749999999999998,9.49
1153,289,62.13,15.0,15.0,64.450594,0.0,0.0,0.0,0.0,30.0,46.49333333333333,2.52,7.4,19.12
1154,289,54.81,15.0,15.0,62.893147,0.0,0.0,0.0,0.0,30.0,64.10499999999999,23.025000000000002,7.4,19.12
1155,289,51.4,15.0,15.0,61.3357,0.0,0.0,0.0,0.0,30.0,39.505,-23.100000000000005,7.4,19.12
1156,289,50.22,15.0,15.0,59.778254,0.0,0.0,0.0,0.0,30.0,101.61000000000001,0.4299999999999997,7.4,19.12
1157,290,50.0,15.0,15.0,58.220807,0.0,0.0,0.0,0.0,30.0,28.793333333333333,2.9950000000000045,7.4,19.12
1158,290,48.47,15.0,15.0,56.66336,0.0,0.0,0.0,0.0,30.0,0.0,31.675000000000004,7.4,19.12
1159,290,46.02,15.0,15.0,55.105913,0.0,0.0,0.0,0.0,30.0,0.0,20.165,7.4,19.12
1160,290,48.97,15.0,15.0,53.548466,0.0,0.0,0.0,0.0,30.0,70.62,-51.1475,7.4,19.12
1161,291,47.28,15.0,15.0,51.99102,0.0,0.0,0.0,0.0,30.0,0.0,-37.677499999999995,7.4,19.12
1162,291,43.03,15.0,15.0,50.433573,0.0,0.0,0.0,0.0,30.0,55.724999999999994,-46.025000000000006,7.4,19.12
1163,291,40.45,15.0,15.0,48.876126,0.0,0.0,0.0,0.0,30.0,66.4,-62.98,7.4,19.12
1164,291,41.0,15.0,15.0,47.318679,0.0,0.0,0.0,0.0,30.0,77.07499999999999,-68.9175,7.4,19.12
1165,292,50.0,15.0,15.0,45.761232,0.0,0.0,0.0,0.0,30.0,8.74,-24.2925,7.4,19.12
1166,292,50.17,15.0,15.0,44.203786,0.0,0.0,0.0,0.0,30.0,51.625,23.682500000000005,7.4,19.12
1167,292,64.6,15.0,15.0,42.646339,0.0,0.0,0.0,0.0,30.0,0.0,0.7025000000000006,7.4,19.12
1168,292,66.93,15.0,15.0,41.088892,0.0,0.0,0.0,0.0,30.0,0.0,17.96500000000001,7.4,19.12
1169,293,62.87,15.0,15.0,39.531445,30.0,30.0,0.0,0.0,30.0,0.0,20.79500000000001,7.4,19.12
1170,293,72.0,15.0,15.0,37.973998,0.0,0.0,0.0,0.0,30.0,0.0,-17.132499999999993,7.4,19.12
1171,293,84.1,15.0,15.0,36.416551,0.0,0.0,0.0,0.0,30.0,0.0,-3.0075000000000003,7.4,19.12
1172,293,70.59,15.0,15.0,34.859105,0.0,0.0,0.0,0.0,30.0,62.879999999999995,25.10666666666667,7.4,19.12
1173,294,64.71,15.0,15.0,33.301658,0.0,0.0,0.0,0.0,30.0,0.0,-63.475,9.990000000000002,15.79
1174,294,59.83,15.0,15.0,31.744211,0.0,0.0,0.0,0.0,30.0,64.77,-37.945,9.990000000000002,15.79
1175,294,57.33,15.0,15.0,30.186764,0.0,0.0,0.0,0.0,30.0,0.0,34.0525,9.990000000000002,15.79
1176,294,53.94,15.0,15.0,28.629317,0.0,0.0,0.0,0.0,30.0,75.60249999999999,47.09,9.990000000000002,15.79
1177,295,44.0,15.0,15.0,27.071871,0.0,0.0,0.0,30.0,0.0,0.0,42.75666666666667,17.76,5.8
1178,295,48.32,15.0,15.0,25.514424,30.0,30.0,0.0,30.0,0.0,0.0,34.565,17.76,5.8
1179,295,46.46,15.0,15.0,23.956977,0.0,0.0,0.0,30.0,0.0,0.0,-80.8775,17.76,5.8
1180,295,43.91,15.0,15.0,22.39953,30.0,30.0,0.0,30.0,0.0,0.0,-102.6425,17.76,5.8
1181,296,44.92,15.0,15.0,20.842083,0.0,0.0,0.0,30.0,0.0,60.28,15.209999999999994,17.76,5.8
1182,296,51.57,15.0,15.0,19.284637,0.0,0.0,0.0,30.0,0.0,74.51,44.53,17.76,5.8
1183,296,68.63,15.0,15.0,17.72719,0.0,0.0,0.0,30.0,0.0,83.22,31.29,17.76,5.8
1184,296,79.12,15.0,15.0,16.169743,0.0,0.0,0.0,30.0,0.0,98.965,0.0,17.76,5.8
1185,297,83.87,15.0,15.0,14.612296,0.0,0.0,0.0,30.0,0.0,95.83666666666667,20.16,17.76,5.8
1186,297,75.06,15.0,15.0,13.054849,0.0,0.0,0.0,30.0,0.0,0.0,-13.970000000000006,17.76,5.8
1187,297,70.88,15.0,15.0,11.497403,0.0,0.0,0.0,30.0,0.0,101.545,0.0,17.76,5.8
1188,297,69.22,15.0,15.0,9.9399558,0.0,0.0,0.0,30.0,0.0,53.83,46.58,17.76,5.8
1189,298,62.47,15.0,15.0,8.3825089,0.0,0.0,0.0,30.0,0.0,6.39,43.75666666666667,17.76,5.8
1190,298,59.97,15.0,15.0,6.8250621,0.0,0.0,0.0,30.0,0.0,134.665,0.0,17.76,5.8
1191,298,64.18,15.0,15.0,5.2676153,0.0,0.0,0.0,30.0,0.0,58.16,46.54333333333334,17.76,5.8
1192,298,66.8,15.0,15.0,3.7101685,0.0,0.0,0.0,30.0,0.0,0.0,55.5,17.76,5.8
1193,299,69.86,24.01914,5.9808595,20.405927,0.0,18.038281,18.038281,11.961719,0.0,27.04,49.44,17.76,5.8
1194,299,76.15,24.01914,5.9808595,37.101685,0.0,18.038281,18.038281,11.961719,0.0,6.16,12.436666666666666,17.76,5.8
1195,299,99.89,24.01914,5.9808595,53.797444,0.0,18.038281,18.038281,11.961719,0.0,65.16,0.0,17.76,5.8
1196,299,80.02,24.01914,5.9808595,70.493202,0.0,18.038281,18.038281,11.961719,0.0,70.845,36.605000000000004,17.76,5.8
1197,300,71.92,15.0,15.0,68.935755,0.0,0.0,0.0,30.0,0.0,0.0,45.260000000000005,17.52,5.51
1198,300,67.49,15.0,15.0,67.378308,0.0,0.0,0.0,30.0,0.0,34.84,54.03,17.52,5.51
1199,300,66.27,15.0,15.0,65.820861,0.0,0.0,0.0,30.0,0.0,53.232499999999995,0.0,17.52,5.51
1200,300,59.07,15.0,15.0,64.263415,0.0,0.0,0.0,30.0,0.0,68.72333333333333,0.0,17.52,5.51
1201,301,58.06,15.0,15.0,62.705968,0.0,0.0,0.0,30.0,0.0,41.199999999999996,41.73,16.8,4.64
1202,301,54.32,15.0,15.0,61.148521,0.0,0.0,0.0,30.0,0.0,0.0,26.36,16.8,4.64
1203,301,53.96,15.0,15.0,59.591074,0.0,0.0,0.0,30.0,0.0,61.09,45.95,16.8,4.64
1204,301,56.0,15.0,15.0,58.033627,0.0,0.0,0.0,30.0,0.0,0.0,45.85,16.8,4.64
1205,302,53.0,15.0,15.0,56.476181,0.0,0.0,0.0,30.0,0.0,71.73666666666666,52.88,16.8,4.64
1206,302,54.81,15.0,15.0,54.918734,0.0,0.0,0.0,30.0,0.0,0.0,55.55666666666667,16.8,4.64
1207,302,71.05,15.0,15.0,53.361287,0.0,0.0,0.0,30.0,0.0,65.25,46.81666666666667,16.8,4.64
1208,302,86.07,15.0,15.0,51.80384,0.0,0.0,0.0,30.0,0.0,74.65,52.36,16.8,4.64
1209,303,89.63,18.078217,11.921783,56.476181,0.0,6.156434,6.156434,23.843566,0.0,116.21,52.595,16.8,4.64
1210,303,78.77,18.078217,11.921783,61.148521,0.0,6.156434,6.156434,23.843566,0.0,9.92,0.0,16.8,4.64
1211,303,69.85,18.078217,11.921783,65.820861,0.0,6.156434,6.156434,23.843566,0.0,51.935,0.0,16.8,4.64
1212,303,60.92,18.078217,11.921783,70.493202,0.0,6.156434,6.156434,23.843566,0.0,0.0,15.262500000000003,16.8,4.64
1213,304,53.52,15.0,15.0,68.935755,0.0,0.0,0.0,30.0,0.0,0.0,-28.6425,16.8,4.64
1214,304,51.51,15.0,15.0,67.378308,0.0,0.0,0.0,30.0,0.0,0.0,45.75333333333334,16.8,4.64
1215,304,51.86,15.0,15.0,65.820861,0.0,0.0,0.0,30.0,0.0,61.0475,0.0,16.8,4.64
1216,304,55.89,15.0,15.0,64.263415,0.0,0.0,0.0,30.0,0.0,71.7125,-52.0,16.8,4.64
1217,305,62.28,15.21551,14.78449,63.142124,0.0,0.431021,0.431021,29.568979,0.0,58.275,0.0,16.8,4.64
1218,305,68.98,15.21551,14.78449,62.020834,0.0,0.431021,0.431021,29.568979,0.0,72.9,58.52,16.8,4.64
1219,305,70.86,15.21551,14.78449,60.899544,0.0,0.431021,0.431021,29.568979,0.0,51.43,46.78,16.8,4.64
1220,305,70.76,15.21551,14.78449,59.778254,0.0,0.431021,0.431021,29.568979,0.0,70.53333333333333,0.0,16.8,4.64
1221,306,67.76,15.0,15.0,58.220807,0.0,0.0,0.0,30.0,0.0,73.06,56.56,17.18,5.279999999999999
1222,306,57.0,15.0,15.0,56.66336,0.0,0.0,0.0,30.0,0.0,67.0,56.81,17.18,5.279999999999999
1223,306,48.44,15.0,15.0,55.105913,30.0,30.0,0.0,30.0,0.0,8.79,6.165,17.18,5.279999999999999
1224,306,49.61,15.0,15.0,53.548466,0.0,0.0,0.0,30.0,0.0,56.17,15.540000000000001,17.18,5.279999999999999
1225,307,48.58,15.0,15.0,51.99102,0.0,0.0,0.0,30.0,0.0,75.755,-99.1575,18.32,7.2
1226,307,46.91,15.0,15.0,50.433573,0.0,0.0,0.0,30.0,0.0,0.0,-18.200000000000003,18.32,7.2
1227,307,46.86,15.0,15.0,48.876126,0.0,0.0,0.0,30.0,0.0,70.995,-3.6400000000000006,18.32,7.2
1228,307,44.8,15.0,15.0,47.318679,0.0,0.0,0.0,30.0,0.0,54.2375,-121.57666666666668,18.32,7.2
1229,308,45.43,15.0,15.0,45.761232,30.0,30.0,0.0,30.0,0.0,87.745,-26.6,18.32,7.2
1230,308,50.06,15.0,15.0,44.203786,0.0,0.0,0.0,30.0,0.0,42.400000000000006,35.57666666666667,18.32,7.2
1231,308,65.01,15.0,15.0,42.646339,0.0,0.0,0.0,30.0,0.0,33.04,-32.504999999999995,18.32,7.2
1232,308,79.7,15.0,15.0,41.088892,30.0,30.0,0.0,30.0,0.0,0.0,20.03,18.32,7.2
1233,309,84.05,15.0,15.0,39.531445,0.0,0.0,0.0,30.0,0.0,28.416666666666668,-36.0,18.32,7.2
1234,309,69.65,15.0,15.0,37.973998,0.0,0.0,0.0,30.0,0.0,81.93,-43.79499999999999,18.32,7.2
1235,309,64.1,15.0,15.0,36.416551,0.0,0.0,0.0,30.0,0.0,128.81333333333333,-5.662499999999994,18.32,7.2
1236,309,60.39,15.0,15.0,34.859105,0.0,0.0,0.0,30.0,0.0,65.625,32.675,18.32,7.2
1237,310,53.01,15.0,15.0,33.301658,0.0,0.0,0.0,30.0,0.0,70.28,-29.929999999999996,18.32,7.2
1238,310,51.21,15.0,15.0,31.744211,0.0,0.0,0.0,30.0,0.0,42.585,-203.5975,18.32,7.2
1239,310,53.76,15.0,15.0,30.186764,0.0,0.0,0.0,30.0,0.0,0.0,38.47,18.32,7.2
1240,310,64.71,15.0,15.0,28.629317,0.0,0.0,0.0,30.0,0.0,33.19,38.370000000000005,18.32,7.2
1241,311,67.1,15.0,15.0,27.071871,0.0,0.0,0.0,30.0,0.0,60.042500000000004,0.0,18.32,7.2
1242,311,68.31,15.0,15.0,25.514424,0.0,0.0,0.0,30.0,0.0,35.24,-42.45,18.32,7.2
1243,311,68.38,15.0,15.0,23.956977,0.0,0.0,0.0,30.0,0.0,67.10666666666667,35.97,18.32,7.2
1244,311,61.6,15.0,15.0,22.39953,0.0,0.0,0.0,30.0,0.0,71.04,0.0,18.32,7.2
1245,312,52.52,15.0,15.0,20.842083,0.0,0.0,0.0,30.0,0.0,55.2325,0.0,19.27,7.720000000000001
1246,312,46.31,15.0,15.0,19.284637,0.0,0.0,0.0,30.0,0.0,66.95,0.0,19.27,7.720000000000001
1247,312,42.04,15.0,15.0,17.72719,0.0,0.0,0.0,30.0,0.0,0.0,-36.48,19.27,7.720000000000001
1248,312,35.57,15.0,15.0,16.169743,0.0,0.0,0.0,30.0,0.0,64.95,-72.595,19.27,7.720000000000001
1249,313,30.87,15.0,15.0,14.612296,30.0,30.0,0.0,30.0,0.0,104.225,-60.56,22.12,9.28
1250,313,27.42,15.0,15.0,13.054849,30.0,30.0,0.0,30.0,0.0,29.950000000000003,-74.99,22.12,9.28
1251,313,27.5,15.0,15.0,11.497403,30.0,30.0,0.0,30.0,0.0,64.785,0.0,22.12,9.28
1252,313,29.44,15.0,15.0,9.9399558,30.0,30.0,0.0,30.0,0.0,76.73,0.0,22.12,9.28
1253,314,35.51,15.0,15.0,8.3825089,0.0,0.0,0.0,30.0,0.0,0.0,-32.36,22.12,9.28
1254,314,46.72,15.0,15.0,6.8250621,0.0,0.0,0.0,30.0,0.0,0.0,10.77,22.12,9.28
1255,314,64.26,15.0,15.0,5.2676153,0.0,0.0,0.0,30.0,0.0,81.4225,-33.74,22.12,9.28
1256,314,75.0,15.0,15.0,3.7101685,0.0,0.0,0.0,30.0,0.0,51.67666666666668,-21.875,22.12,9.28
1257,315,81.91,24.01914,5.9808595,20.405927,0.0,18.038281,18.038281,11.961719,0.0,74.54,3.837500000000002,22.12,9.28
1258,315,74.0,24.01914,5.9808595,37.101685,0.0,18.038281,18.038281,11.961719,0.0,7.97,-54.3275,22.12,9.28
1259,315,69.44,24.01914,5.9808595,53.797444,0.0,18.038281,18.038281,11.961719,0.0,74.54,-40.4825,22.12,9.28
1260,315,67.46,24.01914,5.9808595,70.493202,0.0,18.038281,18.038281,11.961719,0.0,44.47500000000001,-96.0,22.12,9.28
1261,316,66.9,15.769554,14.230446,70.493202,0.0,1.5391085,1.5391085,28.460892,0.0,94.955,0.0,22.12,9.28
1262,316,66.69,15.769554,14.230446,70.493202,0.0,1.5391085,1.5391085,28.460892,0.0,68.965,53.75,22.12,9.28
1263,316,63.49,15.769554,14.230446,70.493202,0.0,1.5391085,1.5391085,28.460892,0.0,51.55500000000001,38.54,22.12,9.28
1264,316,63.1,15.769554,14.230446,70.493202,0.0,1.5391085,1.5391085,28.460892,0.0,0.0,37.545,22.12,9.28
1265,317,60.93,15.769554,14.230446,70.493202,0.0,1.5391085,1.5391085,28.460892,0.0,67.24,21.08,22.12,9.28
1266,317,61.76,15.769554,14.230446,70.493202,0.0,1.5391085,1.5391085,28.460892,0.0,61.54,8.47,22.12,9.28
1267,317,59.95,15.769554,14.230446,70.493202,0.0,1.5391085,1.5391085,28.460892,0.0,0.0,14.975,22.12,9.28
1268,317,60.4,15.769554,14.230446,70.493202,0.0,1.5391085,1.5391085,28.460892,0.0,72.88,-56.35,22.12,9.28
1269,318,47.92,15.0,15.0,68.935755,0.0,0.0,0.0,30.0,0.0,0.0,-18.792499999999997,23.23,11.57
1270,318,43.81,15.0,15.0,67.378308,0.0,0.0,0.0,30.0,0.0,39.68333333333333,-98.5,23.23,11.57
1271,318,34.9,15.0,15.0,65.820861,0.0,0.0,0.0,30.0,0.0,49.15,-5.373333333333335,23.23,11.57
1272,318,20.1,15.0,15.0,64.263415,30.0,30.0,0.0,30.0,0.0,28.945,-8.665,23.23,11.57
1273,319,9.28,10.598185,19.401815,53.797444,8.80363,0.0,-8.80363,21.19637,0.0,46.9875,-170.575,26.56,18.44
1274,319,1.5,10.598185,19.401815,43.331472,8.80363,0.0,-8.80363,21.19637,0.0,26.003333333333334,-37.0,26.56,18.44
1275,319,1.19,10.598185,19.401815,32.865501,30.0,21.19637,-8.803629999999998,21.19637,0.0,0.0,0.0,26.56,18.44
1276,319,0.1,10.598185,19.401815,22.39953,30.0,21.19637,-8.803629999999998,21.19637,0.0,64.065,0.0,26.56,18.44
1277,320,0.4,15.0,15.0,20.842083,0.0,0.0,0.0,30.0,0.0,62.156666666666666,-40.0,26.56,18.44
1278,320,1.13,15.0,15.0,19.284637,30.0,30.0,0.0,30.0,0.0,52.156666666666666,-39.0,26.56,18.44
1279,320,39.96,15.0,15.0,17.72719,0.0,0.0,0.0,30.0,0.0,47.053333333333335,42.85,26.56,18.44
1280,320,57.96,15.0,15.0,16.169743,0.0,0.0,0.0,30.0,0.0,65.25,0.0,26.56,18.44
1281,321,60.8,15.0,15.0,14.612296,0.0,0.0,0.0,30.0,0.0,0.0,-36.0,26.56,18.44
1282,321,53.54,15.0,15.0,13.054849,0.0,0.0,0.0,30.0,0.0,101.705,-40.0,26.56,18.44
1283,321,47.1,15.0,15.0,11.497403,0.0,0.0,0.0,30.0,0.0,48.089999999999996,-4.3100000000000005,26.56,18.44
1284,321,42.04,15.0,15.0,9.9399558,0.0,0.0,0.0,30.0,0.0,36.515,8.77,26.56,18.44
1285,322,37.27,15.0,15.0,8.3825089,0.0,0.0,0.0,30.0,0.0,83.605,-17.39,26.56,18.44
1286,322,32.9,15.0,15.0,6.8250621,0.0,0.0,0.0,30.0,0.0,33.160000000000004,-31.07,26.56,18.44
1287,322,38.0,15.0,15.0,5.2676153,0.0,0.0,0.0,30.0,0.0,0.0,-19.695,26.56,18.44
1288,322,49.64,15.0,15.0,3.7101685,0.0,0.0,0.0,30.0,0.0,19.917500000000004,0.0,26.56,18.44
1289,323,63.21,24.01914,5.9808595,20.405927,0.0,18.038281,18.038281,0.0,11.961719,56.817499999999995,0.0,26.56,18.44
1290,323,73.7,24.01914,5.9808595,37.101685,0.0,18.038281,18.038281,0.0,11.961719,26.487499999999997,0.0,26.56,18.44
1291,323,86.44,24.01914,5.9808595,53.797444,0.0,18.038281,18.038281,0.0,11.961719,81.3475,0.0,26.56,18.44
1292,323,84.01,24.01914,5.9808595,70.493202,0.0,18.038281,18.038281,0.0,11.961719,71.56,45.19,26.56,18.44
1293,324,72.97,15.0,15.0,68.935755,0.0,0.0,0.0,30.0,0.0,53.650000000000006,56.98,24.389999999999997,15.320000000000002
1294,324,69.26,15.0,15.0,67.378308,0.0,0.0,0.0,30.0,0.0,94.5925,0.0,24.389999999999997,15.320000000000002
1295,324,67.98,15.0,15.0,65.820861,0.0,0.0,0.0,30.0,0.0,60.93666666666667,0.0,24.389999999999997,15.320000000000002
1296,324,65.1,15.0,15.0,64.263415,0.0,0.0,0.0,30.0,0.0,67.06333333333333,0.98,24.389999999999997,15.320000000000002
1297,325,66.47,15.0,15.0,62.705968,0.0,0.0,0.0,30.0,0.0,67.01666666666667,35.435,17.88,5.96
1298,325,63.9,15.0,15.0,61.148521,0.0,0.0,0.0,30.0,0.0,65.71666666666667,24.375,17.88,5.96
1299,325,59.5,15.0,15.0,59.591074,0.0,0.0,0.0,30.0,0.0,64.97,19.313333333333333,17.88,5.96
1300,325,55.2,15.0,15.0,58.033627,0.0,0.0,0.0,30.0,0.0,60.864999999999995,0.0,17.88,5.96
1301,326,55.39,15.0,15.0,56.476181,0.0,0.0,0.0,30.0,0.0,67.19,51.98,17.88,5.96
1302,326,57.1,15.0,15.0,54.918734,0.0,0.0,0.0,30.0,0.0,0.0,45.05,17.88,5.96
1303,326,61.67,15.0,15.0,53.361287,0.0,0.0,0.0,30.0,0.0,34.90333333333333,38.77,17.88,5.96
1304,326,66.11,15.0,15.0,51.80384,0.0,0.0,0.0,30.0,0.0,57.24,0.0,17.88,5.96
1305,327,64.4,15.0,15.0,50.246393,0.0,0.0,0.0,30.0,0.0,10.02,52.605000000000004,17.88,5.96
1306,327,57.6,15.0,15.0,48.688947,0.0,0.0,0.0,30.0,0.0,64.39666666666666,0.0,17.88,5.96
1307,327,49.19,15.0,15.0,47.1315,0.0,0.0,0.0,30.0,0.0,159.79000000000002,-90.0,17.88,5.96
1308,327,45.81,15.0,15.0,45.574053,0.0,0.0,0.0,30.0,0.0,53.572500000000005,36.055,17.88,5.96
1309,328,40.32,15.0,15.0,44.016606,0.0,0.0,0.0,30.0,0.0,58.4875,0.0,17.88,5.96
1310,328,32.22,15.0,15.0,42.459159,0.0,0.0,0.0,30.0,0.0,64.75,-65.26333333333334,17.88,5.96
1311,328,37.6,15.0,15.0,40.901712,0.0,0.0,0.0,30.0,0.0,30.296666666666667,-36.81,17.88,5.96
1312,328,45.0,15.0,15.0,39.344266,0.0,0.0,0.0,30.0,0.0,56.4,24.65,17.88,5.96
1313,329,55.96,15.21551,14.78449,38.222975,0.0,0.431021,0.431021,29.568979,0.0,53.123333333333335,52.46,17.88,5.96
1314,329,72.96,15.21551,14.78449,37.101685,0.0,0.431021,0.431021,29.568979,0.0,169.7825,-10.97666666666666,17.88,5.96
1315,329,81.95,15.21551,14.78449,35.980395,0.0,0.431021,0.431021,29.568979,0.0,79.6325,-45.20500000000001,17.88,5.96
1316,329,74.13,15.21551,14.78449,34.859105,0.0,0.431021,0.431021,29.568979,0.0,67.97,40.513333333333335,17.88,5.96
1317,330,65.17,15.0,15.0,33.301658,0.0,0.0,0.0,30.0,0.0,76.45,28.696666666666665,17.59,5.72
1318,330,59.94,15.0,15.0,31.744211,0.0,0.0,0.0,30.0,0.0,6.62,15.004999999999999,17.59,5.72
1319,330,64.02,15.0,15.0,30.186764,0.0,0.0,0.0,30.0,0.0,0.0,-12.739999999999998,17.59,5.72
1320,330,63.51,15.0,15.0,28.629317,0.0,0.0,0.0,30.0,0.0,0.0,35.214999999999996,17.59,5.72
1321,331,56.57,15.0,15.0,27.071871,0.0,0.0,0.0,30.0,0.0,46.93,50.67,16.72,5.0
1322,331,55.44,15.0,15.0,25.514424,0.0,0.0,0.0,30.0,0.0,0.0,0.0,16.72,5.0
1323,331,55.44,15.0,15.0,23.956977,0.0,0.0,0.0,30.0,0.0,58.37,43.12,16.72,5.0
1324,331,54.95,15.0,15.0,22.39953,0.0,0.0,0.0,30.0,0.0,59.14,38.94,16.72,5.0
1325,332,55.25,15.0,15.0,20.842083,0.0,0.0,0.0,30.0,0.0,58.62,0.0,16.72,5.0
1326,332,55.07,15.0,15.0,19.284637,0.0,0.0,0.0,30.0,0.0,50.6375,0.0,16.72,5.0
1327,332,58.6,15.0,15.0,17.72719,0.0,0.0,0.0,30.0,0.0,0.0,38.36,16.72,5.0
1328,332,59.92,15.0,15.0,16.169743,0.0,0.0,0.0,30.0,0.0,0.0,38.1575,16.72,5.0
1329,333,75.0,15.0,15.0,14.612296,0.0,0.0,0.0,30.0,0.0,0.0,39.225,16.72,5.0
1330,333,71.5,15.0,15.0,13.054849,0.0,0.0,0.0,30.0,0.0,0.0,45.35666666666667,16.72,5.0
1331,333,56.68,15.0,15.0,11.497403,0.0,0.0,0.0,30.0,0.0,58.46,-40.682500000000005,16.72,5.0
1332,333,54.64,15.0,15.0,9.9399558,0.0,0.0,0.0,30.0,0.0,72.12,46.07,16.72,5.0
1333,334,50.0,15.0,15.0,8.3825089,0.0,0.0,0.0,30.0,0.0,50.1875,0.0,16.72,5.0
1334,334,46.03,15.0,15.0,6.8250621,0.0,0.0,0.0,30.0,0.0,37.945,0.0,16.72,5.0
1335,334,49.84,15.0,15.0,5.2676153,0.0,0.0,0.0,30.0,0.0,34.7725,46.96,16.72,5.0
1336,334,55.0,15.0,15.0,3.7101685,0.0,0.0,0.0,30.0,0.0,32.425,55.77,16.72,5.0
1337,335,68.9,24.01914,5.9808595,20.405927,0.0,18.038281,18.038281,11.961719,0.0,64.3525,-18.08,16.72,5.0
1338,335,85.69,24.01914,5.9808595,37.101685,0.0,18.038281,18.038281,11.961719,0.0,50.0725,-223.64,16.72,5.0
1339,335,93.88,24.01914,5.9808595,53.797444,0.0,18.038281,18.038281,11.961719,0.0,78.51333333333335,1.8900000000000006,16.72,5.0
1340,335,79.0,24.01914,5.9808595,70.493202,0.0,18.038281,18.038281,11.961719,0.0,65.56333333333333,21.512500000000003,16.72,5.0
1341,336,69.96,15.0,15.0,68.935755,0.0,0.0,0.0,30.0,0.0,86.6125,0.0,16.83,4.87
1342,336,65.82,15.0,15.0,67.378308,0.0,0.0,0.0,30.0,0.0,54.7,0.0,16.83,4.87
1343,336,65.23,15.0,15.0,65.820861,0.0,0.0,0.0,30.0,0.0,73.025,0.0,16.83,4.87
1344,336,58.38,15.0,15.0,64.263415,30.0,30.0,0.0,30.0,0.0,60.04,32.6,16.83,4.87
1345,337,57.83,15.0,15.0,62.705968,30.0,30.0,0.0,30.0,0.0,0.0,16.2625,17.16,4.48
1346,337,56.82,15.0,15.0,61.148521,30.0,30.0,0.0,30.0,0.0,0.0,19.487499999999997,17.16,4.48
1347,337,55.67,15.0,15.0,59.591074,0.0,0.0,0.0,30.0,0.0,0.0,30.7275,17.16,4.48
1348,337,51.8,15.0,15.0,58.033627,0.0,0.0,0.0,30.0,0.0,62.2075,37.68,17.16,4.48
1349,338,53.24,15.0,15.0,56.476181,0.0,0.0,0.0,30.0,0.0,0.0,50.096666666666664,17.16,4.48
1350,338,57.92,15.0,15.0,54.918734,0.0,0.0,0.0,30.0,0.0,62.8375,29.42,17.16,4.48
1351,338,68.44,15.0,15.0,53.361287,0.0,0.0,0.0,30.0,0.0,58.075,53.54666666666667,17.16,4.48
1352,338,79.54,15.0,15.0,51.80384,0.0,0.0,0.0,30.0,0.0,64.4675,0.0,17.16,4.48
1353,339,81.6,15.0,15.0,50.246393,0.0,0.0,0.0,30.0,0.0,59.76,0.0,17.16,4.48
1354,339,73.83,15.0,15.0,48.688947,0.0,0.0,0.0,30.0,0.0,67.85,0.0,17.16,4.48
1355,339,66.65,15.0,15.0,47.1315,0.0,0.0,0.0,30.0,0.0,65.62,0.0,17.16,4.48
1356,339,65.03,15.0,15.0,45.574053,0.0,0.0,0.0,30.0,0.0,61.20666666666667,49.89,17.16,4.48
1357,340,58.42,15.0,15.0,44.016606,0.0,0.0,0.0,30.0,0.0,39.325,0.0,17.16,4.48
1358,340,58.19,15.0,15.0,42.459159,30.0,30.0,0.0,30.0,0.0,62.52333333333333,0.0,17.16,4.48
1359,340,61.29,15.0,15.0,40.901712,0.0,0.0,0.0,30.0,0.0,69.43666666666667,0.0,17.16,4.48
1360,340,64.95,15.0,15.0,39.344266,0.0,0.0,0.0,30.0,0.0,62.68,41.67333333333333,17.16,4.48
1361,341,69.92,18.293727,11.706273,44.452763,0.0,6.587455,6.587455,23.412545,0.0,0.0,43.682500000000005,17.16,4.48
1362,341,77.0,18.293727,11.706273,49.56126,0.0,6.587455,6.587455,23.412545,0.0,0.0,0.0,17.16,4.48
1363,341,85.32,18.293727,11.706273,54.669757,0.0,6.587455,6.587455,23.412545,0.0,21.3575,0.0,17.16,4.48
1364,341,81.0,18.293727,11.706273,59.778254,0.0,6.587455,6.587455,23.412545,0.0,53.16250000000001,0.0,17.16,4.48
1365,342,72.21,15.0,15.0,58.220807,0.0,0.0,0.0,30.0,0.0,67.05,0.0,17.05,4.3500000000000005
1366,342,65.69,15.0,15.0,56.66336,0.0,0.0,0.0,30.0,0.0,59.665,52.5,17.05,4.3500000000000005
1367,342,65.21,15.0,15.0,55.105913,0.0,0.0,0.0,30.0,0.0,59.17,50.82,17.05,4.3500000000000005
1368,342,60.76,15.0,15.0,53.548466,30.0,30.0,0.0,30.0,0.0,0.0,46.065,17.05,4.3500000000000005
1369,343,57.62,15.0,15.0,51.99102,0.0,0.0,0.0,30.0,0.0,0.0,41.8425,16.72,3.96
1370,343,57.55,15.0,15.0,50.433573,0.0,0.0,0.0,30.0,0.0,0.0,46.33,16.72,3.96
1371,343,57.35,15.0,15.0,48.876126,0.0,0.0,0.0,30.0,0.0,0.0,46.69,16.72,3.96
1372,343,56.87,15.0,15.0,47.318679,30.0,30.0,0.0,30.0,0.0,73.80000000000001,47.78333333333334,16.72,3.96
1373,344,57.35,15.0,15.0,45.761232,0.0,0.0,0.0,30.0,0.0,0.0,46.519999999999996,16.72,3.96
1374,344,62.75,15.0,15.0,44.203786,0.0,0.0,0.0,30.0,0.0,0.0,33.2575,16.72,3.96
1375,344,73.32,15.0,15.0,42.646339,0.0,0.0,0.0,30.0,0.0,63.875,39.78666666666667,16.72,3.96
1376,344,92.87,15.0,15.0,41.088892,0.0,0.0,0.0,30.0,0.0,87.2125,36.6,16.72,3.96
1377,345,95.22,15.0,15.0,39.531445,0.0,0.0,0.0,30.0,0.0,43.2475,0.0,16.72,3.96
1378,345,80.81,15.0,15.0,37.973998,0.0,0.0,0.0,30.0,0.0,0.0,43.3,16.72,3.96
1379,345,68.71,15.0,15.0,36.416551,0.0,0.0,0.0,30.0,0.0,71.7875,50.98,16.72,3.96
1380,345,61.0,15.0,15.0,34.859105,0.0,0.0,0.0,30.0,0.0,100.055,43.4,16.72,3.96
1381,346,55.49,15.0,15.0,33.301658,0.0,0.0,0.0,30.0,0.0,0.0,49.325,16.72,3.96
1382,346,55.58,15.0,15.0,31.744211,0.0,0.0,0.0,30.0,0.0,21.787499999999994,55.1,16.72,3.96
1383,346,56.0,15.0,15.0,30.186764,0.0,0.0,0.0,30.0,0.0,0.67,51.28,16.72,3.96
1384,346,59.9,15.0,15.0,28.629317,0.0,0.0,0.0,30.0,0.0,0.0,58.18,16.72,3.96
1385,347,66.5,15.0,15.0,27.071871,0.0,0.0,0.0,30.0,0.0,126.05000000000001,-2.02,16.72,3.96
1386,347,93.95,15.0,15.0,25.514424,0.0,0.0,0.0,30.0,0.0,1118.9250000000002,0.0,16.72,3.96
1387,347,110.18,15.0,15.0,23.956977,0.0,0.0,0.0,30.0,0.0,1117.1,0.0,16.72,3.96
1388,347,105.17,15.0,15.0,22.39953,0.0,0.0,0.0,30.0,0.0,0.0,51.14,16.72,3.96
1389,348,84.36,15.0,15.0,20.842083,0.0,0.0,0.0,30.0,0.0,28.04,60.36666666666667,16.39,3.84
1390,348,72.5,15.0,15.0,19.284637,0.0,0.0,0.0,30.0,0.0,107.92,47.14,16.39,3.84
1391,348,70.3,15.0,15.0,17.72719,0.0,0.0,0.0,30.0,0.0,0.0,48.655,16.39,3.84
1392,348,64.97,15.0,15.0,16.169743,0.0,0.0,0.0,30.0,0.0,33.724999999999994,49.03333333333333,16.39,3.84
1393,349,60.36,15.0,15.0,14.612296,0.0,0.0,0.0,30.0,0.0,35.56,43.8,15.4,3.48
1394,349,59.4,15.0,15.0,13.054849,0.0,0.0,0.0,30.0,0.0,47.78666666666666,0.0,15.4,3.48
1395,349,61.34,15.0,15.0,11.497403,0.0,0.0,0.0,30.0,0.0,69.61,0.0,15.4,3.48
1396,349,63.46,15.0,15.0,9.9399558,0.0,0.0,0.0,30.0,0.0,33.68,0.0,15.4,3.48
1397,350,63.74,15.0,15.0,8.3825089,0.0,0.0,0.0,30.0,0.0,47.715,0.0,15.4,3.48
1398,350,67.46,15.0,15.0,6.8250621,0.0,0.0,0.0,30.0,0.0,61.27,0.0,15.4,3.48
1399,350,74.08,15.0,15.0,5.2676153,0.0,0.0,0.0,30.0,0.0,45.195,54.1,15.4,3.48
1400,350,97.07,15.0,15.0,3.7101685,0.0,0.0,0.0,30.0,0.0,62.6275,0.0,15.4,3.48
1401,351,104.49,24.01914,5.9808595,20.405927,0.0,18.038281,18.038281,11.961719,0.0,54.08749999999999,0.0,15.4,3.48
1402,351,85.46,24.01914,5.9808595,37.101685,0.0,18.038281,18.038281,11.961719,0.0,188.71,44.724999999999994,15.4,3.48
1403,351,73.99,24.01914,5.9808595,53.797444,0.0,18.038281,18.038281,11.961719,0.0,0.0,20.32,15.4,3.48
1404,351,67.55,24.01914,5.9808595,70.493202,0.0,18.038281,18.038281,11.961719,0.0,61.33,53.345,15.4,3.48
1405,352,63.1,15.0,15.0,68.935755,0.0,0.0,0.0,30.0,0.0,0.0,58.623333333333335,15.4,3.48
1406,352,57.9,15.0,15.0,67.378308,0.0,0.0,0.0,30.0,0.0,89.3125,59.98,15.4,3.48
1407,352,58.5,15.0,15.0,65.820861,0.0,0.0,0.0,30.0,0.0,36.92,0.0,15.4,3.48
1408,352,60.0,15.0,15.0,64.263415,0.0,0.0,0.0,30.0,0.0,0.0,48.167500000000004,15.4,3.48
1409,353,72.46,16.539108,13.460892,65.820861,0.0,3.078217,3.078217,26.921783,0.0,0.0,26.68,15.4,3.48
1410,353,70.0,16.539108,13.460892,67.378308,0.0,3.078217,3.078217,26.921783,0.0,0.0,29.037499999999998,15.4,3.48
1411,353,89.8,16.539108,13.460892,68.935755,0.0,3.078217,3.078217,26.921783,0.0,31.3,56.8725,15.4,3.48
1412,353,78.18,16.539108,13.460892,70.493202,0.0,3.078217,3.078217,26.921783,0.0,52.044999999999995,49.556666666666665,15.4,3.48
1413,354,65.55,15.0,15.0,68.935755,0.0,0.0,0.0,30.0,0.0,58.52333333333334,27.44,15.34,3.65
1414,354,62.69,15.0,15.0,67.378308,0.0,0.0,0.0,30.0,0.0,146.425,0.0,15.34,3.65
1415,354,64.08,15.0,15.0,65.820861,0.0,0.0,0.0,30.0,0.0,9.01,0.0,15.34,3.65
1416,354,55.2,15.0,15.0,64.263415,0.0,0.0,0.0,30.0,0.0,74.77,45.322500000000005,15.34,3.65
1417,355,54.82,15.0,15.0,62.705968,0.0,0.0,0.0,30.0,0.0,84.935,-0.8049999999999997,15.16,4.16
1418,355,53.02,15.0,15.0,61.148521,0.0,0.0,0.0,30.0,0.0,72.39,36.730000000000004,15.16,4.16
1419,355,49.71,15.0,15.0,59.591074,0.0,0.0,0.0,30.0,0.0,70.39,40.39,15.16,4.16
1420,355,46.62,15.0,15.0,58.033627,30.0,30.0,0.0,30.0,0.0,83.09666666666666,39.07,15.16,4.16
1421,356,43.75,15.0,15.0,56.476181,0.0,0.0,0.0,30.0,0.0,93.185,0.0,15.16,4.16
1422,356,48.0,15.0,15.0,54.918734,0.0,0.0,0.0,30.0,0.0,61.39,35.95,15.16,4.16
1423,356,61.37,15.0,15.0,53.361287,0.0,0.0,0.0,30.0,0.0,81.53,14.106666666666662,15.16,4.16
1424,356,73.35,15.0,15.0,51.80384,0.0,0.0,0.0,30.0,0.0,74.72,41.58,15.16,4.16
1425,357,73.85,15.0,15.0,50.246393,0.0,0.0,0.0,30.0,0.0,84.95,8.1725,15.16,4.16
1426,357,70.39,15.0,15.0,48.688947,0.0,0.0,0.0,30.0,0.0,93.95,38.685,15.16,4.16
1427,357,65.65,15.0,15.0,47.1315,0.0,0.0,0.0,30.0,0.0,80.1,53.06,15.16,4.16
1428,357,66.46,15.0,15.0,45.574053,0.0,0.0,0.0,30.0,0.0,8.22,53.510000000000005,15.16,4.16
1429,358,60.0,15.0,15.0,44.016606,0.0,0.0,0.0,30.0,0.0,71.1,44.14,15.16,4.16
1430,358,57.77,15.0,15.0,42.459159,0.0,0.0,0.0,30.0,0.0,9.19,-17.775,15.16,4.16
1431,358,63.68,15.0,15.0,40.901712,0.0,0.0,0.0,30.0,0.0,57.985,27.375000000000004,15.16,4.16
1432,358,65.2,15.0,15.0,39.344266,0.0,0.0,0.0,30.0,0.0,0.0,58.31,15.16,4.16
1433,359,71.62,15.21551,14.78449,38.222975,0.0,0.431021,0.431021,29.568979,0.0,0.0,47.235,15.16,4.16
1434,359,80.0,15.21551,14.78449,37.101685,0.0,0.431021,0.431021,29.568979,0.0,89.11,56.32,15.16,4.16
1435,359,86.26,15.21551,14.78449,35.980395,0.0,0.431021,0.431021,29.568979,0.0,709.26,0.0,15.16,4.16
1436,359,80.99,15.21551,14.78449,34.859105,0.0,0.431021,0.431021,29.568979,0.0,8.280000000000001,32.97,15.16,4.16
1437,360,72.77,15.0,15.0,33.301658,0.0,0.0,0.0,30.0,0.0,66.95,24.557499999999997,15.360000000000001,4.68
1438,360,67.25,15.0,15.0,31.744211,0.0,0.0,0.0,30.0,0.0,44.28,0.0,15.360000000000001,4.68
1439,360,64.9,15.0,15.0,30.186764,0.0,0.0,0.0,30.0,0.0,50.129999999999995,48.82,15.360000000000001,4.68
1440,360,60.9,15.0,15.0,28.629317,0.0,0.0,0.0,30.0,0.0,74.07,-3.1400000000000006,15.360000000000001,4.68
1441,361,62.04,15.0,15.0,27.071871,0.0,0.0,0.0,30.0,0.0,0.0,-12.377500000000005,15.96,6.24
1442,361,61.42,15.0,15.0,25.514424,0.0,0.0,0.0,30.0,0.0,0.0,4.252499999999998,15.96,6.24
1443,361,58.14,15.0,15.0,23.956977,0.0,0.0,0.0,30.0,0.0,0.0,10.503333333333337,15.96,6.24
1444,361,57.83,15.0,15.0,22.39953,0.0,0.0,0.0,30.0,0.0,0.0,-14.073333333333334,15.96,6.24
1445,362,58.3,15.0,15.0,20.842083,0.0,0.0,0.0,30.0,0.0,59.26,22.5625,15.96,6.24
1446,362,62.49,15.0,15.0,19.284637,0.0,0.0,0.0,30.0,0.0,80.14333333333333,43.25,15.96,6.24
1447,362,71.58,15.0,15.0,17.72719,0.0,0.0,0.0,30.0,0.0,0.64,-10.133333333333326,15.96,6.24
1448,362,79.36,15.0,15.0,16.169743,0.0,0.0,0.0,30.0,0.0,83.59,42.385000000000005,15.96,6.24
1449,363,86.02,15.0,15.0,14.612296,0.0,0.0,0.0,30.0,0.0,45.364999999999995,39.87,15.96,6.24
1450,363,78.04,15.0,15.0,13.054849,0.0,0.0,0.0,30.0,0.0,0.0,-33.81,15.96,6.24
1451,363,66.51,15.0,15.0,11.497403,0.0,0.0,0.0,30.0,0.0,48.763333333333335,-33.699999999999996,15.96,6.24
1452,363,64.53,15.0,15.0,9.9399558,0.0,0.0,0.0,30.0,0.0,0.0,-303.7925,15.96,6.24
1453,364,47.55,15.0,15.0,8.3825089,0.0,0.0,0.0,30.0,0.0,0.0,-404.62,15.96,6.24
1454,364,50.0,15.0,15.0,6.8250621,0.0,0.0,0.0,30.0,0.0,26.255000000000003,-40.0,15.96,6.24
1455,364,63.2,15.0,15.0,5.2676153,0.0,0.0,0.0,30.0,0.0,34.43,20.634999999999998,15.96,6.24
1456,364,71.17,15.0,15.0,3.7101685,0.0,0.0,0.0,30.0,0.0,6.89,47.015,15.96,6.24
1457,365,78.28,19.617325,10.382675,11.497403,0.0,9.234651,9.234651,20.765349,0.0,0.0,21.002500000000012,15.96,6.24
1458,365,89.4,19.617325,10.382675,19.284637,0.0,9.234651,9.234651,20.765349,0.0,128.89666666666668,53.88,15.96,6.24
1459,365,93.73,19.617325,10.382675,27.071871,0.0,9.234651,9.234651,20.765349,0.0,100.0625,0.0,15.96,6.24
1460,365,87.19,19.617325,10.382675,34.859105,0.0,9.234651,9.234651,20.765349,0.0,74.18,58.38,15.96,6.24
1461,366,77.49,15.0,15.0,33.301658,0.0,0.0,0.0,0.0,30.0,73.93,54.96333333333334,15.66,6.46
1462,366,71.62,15.0,15.0,31.744211,0.0,0.0,0.0,0.0,30.0,43.209999999999994,45.167500000000004,15.66,6.46
1463,366,70.06,15.0,15.0,30.186764,0.0,0.0,0.0,0.0,30.0,0.0,1.8699999999999974,15.66,6.46
1464,366,66.39,15.0,15.0,28.629317,0.0,0.0,0.0,0.0,30.0,67.63,12.822499999999991,15.66,6.46
1465,367,59.95,15.0,15.0,27.071871,0.0,0.0,0.0,30.0,0.0,63.94,31.46333333333334,14.76,7.12
1466,367,56.03,15.0,15.0,25.514424,0.0,0.0,0.0,30.0,0.0,56.56,45.5,14.76,7.12
1467,367,56.02,15.0,15.0,23.956977,0.0,0.0,0.0,30.0,0.0,49.82750000000001,0.0,14.76,7.12
1468,367,55.48,15.0,15.0,22.39953,0.0,0.0,0.0,30.0,0.0,70.13,42.575,14.76,7.12
1469,368,54.88,15.0,15.0,20.842083,0.0,0.0,0.0,30.0,0.0,0.0,22.6625,14.76,7.12
1470,368,55.99,15.0,15.0,19.284637,0.0,0.0,0.0,30.0,0.0,0.0,41.2775,14.76,7.12
1471,368,56.58,15.0,15.0,17.72719,0.0,0.0,0.0,30.0,0.0,0.0,38.9875,14.76,7.12
1472,368,60.67,15.0,15.0,16.169743,0.0,0.0,0.0,30.0,0.0,56.5075,48.9,14.76,7.12
1473,369,63.76,15.0,15.0,14.612296,0.0,0.0,0.0,30.0,0.0,6.12,25.880000000000003,14.76,7.12
1474,369,65.75,15.0,15.0,13.054849,0.0,0.0,0.0,30.0,0.0,59.06,-448.2675,14.76,7.12
1475,369,60.44,15.0,15.0,11.497403,0.0,0.0,0.0,30.0,0.0,0.0,-370.5425,14.76,7.12
1476,369,53.8,15.0,15.0,9.9399558,0.0,0.0,0.0,30.0,0.0,0.0,-397.90999999999997,14.76,7.12
1477,370,53.07,15.0,15.0,8.3825089,0.0,0.0,0.0,30.0,0.0,0.0,-463.815,14.76,7.12
1478,370,54.9,15.0,15.0,6.8250621,0.0,0.0,0.0,30.0,0.0,58.255,-380.805,14.76,7.12
1479,370,59.86,15.0,15.0,5.2676153,0.0,0.0,0.0,30.0,0.0,47.913333333333334,-296.33500000000004,14.76,7.12
1480,370,66.08,15.0,15.0,3.7101685,0.0,0.0,0.0,30.0,0.0,48.8975,26.436666666666664,14.76,7.12
1481,371,73.0,24.01914,5.9808595,20.405927,0.0,18.038281,18.038281,11.961719,0.0,59.68,26.815,14.76,7.12
1482,371,81.17,24.01914,5.9808595,37.101685,0.0,18.038281,18.038281,11.961719,0.0,9.215,-109.91500000000002,14.76,7.12
1483,371,93.6,24.01914,5.9808595,53.797444,0.0,18.038281,18.038281,11.961719,0.0,8.35,13.149999999999999,14.76,7.12
1484,371,89.9,24.01914,5.9808595,70.493202,0.0,18.038281,18.038281,11.961719,0.0,0.0,32.775,14.76,7.12
1485,372,76.98,15.0,15.0,68.935755,0.0,0.0,0.0,30.0,0.0,0.0,-22.0225,14.6,7.13
1486,372,69.81,15.0,15.0,67.378308,0.0,0.0,0.0,30.0,0.0,60.31,41.54666666666667,14.6,7.13
1487,372,69.9,15.0,15.0,65.820861,0.0,0.0,0.0,30.0,0.0,100.24,35.942499999999995,14.6,7.13
1488,372,68.2,15.0,15.0,64.263415,0.0,0.0,0.0,30.0,0.0,40.120000000000005,22.523333333333333,14.6,7.13
1489,373,60.1,15.0,15.0,62.705968,0.0,0.0,0.0,30.0,0.0,69.75333333333333,31.14,14.12,7.16
1490,373,69.21,15.0,15.0,61.148521,0.0,0.0,0.0,30.0,0.0,77.02,-10.815,14.12,7.16
1491,373,67.03,15.0,15.0,59.591074,0.0,0.0,0.0,30.0,0.0,58.33,-9.623333333333335,14.12,7.16
1492,373,57.91,15.0,15.0,58.033627,0.0,0.0,0.0,30.0,0.0,38.765,46.57,14.12,7.16
1493,374,55.48,15.0,15.0,56.476181,0.0,0.0,0.0,30.0,0.0,7.58,40.4925,14.12,7.16
1494,374,58.88,15.0,15.0,54.918734,0.0,0.0,0.0,30.0,0.0,0.0,25.8575,14.12,7.16
1495,374,65.39,15.0,15.0,53.361287,0.0,0.0,0.0,30.0,0.0,50.372499999999995,46.57,14.12,7.16
1496,374,69.8,15.0,15.0,51.80384,0.0,0.0,0.0,30.0,0.0,68.38,33.055,14.12,7.16
1497,375,71.51,15.0,15.0,50.246393,0.0,0.0,0.0,30.0,0.0,66.91,40.01,14.12,7.16
1498,375,72.49,15.0,15.0,48.688947,0.0,0.0,0.0,30.0,0.0,66.72,41.42,14.12,7.16
1499,375,63.14,15.0,15.0,47.1315,0.0,0.0,0.0,30.0,0.0,0.0,-21.0025,14.12,7.16
1500,375,50.0,15.0,15.0,45.574053,0.0,0.0,0.0,30.0,0.0,51.85333333333334,49.193333333333335,14.12,7.16
1501,376,47.51,11.495998,18.504002,36.925103,7.0080034,0.0,-7.0080034,22.991997,0.0,0.0,-516.4325,14.12,7.16
1502,376,42.51,11.495998,18.504002,28.276153,7.0080034,0.0,-7.0080034,22.991997,0.0,58.45,-821.34,14.12,7.16
1503,376,46.84,11.495998,18.504002,19.627203,7.0080034,0.0,-7.0080034,22.991997,0.0,58.34,-294.58000000000004,14.12,7.16
1504,376,58.07,11.495998,18.504002,10.978254,30.0,22.991997,-7.008002999999999,22.991997,0.0,65.58,-337.52666666666664,14.12,7.16
1505,377,60.28,12.178301,17.821699,3.7101685,5.6433978,0.0,-5.6433978,24.356602,0.0,54.06666666666666,69.31,14.12,7.16
1506,377,77.72,17.821699,12.178301,7.86336,0.0,5.6433978,5.6433978,24.356602,0.0,84.7525,-513.2875,14.12,7.16
1507,377,88.0,17.821699,12.178301,12.016551,0.0,5.6433978,5.6433978,24.356602,0.0,4.935,44.97,14.12,7.16
1508,377,86.96,17.821699,12.178301,16.169743,24.356602,30.0,5.643398000000001,24.356602,0.0,38.53,0.0,14.12,7.16
1509,378,81.8,15.0,15.0,14.612296,0.0,0.0,0.0,30.0,0.0,0.0,0.0,12.83,6.36
1510,378,75.0,15.0,15.0,13.054849,0.0,0.0,0.0,30.0,0.0,0.0,54.725,12.83,6.36
1511,378,72.18,15.0,15.0,11.497403,0.0,0.0,0.0,30.0,0.0,0.0,50.445,12.83,6.36
1512,378,72.42,15.0,15.0,9.9399558,0.0,0.0,0.0,30.0,0.0,0.0,51.205,12.83,6.36
1513,379,69.13,15.0,15.0,8.3825089,0.0,0.0,0.0,30.0,0.0,0.0,48.67,8.96,3.96
1514,379,67.9,15.0,15.0,6.8250621,0.0,0.0,0.0,30.0,0.0,0.0,29.745,8.96,3.96
1515,379,67.41,15.0,15.0,5.2676153,0.0,0.0,0.0,30.0,0.0,65.69,45.38333333333333,8.96,3.96
1516,379,66.22,15.0,15.0,3.7101685,0.0,0.0,0.0,30.0,0.0,55.92,0.0,8.96,3.96
1517,380,65.59,15.769554,14.230446,3.7101685,0.0,1.5391085,1.5391085,28.460892,0.0,65.69,0.0,8.96,3.96
1518,380,70.83,15.769554,14.230446,3.7101685,0.0,1.5391085,1.5391085,28.460892,0.0,0.0,57.52,8.96,3.96
1519,380,81.18,15.769554,14.230446,3.7101685,0.0,1.5391085,1.5391085,28.460892,0.0,74.14,57.52,8.96,3.96
1520,380,96.67,15.769554,14.230446,3.7101685,0.0,1.5391085,1.5391085,28.460892,0.0,77.5025,60.18,8.96,3.96
1521,381,102.97,30.0,0.0,32.510169,0.0,30.0,30.0,0.0,0.0,72.61,57.63,8.96,3.96
1522,381,85.02,30.0,0.0,61.310169,0.0,30.0,30.0,0.0,0.0,0.0,51.817499999999995,8.96,3.96
1523,381,71.23,6.156434,23.843566,41.854849,17.687132,0.0,-17.687132,0.0,0.0,169.06,46.57,8.96,3.96
1524,381,63.2,0.0,30.0,9.9399558,30.0,0.0,-30.0,0.0,0.0,86.45,47.754999999999995,8.96,3.96
1525,382,63.3,15.0,15.0,8.3825089,0.0,0.0,0.0,30.0,0.0,7.69,44.7175,8.96,3.96
1526,382,61.04,15.0,15.0,6.8250621,30.0,30.0,0.0,30.0,0.0,64.49,41.5525,8.96,3.96
1527,382,62.5,15.0,15.0,5.2676153,30.0,30.0,0.0,30.0,0.0,0.0,36.7875,8.96,3.96
1528,382,69.86,15.0,15.0,3.7101685,0.0,0.0,0.0,30.0,0.0,0.0,-331.4225000000001,8.96,3.96
1529,383,76.7,15.769554,14.230446,3.7101685,0.0,1.5391085,1.5391085,6.4619949,0.0,0.0,48.58,8.96,3.96
1530,383,93.47,26.769003,3.2309975,25.97118,0.0,23.538005,23.538005,6.4619949,0.0,48.19333333333333,51.20333333333333,8.96,3.96
1531,383,105.18,26.769003,3.2309975,48.232191,0.0,23.538005,23.538005,6.4619949,0.0,49.290000000000006,32.22,8.96,3.96
1532,383,99.13,26.769003,3.2309975,70.493202,0.0,23.538005,23.538005,6.4619949,0.0,0.0,59.515,8.96,3.96
1533,384,80.52,15.0,15.0,68.935755,0.0,0.0,0.0,30.0,0.0,85.15,54.56666666666667,10.64,3.8299999999999996
1534,384,71.39,15.0,15.0,67.378308,0.0,0.0,0.0,30.0,0.0,0.0,53.3775,10.64,3.8299999999999996
1535,384,67.49,15.0,15.0,65.820861,0.0,0.0,0.0,30.0,0.0,0.0,50.74666666666667,10.64,3.8299999999999996
1536,384,63.93,15.0,15.0,64.263415,0.0,0.0,0.0,30.0,0.0,0.0,48.583333333333336,10.64,3.8299999999999996
1537,385,61.96,15.0,15.0,62.705968,0.0,0.0,0.0,30.0,0.0,71.1125,58.98,15.68,3.44
1538,385,61.67,15.0,15.0,61.148521,0.0,0.0,0.0,30.0,0.0,72.61,50.6,15.68,3.44
1539,385,61.33,15.0,15.0,59.591074,0.0,0.0,0.0,30.0,0.0,0.0,50.58,15.68,3.44
1540,385,59.86,15.0,15.0,58.033627,0.0,0.0,0.0,30.0,0.0,49.25749999999999,0.0,15.68,3.44
1541,386,60.56,15.0,15.0,56.476181,0.0,0.0,0.0,30.0,0.0,68.755,56.98,15.68,3.44
1542,386,61.67,15.0,15.0,54.918734,0.0,0.0,0.0,30.0,0.0,76.295,0.0,15.68,3.44
1543,386,71.53,15.0,15.0,53.361287,0.0,0.0,0.0,30.0,0.0,72.875,0.0,15.68,3.44
1544,386,79.28,15.0,15.0,51.80384,0.0,0.0,0.0,30.0,0.0,61.83,46.236666666666665,15.68,3.44
1545,387,83.02,15.0,15.0,50.246393,30.0,30.0,0.0,30.0,0.0,37.4625,58.9,15.68,3.44
1546,387,77.0,15.0,15.0,48.688947,0.0,0.0,0.0,30.0,0.0,37.215,55.98,15.68,3.44
1547,387,71.15,15.0,15.0,47.1315,0.0,0.0,0.0,30.0,0.0,68.66,56.66,15.68,3.44
1548,387,69.72,15.0,15.0,45.574053,0.0,0.0,0.0,30.0,0.0,46.64666666666667,0.0,15.68,3.44
1549,388,65.99,15.0,15.0,44.016606,0.0,0.0,0.0,30.0,0.0,69.775,0.0,15.68,3.44
1550,388,65.81,15.0,15.0,42.459159,0.0,0.0,0.0,30.0,0.0,74.9425,0.0,15.68,3.44
1551,388,69.6,15.0,15.0,40.901712,0.0,0.0,0.0,30.0,0.0,65.545,58.3,15.68,3.44
1552,388,70.62,15.0,15.0,39.344266,0.0,0.0,0.0,30.0,0.0,55.9525,61.43,15.68,3.44
1553,389,76.3,15.21551,14.78449,38.222975,0.0,0.431021,0.431021,29.568979,0.0,0.0,54.885,15.68,3.44
1554,389,81.86,15.21551,14.78449,37.101685,0.0,0.431021,0.431021,29.568979,0.0,38.290000000000006,48.346666666666664,15.68,3.44
1555,389,104.38,15.21551,14.78449,35.980395,0.0,0.431021,0.431021,29.568979,0.0,68.09333333333333,52.959999999999994,15.68,3.44
1556,389,96.6,15.21551,14.78449,34.859105,0.0,0.431021,0.431021,29.568979,0.0,72.095,62.09,15.68,3.44
1557,390,78.42,15.0,15.0,33.301658,0.0,0.0,0.0,30.0,0.0,63.5725,62.09,15.24,3.33
1558,390,73.07,15.0,15.0,31.744211,0.0,0.0,0.0,30.0,0.0,64.315,61.879999999999995,15.24,3.33
1559,390,66.0,15.0,15.0,30.186764,0.0,0.0,0.0,30.0,0.0,0.0,60.76,15.24,3.33
1560,390,70.0,15.0,15.0,28.629317,0.0,0.0,0.0,30.0,0.0,73.76,0.0,15.24,3.33
1561,391,71.0,15.0,15.0,27.071871,0.0,0.0,0.0,30.0,0.0,55.36,56.985,13.92,3.0
1562,391,70.7,15.0,15.0,25.514424,0.0,0.0,0.0,30.0,0.0,0.0,58.325,13.92,3.0
1563,391,70.46,15.0,15.0,23.956977,0.0,0.0,0.0,30.0,0.0,0.0,56.57,13.92,3.0
1564,391,69.74,15.0,15.0,22.39953,0.0,0.0,0.0,30.0,0.0,0.0,0.0,13.92,3.0
1565,392,70.46,15.0,15.0,20.842083,0.0,0.0,0.0,30.0,0.0,0.0,62.364999999999995,13.92,3.0
1566,392,73.91,15.0,15.0,19.284637,0.0,0.0,0.0,30.0,0.0,89.91,56.57,13.92,3.0
1567,392,83.98,15.0,15.0,17.72719,0.0,0.0,0.0,30.0,0.0,31.296666666666674,0.0,13.92,3.0
1568,392,106.64,15.0,15.0,16.169743,30.0,30.0,0.0,30.0,0.0,86.64,56.57,13.92,3.0
1569,393,108.7,15.0,15.0,14.612296,30.0,30.0,0.0,30.0,0.0,0.0,42.2575,13.92,3.0
1570,393,87.21,15.0,15.0,13.054849,0.0,0.0,0.0,30.0,0.0,0.0,35.33,13.92,3.0
1571,393,75.69,15.0,15.0,11.497403,0.0,0.0,0.0,30.0,0.0,0.0,33.67666666666667,13.92,3.0
1572,393,71.83,15.0,15.0,9.9399558,0.0,0.0,0.0,30.0,0.0,0.0,42.535,13.92,3.0
1573,394,69.34,15.0,15.0,8.3825089,0.0,0.0,0.0,30.0,0.0,0.0,37.913333333333334,13.92,3.0
1574,394,69.29,15.0,15.0,6.8250621,0.0,0.0,0.0,30.0,0.0,0.0,37.795,13.92,3.0
1575,394,70.64,15.0,15.0,5.2676153,0.0,0.0,0.0,30.0,0.0,0.0,54.25,13.92,3.0
1576,394,72.28,15.0,15.0,3.7101685,0.0,0.0,0.0,30.0,0.0,0.0,50.1,13.92,3.0
1577,395,79.8,15.769554,14.230446,3.7101685,0.0,1.5391085,1.5391085,6.4619949,0.0,0.0,47.35666666666667,13.92,3.0
1578,395,96.11,26.769003,3.2309975,25.97118,0.0,23.538005,23.538005,6.4619949,0.0,0.0,45.85,13.92,3.0
1579,395,119.02,26.769003,3.2309975,48.232191,0.0,23.538005,23.538005,6.4619949,0.0,9.45,54.37,13.92,3.0
1580,395,119.25,26.769003,3.2309975,70.493202,0.0,23.538005,23.538005,6.4619949,0.0,102.88,57.25,13.92,3.0
1581,396,93.4,15.0,15.0,68.935755,0.0,0.0,0.0,30.0,0.0,0.0,51.8525,14.16,3.11
1582,396,80.15,15.0,15.0,67.378308,0.0,0.0,0.0,30.0,0.0,9.35,54.245,14.16,3.11
1583,396,77.98,15.0,15.0,65.820861,0.0,0.0,0.0,30.0,0.0,0.0,57.6875,14.16,3.11
1584,396,74.34,15.0,15.0,64.263415,0.0,0.0,0.0,30.0,0.0,40.08,54.3,14.16,3.11
1585,397,73.33,15.0,15.0,62.705968,0.0,0.0,0.0,30.0,0.0,101.38,53.11333333333334,14.88,3.44
1586,397,72.32,15.0,15.0,61.148521,0.0,0.0,0.0,30.0,0.0,48.86,0.0,14.88,3.44
1587,397,70.34,15.0,15.0,59.591074,0.0,0.0,0.0,30.0,0.0,45.775000000000006,0.0,14.88,3.44
1588,397,68.71,15.0,15.0,58.033627,0.0,0.0,0.0,30.0,0.0,73.1525,0.0,14.88,3.44
1589,398,69.89,15.0,15.0,56.476181,30.0,30.0,0.0,30.0,0.0,76.185,0.0,14.88,3.44
1590,398,73.13,15.0,15.0,54.918734,0.0,0.0,0.0,30.0,0.0,75.12666666666667,67.6,14.88,3.44
1591,398,84.27,15.0,15.0,53.361287,0.0,0.0,0.0,30.0,0.0,57.355,58.83,14.88,3.44
1592,398,103.2,15.0,15.0,51.80384,0.0,0.0,0.0,30.0,0.0,28.515,0.0,14.88,3.44
1593,399,96.7,15.0,15.0,50.246393,0.0,0.0,0.0,30.0,0.0,73.435,50.370000000000005,14.88,3.44
1594,399,79.09,15.0,15.0,48.688947,0.0,0.0,0.0,30.0,0.0,0.0,49.95,14.88,3.44
1595,399,71.31,15.0,15.0,47.1315,0.0,0.0,0.0,30.0,0.0,33.26333333333333,26.57,14.88,3.44
1596,399,66.16,15.0,15.0,45.574053,0.0,0.0,0.0,30.0,0.0,0.0,-41.5675,14.88,3.44
1597,400,60.62,15.0,15.0,44.016606,0.0,0.0,0.0,30.0,0.0,54.61,35.49,14.88,3.44
1598,400,60.16,15.0,15.0,42.459159,0.0,0.0,0.0,30.0,0.0,9.32,51.5025,14.88,3.44
1599,400,63.3,15.0,15.0,40.901712,0.0,0.0,0.0,30.0,0.0,111.32333333333334,51.49,14.88,3.44
1600,400,66.1,15.0,15.0,39.344266,0.0,0.0,0.0,30.0,0.0,60.98,46.56,14.88,3.44
1601,401,70.66,5.765349,24.234651,19.097457,18.469302,0.0,-18.469302,11.530698,0.0,0.0,40.7625,14.88,3.44
1602,401,90.11,24.234651,5.765349,36.229372,0.0,18.469302,18.469302,11.530698,0.0,0.0,30.053333333333335,14.88,3.44
1603,401,107.41,24.234651,5.765349,53.361287,11.530698,30.0,18.469302,11.530698,0.0,92.41,50.24666666666667,14.88,3.44
1604,401,90.43,24.234651,5.765349,70.493202,0.0,18.469302,18.469302,11.530698,0.0,139.06,22.295,14.88,3.44
1605,402,83.39,15.769554,14.230446,70.493202,0.0,1.5391085,1.5391085,28.460892,0.0,85.99,-13.197499999999991,16.04,5.220000000000001
1606,402,73.16,15.769554,14.230446,70.493202,0.0,1.5391085,1.5391085,28.460892,0.0,66.83,39.79,16.04,5.220000000000001
1607,402,73.25,15.769554,14.230446,70.493202,0.0,1.5391085,1.5391085,28.460892,0.0,67.725,32.89333333333333,16.04,5.220000000000001
1608,402,67.61,15.769554,14.230446,70.493202,0.0,1.5391085,1.5391085,28.460892,0.0,65.7775,31.015,16.04,5.220000000000001
1609,403,68.37,15.0,15.0,68.935755,0.0,0.0,0.0,30.0,0.0,74.68,-355.5,19.52,10.56
1610,403,66.96,15.0,15.0,67.378308,0.0,0.0,0.0,30.0,0.0,76.46,0.0,19.52,10.56
1611,403,67.01,15.0,15.0,65.820861,0.0,0.0,0.0,30.0,0.0,67.22,0.0,19.52,10.56
1612,403,65.99,15.0,15.0,64.263415,0.0,0.0,0.0,30.0,0.0,70.7375,0.0,19.52,10.56
1613,404,65.98,16.539108,13.460892,65.820861,0.0,3.078217,3.078217,26.921783,0.0,65.53999999999999,0.0,19.52,10.56
1614,404,66.93,16.539108,13.460892,67.378308,0.0,3.078217,3.078217,26.921783,0.0,64.68,0.0,19.52,10.56
1615,404,81.5,16.539108,13.460892,68.935755,0.0,3.078217,3.078217,26.921783,0.0,113.3775,0.0,19.52,10.56
1616,404,94.99,16.539108,13.460892,70.493202,0.0,3.078217,3.078217,26.921783,0.0,90.33,46.57,19.52,10.56
1617,405,88.89,15.769554,14.230446,70.493202,0.0,1.5391085,1.5391085,28.460892,0.0,77.98,0.0,19.52,10.56
1618,405,74.36,15.769554,14.230446,70.493202,0.0,1.5391085,1.5391085,28.460892,0.0,9.53,-21.293333333333344,19.52,10.56
1619,405,54.9,15.769554,14.230446,70.493202,0.0,1.5391085,1.5391085,28.460892,0.0,25.0325,-38.3625,19.52,10.56
1620,405,0.0,14.230446,15.769554,67.378308,1.5391085,0.0,-1.5391085,28.460892,0.0,9.51,-111.315,19.52,10.56
1621,406,-20.0,5.2831421,24.716858,46.155595,19.433716,0.0,-19.433716,10.566284,0.0,69.49666666666667,-184.3775,19.52,10.56
1622,406,-25.0,5.2831421,24.716858,24.932882,19.433716,0.0,-19.433716,10.566284,0.0,58.5225,-253.72249999999997,19.52,10.56
1623,406,-17.97,5.2831421,24.716858,3.7101685,19.433716,0.0,-19.433716,10.566284,0.0,27.692500000000003,-306.22,19.52,10.56
1624,406,30.0,15.769554,14.230446,3.7101685,0.0,1.5391085,1.5391085,10.566284,0.0,65.54,-128.43666666666667,19.52,10.56
1625,407,55.38,24.01914,5.9808595,20.405927,0.0,18.038281,18.038281,11.961719,0.0,42.957499999999996,-69.38,19.52,10.56
1626,407,71.94,24.01914,5.9808595,37.101685,0.0,18.038281,18.038281,11.961719,0.0,70.63666666666667,0.4450000000000003,19.52,10.56
1627,407,83.75,24.01914,5.9808595,53.797444,0.0,18.038281,18.038281,11.961719,0.0,70.39,26.372500000000002,19.52,10.56
1628,407,80.0,24.01914,5.9808595,70.493202,0.0,18.038281,18.038281,11.961719,0.0,69.49,42.36,19.52,10.56
1629,408,71.18,15.769554,14.230446,70.493202,0.0,1.5391085,1.5391085,28.460892,0.0,79.62,5.323333333333331,18.86,12.309999999999999
1630,408,64.9,15.769554,14.230446,70.493202,0.0,1.5391085,1.5391085,28.460892,0.0,67.45666666666668,0.0,18.86,12.309999999999999
1631,408,64.79,15.769554,14.230446,70.493202,0.0,1.5391085,1.5391085,28.460892,0.0,67.39,36.57,18.86,12.309999999999999
1632,408,59.62,15.769554,14.230446,70.493202,0.0,1.5391085,1.5391085,28.460892,0.0,0.0,16.8775,18.86,12.309999999999999
1633,409,56.14,15.769554,14.230446,70.493202,0.0,1.5391085,1.5391085,0.0,28.460892,71.32,7.809999999999999,16.88,17.56
1634,409,54.53,15.769554,14.230446,70.493202,0.0,1.5391085,1.5391085,0.0,28.460892,63.97,-22.2675,16.88,17.56
1635,409,53.3,15.769554,14.230446,70.493202,0.0,1.5391085,1.5391085,0.0,28.460892,57.02,50.62,16.88,17.56
1636,409,52.15,15.769554,14.230446,70.493202,0.0,1.5391085,1.5391085,0.0,28.460892,26.2075,43.62,16.88,17.56
1637,410,48.0,15.769554,14.230446,70.493202,28.460892,30.0,1.5391079999999988,28.460892,0.0,47.545,0.0,16.88,17.56
1638,410,47.21,15.769554,14.230446,70.493202,28.460892,30.0,1.5391079999999988,28.460892,0.0,78.845,0.0,16.88,17.56
1639,410,50.0,15.769554,14.230446,70.493202,0.0,1.5391085,1.5391085,28.460892,0.0,20.777499999999996,0.0,16.88,17.56
1640,410,53.06,15.769554,14.230446,70.493202,0.0,1.5391085,1.5391085,28.460892,0.0,27.903333333333336,0.0,16.88,17.56
1641,411,53.06,15.769554,14.230446,70.493202,0.0,1.5391085,1.5391085,28.460892,0.0,107.02,32.785000000000004,16.88,17.56
1642,411,48.12,15.769554,14.230446,70.493202,0.0,1.5391085,1.5391085,28.460892,0.0,88.33500000000001,-27.090000000000003,16.88,17.56
1643,411,25.0,15.769554,14.230446,70.493202,0.0,1.5391085,1.5391085,28.460892,0.0,0.3,-243.37,16.88,17.56
1644,411,-29.5,0.0,1.5391085,68.855852,1.5391085,0.0,-1.5391085,28.460892,0.0,73.94749999999999,-63.74666666666666,16.88,17.56
1645,412,-30.0,0.0,20.412314,47.140624,20.412314,0.0,-20.412314,9.5876857,0.0,0.0,-24.586666666666666,16.88,17.56
1646,412,-39.79,0.0,20.412314,25.425396,20.412314,0.0,-20.412314,9.5876857,0.0,8.5275,-349.035,16.88,17.56
1647,412,-19.57,0.0,20.412314,3.7101685,20.412314,0.0,-20.412314,9.5876857,0.0,54.63,-96.96,16.88,17.56
1648,412,28.32,15.769554,14.230446,3.7101685,0.0,1.5391085,1.5391085,9.5876857,0.0,29.9125,-89.27333333333334,16.88,17.56
1649,413,52.64,24.01914,5.9808595,20.405927,0.0,18.038281,18.038281,11.961719,0.0,117.41,0.0,16.88,17.56
1650,413,69.55,24.01914,5.9808595,37.101685,0.0,18.038281,18.038281,11.961719,0.0,81.97,14.915,16.88,17.56
1651,413,78.08,24.01914,5.9808595,53.797444,0.0,18.038281,18.038281,11.961719,0.0,75.52250000000001,-22.1375,16.88,17.56
1652,413,68.69,24.01914,5.9808595,70.493202,0.0,18.038281,18.038281,11.961719,0.0,31.89,-74.565,16.88,17.56
1653,414,63.82,15.769554,14.230446,70.493202,0.0,1.5391085,1.5391085,28.460892,0.0,71.45333333333333,-156.445,16.4,19.689999999999998
1654,414,60.47,15.769554,14.230446,70.493202,0.0,1.5391085,1.5391085,28.460892,0.0,67.02,0.0,16.4,19.689999999999998
1655,414,59.17,15.769554,14.230446,70.493202,0.0,1.5391085,1.5391085,28.460892,0.0,68.235,-40.83,16.4,19.689999999999998
1656,414,54.37,15.769554,14.230446,70.493202,0.0,1.5391085,1.5391085,28.460892,0.0,28.7875,-39.11666666666667,16.4,19.689999999999998
1657,415,48.65,15.769554,14.230446,70.493202,0.0,1.5391085,1.5391085,0.0,28.460892,53.86333333333334,-10.0,14.96,26.08
1658,415,46.06,15.769554,14.230446,70.493202,0.0,1.5391085,1.5391085,0.0,28.460892,48.15,0.0,14.96,26.08
1659,415,40.98,15.769554,14.230446,70.493202,0.0,1.5391085,1.5391085,0.0,28.460892,144.81333333333333,-16.19,14.96,26.08
1660,415,35.55,15.769554,14.230446,70.493202,0.0,1.5391085,1.5391085,0.0,28.460892,45.03,-10.0,14.96,26.08
1661,416,32.39,15.0,15.0,68.935755,0.0,0.0,0.0,0.0,30.0,56.17,-7.6525,14.96,26.08
1662,416,32.28,15.0,15.0,67.378308,0.0,0.0,0.0,0.0,30.0,27.409999999999997,-34.6375,14.96,26.08
1663,416,33.91,15.0,15.0,65.820861,0.0,0.0,0.0,0.0,30.0,51.47,-20.285,14.96,26.08
1664,416,39.49,15.0,15.0,64.263415,0.0,0.0,0.0,0.0,30.0,0.0,31.979999999999997,14.96,26.08
1665,417,34.82,15.0,15.0,62.705968,0.0,0.0,0.0,0.0,30.0,0.0,48.98,14.96,26.08
1666,417,27.55,15.0,15.0,61.148521,0.0,0.0,0.0,0.0,30.0,57.02,28.23,14.96,26.08
1667,417,0.04,15.0,15.0,59.591074,30.0,30.0,0.0,0.0,30.0,84.4825,41.34,14.96,26.08
1668,417,-10.03,15.0,15.0,58.033627,30.0,30.0,0.0,0.0,30.0,30.512500000000003,-57.21,14.96,26.08
1669,418,-27.3,9.0590765,20.940923,44.452763,30.0,18.118153,-11.881847,0.0,18.118153,53.91,0.0,14.96,26.08
1670,418,-27.3,9.0590765,20.940923,30.871898,30.0,18.118153,-11.881847,0.0,18.118153,83.73,35.98,14.96,26.08
1671,418,-10.01,9.0590765,20.940923,17.291033,11.881847,0.0,-11.881847,0.0,18.118153,67.795,-11.986666666666668,14.96,26.08
1672,418,12.38,9.0590765,20.940923,3.7101685,11.881847,0.0,-11.881847,0.0,18.118153,70.59,-58.38250000000001,14.96,26.08
1673,419,50.0,15.769554,14.230446,3.7101685,0.0,1.5391085,1.5391085,0.0,28.460892,54.155,-124.17999999999999,14.96,26.08
1674,419,69.92,15.769554,14.230446,3.7101685,0.0,1.5391085,1.5391085,0.0,28.460892,76.9825,38.72333333333333,14.96,26.08
1675,419,84.31,15.769554,14.230446,3.7101685,0.0,1.5391085,1.5391085,0.0,28.460892,61.0225,0.0,14.96,26.08
1676,419,72.22,15.769554,14.230446,3.7101685,0.0,1.5391085,1.5391085,0.0,28.460892,77.47,0.0,14.96,26.08
1677,420,70.88,15.769554,14.230446,3.7101685,0.0,1.5391085,1.5391085,0.0,28.460892,73.71000000000001,63.365,14.8,21.14
1678,420,72.9,15.769554,14.230446,3.7101685,0.0,1.5391085,1.5391085,0.0,28.460892,0.0,57.94,14.8,21.14
1679,420,73.32,15.769554,14.230446,3.7101685,0.0,1.5391085,1.5391085,0.0,28.460892,0.0,55.945,14.8,21.14
1680,420,72.0,15.769554,14.230446,3.7101685,0.0,1.5391085,1.5391085,0.0,28.460892,0.0,41.67,14.8,21.14
1681,421,65.2,15.769554,14.230446,3.7101685,0.0,1.5391085,1.5391085,28.460892,0.0,0.0,49.275,14.32,6.32
1682,421,66.0,15.769554,14.230446,3.7101685,0.0,1.5391085,1.5391085,28.460892,0.0,0.0,38.900000000000006,14.32,6.32
1683,421,68.86,15.769554,14.230446,3.7101685,0.0,1.5391085,1.5391085,28.460892,0.0,6.03,59.5525,14.32,6.32
1684,421,65.0,15.769554,14.230446,3.7101685,0.0,1.5391085,1.5391085,28.460892,0.0,71.20666666666666,55.03,14.32,6.32
1685,422,60.1,15.769554,14.230446,3.7101685,0.0,1.5391085,1.5391085,28.460892,0.0,62.875,0.0,14.32,6.32
1686,422,58.25,15.769554,14.230446,3.7101685,0.0,1.5391085,1.5391085,28.460892,0.0,71.7675,56.98,14.32,6.32
1687,422,76.64,15.769554,14.230446,3.7101685,0.0,1.5391085,1.5391085,28.460892,0.0,6.03,55.769999999999996,14.32,6.32
1688,422,82.61,15.769554,14.230446,3.7101685,0.0,1.5391085,1.5391085,28.460892,0.0,66.96,29.16,14.32,6.32
1689,423,85.56,16.539108,13.460892,5.2676153,0.0,3.078217,3.078217,26.921783,0.0,53.625,0.0,14.32,6.32
1690,423,86.5,16.539108,13.460892,6.8250621,0.0,3.078217,3.078217,26.921783,0.0,96.115,0.0,14.32,6.32
1691,423,82.19,16.539108,13.460892,8.3825089,0.0,3.078217,3.078217,26.921783,0.0,76.1575,51.59,14.32,6.32
1692,423,74.91,16.539108,13.460892,9.9399558,0.0,3.078217,3.078217,26.921783,0.0,75.0325,60.63,14.32,6.32
1693,424,74.0,15.0,15.0,8.3825089,0.0,0.0,0.0,30.0,0.0,73.33,57.43,14.32,6.32
1694,424,68.59,15.0,15.0,6.8250621,0.0,0.0,0.0,30.0,0.0,64.67,0.0,14.32,6.32
1695,424,67.0,15.0,15.0,5.2676153,0.0,0.0,0.0,30.0,0.0,63.9275,65.52,14.32,6.32
1696,424,73.5,15.0,15.0,3.7101685,0.0,0.0,0.0,30.0,0.0,100.72749999999999,65.52,14.32,6.32
1697,425,79.18,24.01914,5.9808595,20.405927,0.0,18.038281,18.038281,11.961719,0.0,31.830000000000005,0.0,14.32,6.32
1698,425,89.91,24.01914,5.9808595,37.101685,0.0,18.038281,18.038281,11.961719,0.0,63.052499999999995,61.91,14.32,6.32
1699,425,100.0,24.01914,5.9808595,53.797444,0.0,18.038281,18.038281,11.961719,0.0,65.62,58.93,14.32,6.32
1700,425,108.0,24.01914,5.9808595,70.493202,0.0,18.038281,18.038281,11.961719,0.0,71.85666666666667,0.0,14.32,6.32
1701,426,83.8,15.0,15.0,68.935755,0.0,0.0,0.0,30.0,0.0,108.72999999999999,0.0,14.030000000000001,5.640000000000001
1702,426,76.7,15.0,15.0,67.378308,0.0,0.0,0.0,30.0,0.0,72.66,0.0,14.030000000000001,5.640000000000001
1703,426,75.03,15.0,15.0,65.820861,0.0,0.0,0.0,30.0,0.0,64.815,54.37,14.030000000000001,5.640000000000001
1704,426,67.08,15.0,15.0,64.263415,0.0,0.0,0.0,30.0,0.0,0.0,59.25,14.030000000000001,5.640000000000001
1705,427,69.19,15.0,15.0,62.705968,0.0,0.0,0.0,30.0,0.0,0.0,51.84,13.16,3.6
1706,427,65.56,15.0,15.0,61.148521,0.0,0.0,0.0,30.0,0.0,6.03,50.550000000000004,13.16,3.6
1707,427,66.51,15.0,15.0,59.591074,0.0,0.0,0.0,30.0,0.0,0.0,49.74,13.16,3.6
1708,427,65.2,15.0,15.0,58.033627,0.0,0.0,0.0,30.0,0.0,70.83500000000001,49.68,13.16,3.6
1709,428,65.96,15.0,15.0,56.476181,0.0,0.0,0.0,30.0,0.0,80.61250000000001,53.18,13.16,3.6
1710,428,70.9,15.0,15.0,54.918734,0.0,0.0,0.0,30.0,0.0,56.2825,54.67,13.16,3.6
1711,428,74.8,15.0,15.0,53.361287,0.0,0.0,0.0,30.0,0.0,60.29,46.495,13.16,3.6
1712,428,92.78,15.0,15.0,51.80384,0.0,0.0,0.0,30.0,0.0,29.266666666666666,51.653333333333336,13.16,3.6
1713,429,100.6,18.078217,11.921783,56.476181,0.0,6.156434,6.156434,23.843566,0.0,26.625000000000004,0.0,13.16,3.6
1714,429,93.72,18.078217,11.921783,61.148521,0.0,6.156434,6.156434,23.843566,0.0,76.47,0.0,13.16,3.6
1715,429,84.5,18.078217,11.921783,65.820861,0.0,6.156434,6.156434,23.843566,0.0,72.18,51.995,13.16,3.6
1716,429,78.07,18.078217,11.921783,70.493202,0.0,6.156434,6.156434,23.843566,0.0,75.43333333333334,47.305,13.16,3.6
1717,430,74.8,15.0,15.0,68.935755,0.0,0.0,0.0,30.0,0.0,0.0,40.446666666666665,13.16,3.6
1718,430,70.06,15.0,15.0,67.378308,0.0,0.0,0.0,30.0,0.0,60.97333333333333,44.400000000000006,13.16,3.6
1719,430,68.0,15.0,15.0,65.820861,0.0,0.0,0.0,30.0,0.0,72.26,36.004999999999995,13.16,3.6
1720,430,65.2,15.0,15.0,64.263415,0.0,0.0,0.0,30.0,0.0,9.36,38.24,13.16,3.6
1721,431,72.93,16.539108,13.460892,65.820861,0.0,3.078217,3.078217,26.921783,0.0,50.379999999999995,57.42,13.16,3.6
1722,431,77.87,16.539108,13.460892,67.378308,0.0,3.078217,3.078217,26.921783,0.0,6.38,34.769999999999996,13.16,3.6
1723,431,84.0,16.539108,13.460892,68.935755,0.0,3.078217,3.078217,26.921783,0.0,64.52,49.705,13.16,3.6
1724,431,103.46,16.539108,13.460892,70.493202,0.0,3.078217,3.078217,26.921783,0.0,91.04,58.33,13.16,3.6
1725,432,81.57,15.0,15.0,68.935755,0.0,0.0,0.0,30.0,0.0,0.0,55.7125,13.030000000000001,3.5300000000000002
1726,432,74.0,15.0,15.0,67.378308,0.0,0.0,0.0,30.0,0.0,79.865,51.06,13.030000000000001,3.5300000000000002
1727,432,71.97,15.0,15.0,65.820861,0.0,0.0,0.0,30.0,0.0,49.9,53.15,13.030000000000001,3.5300000000000002
1728,432,68.53,15.0,15.0,64.263415,0.0,0.0,0.0,30.0,0.0,44.615,16.72666666666667,13.030000000000001,3.5300000000000002
1729,433,62.16,15.0,15.0,62.705968,0.0,0.0,0.0,30.0,0.0,73.03999999999999,0.6233333333333206,12.64,3.32
1730,433,59.73,15.0,15.0,61.148521,0.0,0.0,0.0,30.0,0.0,59.48749999999999,0.0,12.64,3.32
1731,433,58.55,15.0,15.0,59.591074,30.0,30.0,0.0,30.0,0.0,0.0,45.55,12.64,3.32
1732,433,58.04,15.0,15.0,58.033627,0.0,0.0,0.0,30.0,0.0,0.0,20.995,12.64,3.32
1733,434,59.87,15.0,15.0,56.476181,0.0,0.0,0.0,30.0,0.0,41.135,49.7,12.64,3.32
1734,434,62.3,15.0,15.0,54.918734,0.0,0.0,0.0,30.0,0.0,39.815,0.0,12.64,3.32
1735,434,74.96,15.0,15.0,53.361287,0.0,0.0,0.0,30.0,0.0,64.8275,46.57,12.64,3.32
1736,434,85.4,15.0,15.0,51.80384,30.0,30.0,0.0,30.0,0.0,0.0,48.5,12.64,3.32
1737,435,89.8,15.0,15.0,50.246393,0.0,0.0,0.0,30.0,0.0,8.33,59.72666666666667,12.64,3.32
1738,435,76.85,15.0,15.0,48.688947,0.0,0.0,0.0,30.0,0.0,76.05,50.92,12.64,3.32
1739,435,67.38,15.0,15.0,47.1315,0.0,0.0,0.0,30.0,0.0,80.91333333333334,0.0,12.64,3.32
1740,435,63.2,15.0,15.0,45.574053,30.0,30.0,0.0,30.0,0.0,95.2175,47.79,12.64,3.32
1741,436,61.88,15.0,15.0,44.016606,0.0,0.0,0.0,30.0,0.0,117.475,54.93,12.64,3.32
1742,436,59.59,15.0,15.0,42.459159,0.0,0.0,0.0,30.0,0.0,70.24,55.18,12.64,3.32
1743,436,58.82,15.0,15.0,40.901712,0.0,0.0,0.0,30.0,0.0,69.00666666666666,0.0,12.64,3.32
1744,436,63.2,15.0,15.0,39.344266,0.0,0.0,0.0,30.0,0.0,0.0,53.5225,12.64,3.32
1745,437,68.38,19.617325,10.382675,47.1315,0.0,9.234651,9.234651,20.765349,0.0,69.19,48.11,12.64,3.32
1746,437,77.4,19.617325,10.382675,54.918734,0.0,9.234651,9.234651,20.765349,0.0,63.04,59.52,12.64,3.32
1747,437,79.8,19.617325,10.382675,62.705968,0.0,9.234651,9.234651,20.765349,0.0,30.62666666666667,45.69,12.64,3.32
1748,437,81.44,19.617325,10.382675,70.493202,0.0,9.234651,9.234651,20.765349,0.0,28.78,50.795,12.64,3.32
1749,438,66.4,15.0,15.0,68.935755,0.0,0.0,0.0,30.0,0.0,0.0,37.57666666666667,13.200000000000001,4.42
1750,438,66.52,15.0,15.0,67.378308,0.0,0.0,0.0,30.0,0.0,73.34,0.0,13.200000000000001,4.42
1751,438,68.14,15.0,15.0,65.820861,0.0,0.0,0.0,30.0,0.0,74.815,47.04,13.200000000000001,4.42
1752,438,63.88,15.0,15.0,64.263415,0.0,0.0,0.0,30.0,0.0,9.0,0.0,13.200000000000001,4.42
1753,439,63.29,15.0,15.0,62.705968,0.0,0.0,0.0,30.0,0.0,26.939999999999998,46.57,14.88,7.72
1754,439,56.9,15.0,15.0,61.148521,0.0,0.0,0.0,30.0,0.0,79.05,26.57,14.88,7.72
1755,439,57.52,15.0,15.0,59.591074,0.0,0.0,0.0,30.0,0.0,0.0,36.805,14.88,7.72
1756,439,57.0,15.0,15.0,58.033627,0.0,0.0,0.0,30.0,0.0,50.6775,40.04,14.88,7.72
1757,440,54.65,15.0,15.0,56.476181,30.0,30.0,0.0,30.0,0.0,0.0,21.07,14.88,7.72
1758,440,60.02,15.0,15.0,54.918734,0.0,0.0,0.0,30.0,0.0,68.25,-12.552499999999995,14.88,7.72
1759,440,71.42,15.0,15.0,53.361287,0.0,0.0,0.0,30.0,0.0,0.0,41.81666666666667,14.88,7.72
1760,440,87.0,15.0,15.0,51.80384,0.0,0.0,0.0,30.0,0.0,0.0,36.34,14.88,7.72
1761,441,81.99,15.0,15.0,50.246393,0.0,0.0,0.0,30.0,0.0,0.0,-35.45,14.88,7.72
1762,441,65.71,15.0,15.0,48.688947,0.0,0.0,0.0,30.0,0.0,35.02,-10.697500000000002,14.88,7.72
1763,441,54.32,15.0,15.0,47.1315,0.0,0.0,0.0,30.0,0.0,94.68,-68.11333333333333,14.88,7.72
1764,441,42.6,15.0,15.0,45.574053,0.0,0.0,0.0,30.0,0.0,67.595,-73.79749999999999,14.88,7.72
1765,442,20.99,8.8743953,21.125605,31.619425,12.251209,0.0,-12.251209,17.748791,0.0,58.7,-415.625,14.88,7.72
1766,442,30.0,8.8743953,21.125605,17.664797,12.251209,0.0,-12.251209,17.748791,0.0,56.855,-350.4225,14.88,7.72
1767,442,46.59,8.8743953,21.125605,3.7101685,12.251209,0.0,-12.251209,17.748791,0.0,18.08,-14.924999999999997,14.88,7.72
1768,442,54.82,15.769554,14.230446,3.7101685,0.0,1.5391085,1.5391085,17.748791,0.0,65.08,23.545,14.88,7.72
1769,443,65.99,15.769554,14.230446,3.7101685,0.0,1.5391085,1.5391085,6.4619949,0.0,83.50333333333333,-110.54999999999995,14.88,7.72
1770,443,85.64,26.769003,3.2309975,25.97118,0.0,23.538005,23.538005,6.4619949,0.0,52.910000000000004,57.48,14.88,7.72
1771,443,102.35,26.769003,3.2309975,48.232191,0.0,23.538005,23.538005,6.4619949,0.0,102.76,0.0,14.88,7.72
1772,443,89.92,26.769003,3.2309975,70.493202,0.0,23.538005,23.538005,6.4619949,0.0,6.0,26.1575,14.88,7.72
1773,444,73.62,15.0,15.0,68.935755,0.0,0.0,0.0,30.0,0.0,64.595,-0.28249999999999886,16.33,7.76
1774,444,62.96,15.0,15.0,67.378308,0.0,0.0,0.0,30.0,0.0,89.45,44.79,16.33,7.76
1775,444,59.53,15.0,15.0,65.820861,0.0,0.0,0.0,30.0,0.0,73.59333333333333,16.21333333333333,16.33,7.76
1776,444,50.91,15.0,15.0,64.263415,0.0,0.0,0.0,30.0,0.0,0.0,-30.257499999999993,16.33,7.76
1777,445,47.89,15.0,15.0,62.705968,0.0,0.0,0.0,30.0,0.0,55.405,-7.3500000000000085,20.68,7.88
1778,445,45.47,15.0,15.0,61.148521,0.0,0.0,0.0,30.0,0.0,93.62333333333333,-10.715,20.68,7.88
1779,445,44.47,15.0,15.0,59.591074,0.0,0.0,0.0,30.0,0.0,51.79,-30.6,20.68,7.88
1780,445,42.33,15.0,15.0,58.033627,0.0,0.0,0.0,30.0,0.0,63.083333333333336,20.113333333333333,20.68,7.88
1781,446,42.22,15.0,15.0,56.476181,0.0,0.0,0.0,30.0,0.0,69.8,-6.43,20.68,7.88
1782,446,41.52,15.0,15.0,54.918734,0.0,0.0,0.0,30.0,0.0,69.38333333333333,-14.597499999999997,20.68,7.88
1783,446,58.49,15.0,15.0,53.361287,0.0,0.0,0.0,30.0,0.0,70.0075,-6.715000000000003,20.68,7.88
1784,446,66.47,15.0,15.0,51.80384,0.0,0.0,0.0,30.0,0.0,63.045,-82.10750000000002,20.68,7.88
1785,447,67.42,15.0,15.0,50.246393,0.0,0.0,0.0,30.0,0.0,0.0,8.02,20.68,7.88
1786,447,53.8,15.0,15.0,48.688947,0.0,0.0,0.0,30.0,0.0,51.54,-91.875,20.68,7.88
1787,447,46.1,15.0,15.0,47.1315,0.0,0.0,0.0,30.0,0.0,61.17666666666667,-58.72750000000002,20.68,7.88
1788,447,38.9,15.0,15.0,45.574053,0.0,0.0,0.0,30.0,0.0,8.149999999999999,-32.5,20.68,7.88
1789,448,37.12,15.0,15.0,44.016606,0.0,0.0,0.0,30.0,0.0,70.28,27.343333333333334,20.68,7.88
1790,448,35.14,15.0,15.0,42.459159,0.0,0.0,0.0,30.0,0.0,74.25,-89.36250000000001,20.68,7.88
1791,448,41.42,15.0,15.0,40.901712,0.0,0.0,0.0,30.0,0.0,73.24666666666667,-182.815,20.68,7.88
1792,448,45.35,15.0,15.0,39.344266,0.0,0.0,0.0,30.0,0.0,49.3,19.097499999999997,20.68,7.88
1793,449,60.4,15.21551,14.78449,38.222975,0.0,0.431021,0.431021,29.568979,0.0,57.215,-6.866666666666674,20.68,7.88
1794,449,70.67,15.21551,14.78449,37.101685,0.0,0.431021,0.431021,29.568979,0.0,76.28,10.145,20.68,7.88
1795,449,73.11,15.21551,14.78449,35.980395,0.0,0.431021,0.431021,29.568979,0.0,77.22333333333333,-2.7749999999999986,20.68,7.88
1796,449,87.99,15.21551,14.78449,34.859105,0.0,0.431021,0.431021,29.568979,0.0,0.0,46.9625,20.68,7.88
1797,450,63.81,15.0,15.0,33.301658,0.0,0.0,0.0,30.0,0.0,74.76,14.616666666666667,20.16,12.32
1798,450,55.01,15.0,15.0,31.744211,0.0,0.0,0.0,30.0,0.0,84.76,-28.8925,20.16,12.32
1799,450,55.99,15.0,15.0,30.186764,0.0,0.0,0.0,30.0,0.0,0.0,13.032499999999999,20.16,12.32
1800,450,49.35,15.0,15.0,28.629317,0.0,0.0,0.0,30.0,0.0,0.0,-22.1575,20.16,12.32
1801,451,43.66,15.0,15.0,27.071871,0.0,0.0,0.0,0.0,30.0,40.21333333333334,-10.0,18.6,25.64
1802,451,42.04,15.0,15.0,25.514424,0.0,0.0,0.0,0.0,30.0,52.68000000000001,-10.0,18.6,25.64
1803,451,40.71,15.0,15.0,23.956977,0.0,0.0,0.0,0.0,30.0,0.0,5.1075,18.6,25.64
1804,451,38.9,15.0,15.0,22.39953,0.0,0.0,0.0,0.0,30.0,0.0,0.5050000000000008,18.6,25.64
1805,452,38.63,15.0,15.0,20.842083,0.0,0.0,0.0,0.0,30.0,0.0,17.002499999999998,18.6,25.64
1806,452,40.0,15.0,15.0,19.284637,0.0,0.0,0.0,0.0,30.0,0.0,-30.520000000000003,18.6,25.64
1807,452,47.6,15.0,15.0,17.72719,0.0,0.0,0.0,0.0,30.0,0.0,18.6475,18.6,25.64
1808,452,60.22,15.0,15.0,16.169743,0.0,0.0,0.0,0.0,30.0,57.02,44.2,18.6,25.64
1809,453,55.3,15.0,15.0,14.612296,30.0,30.0,0.0,0.0,30.0,57.02,44.2,18.6,25.64
1810,453,47.01,15.0,15.0,13.054849,0.0,0.0,0.0,0.0,30.0,99.61500000000001,-26.6325,18.6,25.64
1811,453,44.88,15.0,15.0,11.497403,0.0,0.0,0.0,0.0,30.0,261.795,-23.51,18.6,25.64
1812,453,41.63,15.0,15.0,9.9399558,0.0,0.0,0.0,0.0,30.0,188.71,-7.060000000000002,18.6,25.64
1813,454,36.78,15.0,15.0,8.3825089,0.0,0.0,0.0,0.0,30.0,123.3475,39.7825,18.6,25.64
1814,454,21.02,15.0,15.0,6.8250621,30.0,30.0,0.0,0.0,30.0,43.99250000000001,19.237499999999997,18.6,25.64
1815,454,12.26,15.0,15.0,5.2676153,30.0,30.0,0.0,0.0,30.0,7.819999999999999,56.0475,18.6,25.64
1816,454,31.38,15.0,15.0,3.7101685,0.0,0.0,0.0,0.0,30.0,62.63250000000001,62.52,18.6,25.64
1817,455,54.1,15.769554,14.230446,3.7101685,0.0,1.5391085,1.5391085,0.0,18.200168,71.78666666666666,25.965000000000003,18.6,25.64
1818,455,80.9,20.899916,9.1000841,14.093147,0.0,11.799832,11.799832,0.0,18.200168,38.68,27.352499999999996,18.6,25.64
1819,455,97.0,20.899916,9.1000841,24.476126,0.0,11.799832,11.799832,0.0,18.200168,57.02,61.23,18.6,25.64
1820,455,109.1,20.899916,9.1000841,34.859105,0.0,11.799832,11.799832,0.0,18.200168,0.0,62.582499999999996,18.6,25.64
1821,456,94.0,15.0,15.0,33.301658,0.0,0.0,0.0,0.0,30.0,68.51,63.46,18.54,23.0
1822,456,74.68,15.0,15.0,31.744211,0.0,0.0,0.0,0.0,30.0,23.2625,63.46,18.54,23.0
1823,456,74.8,15.0,15.0,30.186764,0.0,0.0,0.0,0.0,30.0,74.41,61.3425,18.54,23.0
1824,456,67.1,15.0,15.0,28.629317,0.0,0.0,0.0,0.0,30.0,0.0,57.77,18.54,23.0
1825,457,64.99,15.0,15.0,27.071871,0.0,0.0,0.0,30.0,0.0,87.73,33.2375,18.36,15.08
1826,457,60.9,15.0,15.0,25.514424,0.0,0.0,0.0,30.0,0.0,0.0,19.265,18.36,15.08
1827,457,55.83,15.0,15.0,23.956977,0.0,0.0,0.0,30.0,0.0,137.7,47.515,18.36,15.08
1828,457,57.47,15.0,15.0,22.39953,0.0,0.0,0.0,30.0,0.0,73.0775,46.57,18.36,15.08
1829,458,58.16,15.0,15.0,20.842083,0.0,0.0,0.0,30.0,0.0,82.69,0.0,18.36,15.08
1830,458,59.9,15.0,15.0,19.284637,0.0,0.0,0.0,30.0,0.0,62.8775,54.0,18.36,15.08
1831,458,60.1,15.0,15.0,17.72719,0.0,0.0,0.0,30.0,0.0,12.395,46.015,18.36,15.08
1832,458,56.6,15.0,15.0,16.169743,0.0,0.0,0.0,30.0,0.0,84.0,-78.595,18.36,15.08
1833,459,50.0,15.0,15.0,14.612296,0.0,0.0,0.0,30.0,0.0,0.0,-49.120000000000005,18.36,15.08
1834,459,47.72,15.0,15.0,13.054849,0.0,0.0,0.0,30.0,0.0,70.32,20.402500000000003,18.36,15.08
1835,459,46.61,15.0,15.0,11.497403,0.0,0.0,0.0,30.0,0.0,65.005,-210.57999999999998,18.36,15.08
1836,459,46.83,15.0,15.0,9.9399558,0.0,0.0,0.0,30.0,0.0,29.293333333333337,-125.7175,18.36,15.08
1837,460,42.15,15.0,15.0,8.3825089,0.0,0.0,0.0,30.0,0.0,0.0,6.75,18.36,15.08
1838,460,41.0,15.0,15.0,6.8250621,0.0,0.0,0.0,30.0,0.0,54.489999999999995,-103.22,18.36,15.08
1839,460,49.89,15.0,15.0,5.2676153,0.0,0.0,0.0,30.0,0.0,0.0,-256.9625,18.36,15.08
1840,460,58.2,15.0,15.0,3.7101685,0.0,0.0,0.0,30.0,0.0,87.12,-105.90249999999997,18.36,15.08
1841,461,65.98,18.078217,11.921783,8.3825089,0.0,6.156434,6.156434,23.843566,0.0,42.57333333333333,59.1425,18.36,15.08
1842,461,82.8,18.078217,11.921783,13.054849,0.0,6.156434,6.156434,23.843566,0.0,78.35666666666667,-51.61,18.36,15.08
1843,461,87.2,18.078217,11.921783,17.72719,0.0,6.156434,6.156434,23.843566,0.0,89.8475,0.0,18.36,15.08
1844,461,86.94,18.078217,11.921783,22.39953,0.0,6.156434,6.156434,23.843566,0.0,0.0,21.096666666666664,18.36,15.08
1845,462,77.89,15.0,15.0,20.842083,0.0,0.0,0.0,30.0,0.0,0.0,21.325,17.72,12.49
1846,462,72.33,15.0,15.0,19.284637,0.0,0.0,0.0,30.0,0.0,0.0,38.91,17.72,12.49
1847,462,72.1,15.0,15.0,17.72719,0.0,0.0,0.0,30.0,0.0,45.10249999999999,0.0,17.72,12.49
1848,462,65.91,15.0,15.0,16.169743,0.0,0.0,0.0,30.0,0.0,78.25999999999999,0.0,17.72,12.49
1849,463,64.12,15.0,15.0,14.612296,0.0,0.0,0.0,30.0,0.0,0.0,35.3,15.8,4.72
1850,463,57.14,15.0,15.0,13.054849,0.0,0.0,0.0,30.0,0.0,74.03,50.91,15.8,4.72
1851,463,58.31,15.0,15.0,11.497403,0.0,0.0,0.0,30.0,0.0,54.615,0.0,15.8,4.72
1852,463,57.46,15.0,15.0,9.9399558,0.0,0.0,0.0,30.0,0.0,63.36,0.0,15.8,4.72
1853,464,60.77,15.0,15.0,8.3825089,0.0,0.0,0.0,30.0,0.0,63.32,45.35333333333333,15.8,4.72
1854,464,63.68,15.0,15.0,6.8250621,30.0,30.0,0.0,30.0,0.0,67.7,57.02333333333333,15.8,4.72
1855,464,79.28,15.0,15.0,5.2676153,0.0,0.0,0.0,30.0,0.0,78.08333333333333,38.49,15.8,4.72
1856,464,97.65,15.0,15.0,3.7101685,0.0,0.0,0.0,30.0,0.0,57.057500000000005,62.02333333333333,15.8,4.72
1857,465,94.45,16.539108,13.460892,5.2676153,0.0,3.078217,3.078217,26.921783,0.0,74.43,56.77,15.8,4.72
1858,465,82.8,16.539108,13.460892,6.8250621,0.0,3.078217,3.078217,26.921783,0.0,72.37,-33.30749999999999,15.8,4.72
1859,465,72.83,16.539108,13.460892,8.3825089,0.0,3.078217,3.078217,26.921783,0.0,49.49333333333333,19.356666666666666,15.8,4.72
1860,465,66.64,16.539108,13.460892,9.9399558,0.0,3.078217,3.078217,26.921783,0.0,76.655,12.4775,15.8,4.72
1861,466,66.5,15.0,15.0,8.3825089,0.0,0.0,0.0,30.0,0.0,54.175000000000004,0.0,15.8,4.72
1862,466,63.67,15.0,15.0,6.8250621,0.0,0.0,0.0,30.0,0.0,97.32000000000001,48.135,15.8,4.72
1863,466,60.2,15.0,15.0,5.2676153,0.0,0.0,0.0,30.0,0.0,6.63,53.586666666666666,15.8,4.72
1864,466,65.0,15.0,15.0,3.7101685,0.0,0.0,0.0,30.0,0.0,0.0,48.39,15.8,4.72
1865,467,70.4,15.769554,14.230446,3.7101685,0.0,1.5391085,1.5391085,0.0,0.0,0.0,16.47500000000001,15.8,4.72
1866,467,92.33,20.307008,9.6929924,12.893202,0.0,10.614015,10.614015,0.0,0.0,52.85666666666667,-447.41666666666674,15.8,4.72
1867,467,129.2,30.0,0.0,41.693202,0.0,30.0,30.0,0.0,0.0,73.67333333333333,49.27,15.8,4.72
1868,467,126.23,30.0,0.0,70.493202,0.0,30.0,30.0,0.0,0.0,74.74666666666666,65.75999999999999,15.8,4.72
1869,468,103.04,15.0,15.0,68.935755,0.0,0.0,0.0,30.0,0.0,78.52,60.736666666666665,15.320000000000002,4.61
1870,468,79.74,15.0,15.0,67.378308,0.0,0.0,0.0,30.0,0.0,85.39,38.49,15.320000000000002,4.61
1871,468,77.6,15.0,15.0,65.820861,0.0,0.0,0.0,30.0,0.0,78.89,62.3325,15.320000000000002,4.61
1872,468,73.52,15.0,15.0,64.263415,0.0,0.0,0.0,30.0,0.0,68.94666666666666,-0.06999999999999318,15.320000000000002,4.61
1873,469,71.48,15.0,15.0,62.705968,0.0,0.0,0.0,30.0,0.0,68.94,12.450000000000003,13.88,4.28
1874,469,69.9,15.0,15.0,61.148521,0.0,0.0,0.0,30.0,0.0,40.955,44.925,13.88,4.28
1875,469,68.75,15.0,15.0,59.591074,0.0,0.0,0.0,30.0,0.0,29.46333333333333,50.91,13.88,4.28
1876,469,67.46,15.0,15.0,58.033627,0.0,0.0,0.0,30.0,0.0,79.41,51.71,13.88,4.28
1877,470,66.7,15.0,15.0,56.476181,0.0,0.0,0.0,30.0,0.0,0.0,53.94,13.88,4.28
1878,470,67.55,15.0,15.0,54.918734,0.0,0.0,0.0,30.0,0.0,0.0,46.09666666666667,13.88,4.28
1879,470,84.8,15.0,15.0,53.361287,0.0,0.0,0.0,30.0,0.0,70.61333333333333,66.77666666666667,13.88,4.28
1880,470,108.53,15.0,15.0,51.80384,30.0,30.0,0.0,30.0,0.0,74.17,60.16,13.88,4.28
1881,471,95.87,15.0,15.0,50.246393,0.0,0.0,0.0,30.0,0.0,84.39,59.6475,13.88,4.28
1882,471,72.06,15.0,15.0,48.688947,0.0,0.0,0.0,30.0,0.0,66.33,0.0799999999999983,13.88,4.28
1883,471,64.1,15.0,15.0,47.1315,0.0,0.0,0.0,30.0,0.0,73.45,-184.54500000000002,13.88,4.28
1884,471,56.85,15.0,15.0,45.574053,0.0,0.0,0.0,30.0,0.0,0.0,-374.075,13.88,4.28
1885,472,52.73,13.732824,16.267176,41.452058,2.5343516,0.0,-2.5343516,27.465648,0.0,64.145,-267.175,13.88,4.28
1886,472,51.66,13.732824,16.267176,37.330063,30.0,27.465648,-2.5343519999999984,27.465648,0.0,29.676666666666662,52.85,13.88,4.28
1887,472,53.54,13.732824,16.267176,33.208068,2.5343516,0.0,-2.5343516,27.465648,0.0,63.67999999999999,-112.0875,13.88,4.28
1888,472,62.3,13.732824,16.267176,29.086073,2.5343516,0.0,-2.5343516,27.465648,0.0,69.34,-353.135,13.88,4.28
1889,473,64.85,3.2309975,26.769003,3.7101685,23.538005,0.0,-23.538005,6.4619949,0.0,77.525,8.925,13.88,4.28
1890,473,90.7,26.769003,3.2309975,25.97118,0.0,23.538005,23.538005,6.4619949,0.0,77.75,63.7,13.88,4.28
1891,473,108.75,26.769003,3.2309975,48.232191,6.4619949,30.0,23.5380051,6.4619949,0.0,78.36,58.45,13.88,4.28
1892,473,128.96,26.769003,3.2309975,70.493202,0.0,23.538005,23.538005,6.4619949,0.0,0.0,77.49666666666667,13.88,4.28
1893,474,110.0,15.0,15.0,68.935755,0.0,0.0,0.0,30.0,0.0,0.0,78.73333333333333,13.52,3.98
1894,474,89.04,15.0,15.0,67.378308,0.0,0.0,0.0,30.0,0.0,0.0,65.47333333333333,13.52,3.98
1895,474,81.73,15.0,15.0,65.820861,0.0,0.0,0.0,30.0,0.0,65.31666666666666,67.15,13.52,3.98
1896,474,76.1,15.0,15.0,64.263415,0.0,0.0,0.0,30.0,0.0,69.48,66.57,13.52,3.98
1897,475,76.01,15.0,15.0,62.705968,0.0,0.0,0.0,30.0,0.0,82.05,67.02333333333333,12.44,3.08
1898,475,72.45,15.0,15.0,61.148521,0.0,0.0,0.0,30.0,0.0,0.0,66.4225,12.44,3.08
1899,475,71.95,15.0,15.0,59.591074,0.0,0.0,0.0,30.0,0.0,0.0,65.345,12.44,3.08
1900,475,70.3,15.0,15.0,58.033627,0.0,0.0,0.0,30.0,0.0,83.64,63.87,12.44,3.08
1901,476,71.52,1.948407,28.051593,30.061978,26.103186,0.0,-26.103186,3.8968141,0.0,83.21333333333334,50.03,12.44,3.08
1902,476,77.1,2.7487905,27.251209,3.7101685,24.502419,0.0,-24.502419,3.8968141,0.0,76.53,56.790000000000006,12.44,3.08
1903,476,107.1,28.051593,1.948407,28.566924,0.0,26.103186,26.103186,3.8968141,0.0,0.0,63.63999999999999,12.44,3.08
1904,476,112.69,28.051593,1.948407,53.42368,0.0,26.103186,26.103186,3.8968141,0.0,0.0,59.916666666666664,12.44,3.08
1905,477,99.33,24.203822,5.7961783,70.493202,0.0,18.407643,18.407643,11.592357,0.0,0.0,33.662499999999994,12.44,3.08
1906,477,71.41,5.7961783,24.203822,50.308786,18.407643,0.0,-18.407643,11.592357,0.0,47.345,-42.0075,12.44,3.08
1907,477,66.0,5.7961783,24.203822,30.124371,18.407643,0.0,-18.407643,11.592357,0.0,66.01,11.8475,12.44,3.08
1908,477,64.11,5.7961783,24.203822,9.9399558,18.407643,0.0,-18.407643,11.592357,0.0,9.54,-272.035,12.44,3.08
1909,478,64.11,15.0,15.0,8.3825089,0.0,0.0,0.0,30.0,0.0,177.205,-1456.43,12.44,3.08
1910,478,67.77,15.0,15.0,6.8250621,0.0,0.0,0.0,30.0,0.0,115.17,-268.47,12.44,3.08
1911,478,65.0,15.0,15.0,5.2676153,0.0,0.0,0.0,30.0,0.0,71.13499999999999,50.765,12.44,3.08
1912,478,71.9,15.0,15.0,3.7101685,0.0,0.0,0.0,30.0,0.0,56.41,24.567500000000003,12.44,3.08
1913,479,85.0,15.769554,14.230446,3.7101685,0.0,1.5391085,1.5391085,0.0,0.0,77.265,68.69,12.44,3.08
1914,479,116.0,20.307008,9.6929924,12.893202,19.385985,30.0,10.614014999999998,0.0,0.0,52.730000000000004,60.10333333333333,12.44,3.08
1915,479,163.72,30.0,0.0,41.693202,0.0,30.0,30.0,0.0,0.0,47.5325,70.44,12.44,3.08
1916,479,154.93,30.0,0.0,70.493202,0.0,30.0,30.0,0.0,0.0,9.51,76.05,12.44,3.08
1917,480,122.63,15.769554,14.230446,70.493202,0.0,1.5391085,1.5391085,28.460892,0.0,0.0,69.7975,12.33,3.3
1918,480,104.88,15.769554,14.230446,70.493202,0.0,1.5391085,1.5391085,28.460892,0.0,66.58,66.245,12.33,3.3
1919,480,93.0,15.769554,14.230446,70.493202,0.0,1.5391085,1.5391085,28.460892,0.0,64.94,57.33,12.33,3.3
1920,480,79.98,15.769554,14.230446,70.493202,0.0,1.5391085,1.5391085,28.460892,0.0,40.6425,52.28,12.33,3.3
1921,481,74.55,15.0,15.0,68.935755,0.0,0.0,0.0,30.0,0.0,41.714999999999996,21.6675,12.0,3.96
1922,481,73.7,15.0,15.0,67.378308,0.0,0.0,0.0,30.0,0.0,0.0,-41.489999999999995,12.0,3.96
1923,481,70.0,15.0,15.0,65.820861,0.0,0.0,0.0,30.0,0.0,0.0,-90.68,12.0,3.96
1924,481,66.57,15.0,15.0,64.263415,0.0,0.0,0.0,30.0,0.0,101.84,48.355000000000004,12.0,3.96
1925,482,62.53,15.0,15.0,62.705968,0.0,0.0,0.0,30.0,0.0,0.0,-12.7425,12.0,3.96
1926,482,64.68,15.0,15.0,61.148521,0.0,0.0,0.0,30.0,0.0,0.0,8.292500000000004,12.0,3.96
1927,482,81.0,15.0,15.0,59.591074,0.0,0.0,0.0,30.0,0.0,63.85666666666667,52.92,12.0,3.96
1928,482,95.9,15.0,15.0,58.033627,0.0,0.0,0.0,30.0,0.0,51.635000000000005,0.0,12.0,3.96
1929,483,104.6,15.0,15.0,56.476181,0.0,0.0,0.0,30.0,0.0,192.935,0.0,12.0,3.96
1930,483,81.19,15.0,15.0,54.918734,0.0,0.0,0.0,30.0,0.0,55.10249999999999,56.95,12.0,3.96
1931,483,74.7,15.0,15.0,53.361287,0.0,0.0,0.0,30.0,0.0,55.305,61.00666666666667,12.0,3.96
1932,483,68.03,15.0,15.0,51.80384,0.0,0.0,0.0,30.0,0.0,130.3025,56.235,12.0,3.96
1933,484,65.85,13.771019,16.228981,47.759146,2.4579613,0.0,-2.4579613,27.542039,0.0,69.56666666666666,30.177500000000002,12.0,3.96
1934,484,58.74,13.771019,16.228981,43.714451,2.4579613,0.0,-2.4579613,27.542039,0.0,69.6625,60.235,12.0,3.96
1935,484,64.4,13.771019,16.228981,39.669757,2.4579613,0.0,-2.4579613,27.542039,0.0,72.73,29.39,12.0,3.96
1936,484,59.08,13.771019,16.228981,35.625062,2.4579613,0.0,-2.4579613,27.542039,0.0,9.66,16.445,12.0,3.96
1937,485,68.91,0.0,30.0,3.7101685,30.0,0.0,-30.0,0.0,0.0,145.82,60.8,12.0,3.96
1938,485,91.97,20.307008,9.6929924,12.893202,0.0,10.614015,10.614015,0.0,0.0,0.0,59.1175,12.0,3.96
1939,485,121.01,30.0,0.0,41.693202,0.0,30.0,30.0,0.0,0.0,9.844999999999999,53.519999999999996,12.0,3.96
1940,485,120.69,30.0,0.0,70.493202,0.0,30.0,30.0,0.0,0.0,80.82333333333334,52.41,12.0,3.96
1941,486,93.08,15.0,15.0,68.935755,0.0,0.0,0.0,30.0,0.0,0.0,21.2875,12.56,5.47
1942,486,76.27,15.0,15.0,67.378308,0.0,0.0,0.0,30.0,0.0,9.62,43.405,12.56,5.47
1943,486,72.45,15.0,15.0,65.820861,0.0,0.0,0.0,30.0,0.0,0.0,41.3725,12.56,5.47
1944,486,64.91,15.0,15.0,64.263415,0.0,0.0,0.0,30.0,0.0,0.0,16.0175,12.56,5.47
1945,487,52.39,10.598185,19.401815,53.797444,8.80363,0.0,-8.80363,21.19637,0.0,60.78,5.887499999999999,14.24,10.0
1946,487,48.96,10.598185,19.401815,43.331472,8.80363,0.0,-8.80363,21.19637,0.0,60.775000000000006,37.335,14.24,10.0
1947,487,46.3,10.598185,19.401815,32.865501,8.80363,0.0,-8.80363,21.19637,0.0,68.53,46.81,14.24,10.0
1948,487,46.06,10.598185,19.401815,22.39953,8.80363,0.0,-8.80363,21.19637,0.0,74.6825,46.81,14.24,10.0
1949,488,45.4,15.0,15.0,20.842083,0.0,0.0,0.0,30.0,0.0,94.99,46.81,14.24,10.0
1950,488,51.25,15.0,15.0,19.284637,0.0,0.0,0.0,30.0,0.0,0.0,29.595,14.24,10.0
1951,488,63.6,15.0,15.0,17.72719,30.0,30.0,0.0,30.0,0.0,66.85333333333334,-0.18999999999999773,14.24,10.0
1952,488,64.27,15.0,15.0,16.169743,0.0,0.0,0.0,30.0,0.0,71.43666666666667,-30.2025,14.24,10.0
1953,489,66.65,15.0,15.0,14.612296,0.0,0.0,0.0,30.0,0.0,0.0,12.767499999999998,14.24,10.0
1954,489,57.48,15.0,15.0,13.054849,0.0,0.0,0.0,30.0,0.0,51.975,-27.69,14.24,10.0
1955,489,63.9,15.0,15.0,11.497403,0.0,0.0,0.0,30.0,0.0,73.72,0.0,14.24,10.0
1956,489,55.0,15.0,15.0,9.9399558,0.0,0.0,0.0,30.0,0.0,76.65,23.725,14.24,10.0
1957,490,52.0,15.0,15.0,8.3825089,0.0,0.0,0.0,30.0,0.0,74.67,-1.7025000000000006,14.24,10.0
1958,490,58.68,15.0,15.0,6.8250621,0.0,0.0,0.0,30.0,0.0,79.31,-17.8125,14.24,10.0
1959,490,59.17,15.0,15.0,5.2676153,0.0,0.0,0.0,30.0,0.0,56.260000000000005,-120.545,14.24,10.0
1960,490,66.0,15.0,15.0,3.7101685,0.0,0.0,0.0,30.0,0.0,89.68666666666668,-252.43,14.24,10.0
1961,491,75.04,15.769554,14.230446,3.7101685,0.0,1.5391085,1.5391085,6.4619949,0.0,129.82,-51.32,14.24,10.0
1962,491,87.38,26.769003,3.2309975,25.97118,0.0,23.538005,23.538005,6.4619949,0.0,71.55,4.600000000000001,14.24,10.0
1963,491,111.9,26.769003,3.2309975,48.232191,0.0,23.538005,23.538005,6.4619949,0.0,123.48,0.0,14.24,10.0
1964,491,112.18,26.769003,3.2309975,70.493202,6.4619949,30.0,23.5380051,6.4619949,0.0,68.9425,0.0,14.24,10.0
1965,492,94.81,15.769554,14.230446,70.493202,0.0,1.5391085,1.5391085,0.0,28.460892,77.06,49.02,17.689999999999998,21.119999999999997
1966,492,74.64,15.769554,14.230446,70.493202,0.0,1.5391085,1.5391085,0.0,28.460892,106.28,55.33,17.689999999999998,21.119999999999997
1967,492,73.2,15.769554,14.230446,70.493202,0.0,1.5391085,1.5391085,0.0,28.460892,51.483333333333334,0.0,17.689999999999998,21.119999999999997
1968,492,69.84,15.769554,14.230446,70.493202,0.0,1.5391085,1.5391085,0.0,28.460892,77.55,63.31,17.689999999999998,21.119999999999997
1969,493,70.88,15.21551,14.78449,69.371912,0.0,0.431021,0.431021,0.0,29.568979,69.99,38.68,28.04,54.48
1970,493,66.14,15.21551,14.78449,68.250621,0.0,0.431021,0.431021,0.0,29.568979,42.035000000000004,3.4100000000000037,28.04,54.48
1971,493,56.46,15.21551,14.78449,67.129331,0.0,0.431021,0.431021,0.0,29.568979,72.18,-31.86,28.04,54.48
1972,493,49.99,15.21551,14.78449,66.008041,0.0,0.431021,0.431021,0.0,29.568979,63.19333333333333,7.710000000000001,28.04,54.48
1973,494,52.11,15.0,15.0,64.450594,0.0,0.0,0.0,0.0,30.0,39.47,-3.39,28.04,54.48
1974,494,51.94,15.0,15.0,62.893147,0.0,0.0,0.0,0.0,30.0,0.0,-14.68,28.04,54.48
1975,494,47.87,15.0,15.0,61.3357,30.0,30.0,0.0,0.0,30.0,62.02,-62.2125,28.04,54.48
1976,494,43.48,15.0,15.0,59.778254,30.0,30.0,0.0,0.0,30.0,3.39,-10.139999999999993,28.04,54.48
1977,495,34.59,15.0,15.0,58.220807,0.0,0.0,0.0,0.0,30.0,89.23,-273.8825,28.04,54.48
1978,495,11.19,15.0,15.0,56.66336,0.0,0.0,0.0,0.0,30.0,0.0,-77.6575,28.04,54.48
1979,495,0.0,15.0,15.0,55.105913,0.0,0.0,0.0,0.0,30.0,38.68,-263.96500000000003,28.04,54.48
1980,495,-0.1,15.0,15.0,53.548466,30.0,30.0,0.0,0.0,30.0,46.11,-173.315,28.04,54.48
1981,496,-5.01,15.0,15.0,51.99102,0.0,0.0,0.0,0.0,30.0,18.335,11.4275,28.04,54.48
1982,496,-10.0,15.0,15.0,50.433573,0.0,0.0,0.0,0.0,30.0,51.605000000000004,-37.0,28.04,54.48
1983,496,-9.44,15.0,15.0,48.876126,30.0,30.0,0.0,0.0,30.0,0.0,-43.06,28.04,54.48
1984,496,-2.98,15.0,15.0,47.318679,30.0,30.0,0.0,0.0,30.0,80.23,-17.810000000000002,28.04,54.48
1985,497,-2.36,15.0,15.0,45.761232,0.0,0.0,0.0,0.0,30.0,26.409999999999997,-13.456666666666667,28.04,54.48
1986,497,37.68,15.0,15.0,44.203786,0.0,0.0,0.0,0.0,30.0,70.20750000000001,-81.19,28.04,54.48
1987,497,62.02,15.0,15.0,42.646339,0.0,0.0,0.0,0.0,30.0,143.9475,-31.98,28.04,54.48
1988,497,67.2,15.0,15.0,41.088892,0.0,0.0,0.0,0.0,30.0,123.73666666666666,-21.39,28.04,54.48
1989,498,52.94,15.0,15.0,39.531445,0.0,0.0,0.0,0.0,30.0,0.0,-1.7650000000000006,32.15,56.92
1990,498,45.84,15.0,15.0,37.973998,0.0,0.0,0.0,0.0,30.0,72.55,-8.7775,32.15,56.92
1991,498,38.52,15.0,15.0,36.416551,0.0,0.0,0.0,0.0,30.0,59.02,-83.7225,32.15,56.92
1992,498,27.5,15.0,15.0,34.859105,0.0,0.0,0.0,0.0,30.0,5.5633333333333335,-141.625,32.15,56.92
1993,499,27.17,15.0,15.0,33.301658,0.0,0.0,0.0,0.0,30.0,26.88,-159.34750000000003,44.48,64.24
1994,499,11.67,15.0,15.0,31.744211,0.0,0.0,0.0,0.0,30.0,70.77,-21.0,44.48,64.24
1995,499,8.3,15.0,15.0,30.186764,0.0,0.0,0.0,0.0,30.0,54.32333333333333,0.0,44.48,64.24
1996,499,13.47,15.0,15.0,28.629317,0.0,0.0,0.0,0.0,30.0,76.285,0.0,44.48,64.24
1997,500,14.91,15.0,15.0,27.071871,0.0,0.0,0.0,0.0,30.0,27.995,-34.0,44.48,64.24
1998,500,17.18,15.0,15.0,25.514424,0.0,0.0,0.0,0.0,30.0,0.0,-28.0,44.48,64.24
1999,500,11.41,15.0,15.0,23.956977,0.0,0.0,0.0,0.0,30.0,5.553333333333333,-94.9975,44.48,64.24
2000,500,1.19,15.0,15.0,22.39953,30.0,30.0,0.0,0.0,30.0,66.58,-65.37,44.48,64.24
2001,501,0.0,15.0,15.0,20.842083,0.0,0.0,0.0,0.0,30.0,0.0,-114.3175,44.48,64.24
2002,501,0.0,15.0,15.0,19.284637,0.0,0.0,0.0,0.0,30.0,0.0,-52.6075,44.48,64.24
2003,501,0.0,15.0,15.0,17.72719,0.0,0.0,0.0,0.0,30.0,0.0,43.42,44.48,64.24
2004,501,0.0,15.0,15.0,16.169743,0.0,0.0,0.0,0.0,30.0,57.02,-38.36333333333334,44.48,64.24
2005,502,0.0,15.0,15.0,14.612296,0.0,0.0,0.0,0.0,30.0,0.0,-50.66,44.48,64.24
2006,502,0.0,15.0,15.0,13.054849,0.0,0.0,0.0,0.0,30.0,0.0,-20.144999999999996,44.48,64.24
2007,502,0.0,15.0,15.0,11.497403,0.0,0.0,0.0,0.0,30.0,35.48,-40.0,44.48,64.24
2008,502,0.0,15.0,15.0,9.9399558,0.0,0.0,0.0,0.0,30.0,82.08,-10.0,44.48,64.24
2009,503,11.6,15.0,15.0,8.3825089,30.0,30.0,0.0,0.0,30.0,57.02,-3.056666666666665,44.48,64.24
2010,503,50.0,15.0,15.0,6.8250621,0.0,0.0,0.0,0.0,30.0,57.02,51.70666666666667,44.48,64.24
2011,503,71.57,15.0,15.0,5.2676153,0.0,0.0,0.0,0.0,30.0,0.0,-7.93,44.48,64.24
2012,503,76.34,15.0,15.0,3.7101685,0.0,0.0,0.0,0.0,30.0,0.0,14.292500000000004,44.48,64.24
2013,504,67.11,15.769554,14.230446,3.7101685,0.0,1.5391085,1.5391085,0.0,28.460892,39.88,27.69,36.8,51.63999999999999
2014,504,64.97,15.769554,14.230446,3.7101685,0.0,1.5391085,1.5391085,0.0,28.460892,81.84,0.91,36.8,51.63999999999999
2015,504,64.47,15.769554,14.230446,3.7101685,0.0,1.5391085,1.5391085,0.0,28.460892,37.575,-25.1175,36.8,51.63999999999999
2016,504,64.0,15.769554,14.230446,3.7101685,0.0,1.5391085,1.5391085,0.0,28.460892,90.85,24.9375,36.8,51.63999999999999
2017,505,62.9,15.769554,14.230446,3.7101685,0.0,1.5391085,1.5391085,28.460892,0.0,70.14,0.0,13.76,13.84
2018,505,65.1,15.769554,14.230446,3.7101685,0.0,1.5391085,1.5391085,28.460892,0.0,54.92,0.0,13.76,13.84
2019,505,70.0,15.769554,14.230446,3.7101685,28.460892,30.0,1.5391079999999988,28.460892,0.0,77.13,-40.0,13.76,13.84
2020,505,73.1,15.769554,14.230446,3.7101685,0.0,1.5391085,1.5391085,28.460892,0.0,0.0,39.1125,13.76,13.84
2021,506,67.03,15.769554,14.230446,3.7101685,0.0,1.5391085,1.5391085,24.356602,0.0,0.0,47.025,13.76,13.84
2022,506,77.14,17.821699,12.178301,7.86336,0.0,5.6433978,5.6433978,24.356602,0.0,73.19,53.56,13.76,13.84
2023,506,87.77,17.821699,12.178301,12.016551,0.0,5.6433978,5.6433978,24.356602,0.0,77.57000000000001,0.0,13.76,13.84
2024,506,113.87,17.821699,12.178301,16.169743,0.0,5.6433978,5.6433978,24.356602,0.0,0.0,-292.13,13.76,13.84
2025,507,99.68,15.0,15.0,14.612296,0.0,0.0,0.0,30.0,0.0,0.0,33.44,13.76,13.84
2026,507,74.15,15.0,15.0,13.054849,0.0,0.0,0.0,30.0,0.0,0.0,-256.7,13.76,13.84
2027,507,66.96,15.0,15.0,11.497403,0.0,0.0,0.0,30.0,0.0,0.0,-3.3249999999999993,13.76,13.84
2028,507,60.95,15.0,15.0,9.9399558,0.0,0.0,0.0,30.0,0.0,0.0,-162.72750000000002,13.76,13.84
2029,508,59.11,15.0,15.0,8.3825089,0.0,0.0,0.0,30.0,0.0,0.0,-571.4875,13.76,13.84
2030,508,59.3,15.0,15.0,6.8250621,0.0,0.0,0.0,30.0,0.0,0.0,37.98,13.76,13.84
2031,508,61.04,15.0,15.0,5.2676153,0.0,0.0,0.0,30.0,0.0,0.0,17.54,13.76,13.84
2032,508,68.84,15.0,15.0,3.7101685,0.0,0.0,0.0,30.0,0.0,6.57,19.405,13.76,13.84
2033,509,74.5,15.769554,14.230446,3.7101685,0.0,1.5391085,1.5391085,0.0,0.0,68.62,43.875,13.76,13.84
2034,509,98.7,20.307008,9.6929924,12.893202,0.0,10.614015,10.614015,0.0,0.0,77.29333333333334,6.57,13.76,13.84
2035,509,155.0,30.0,0.0,41.693202,0.0,30.0,30.0,0.0,0.0,38.115,69.18,13.76,13.84
2036,509,138.0,30.0,0.0,70.493202,0.0,30.0,30.0,0.0,0.0,188.71,52.97666666666666,13.76,13.84
2037,510,86.9,15.769554,14.230446,70.493202,0.0,1.5391085,1.5391085,28.460892,0.0,0.0,54.91,14.26,15.439999999999998
2038,510,70.38,15.769554,14.230446,70.493202,0.0,1.5391085,1.5391085,28.460892,0.0,152.96666666666667,0.0,14.26,15.439999999999998
2039,510,70.4,15.769554,14.230446,70.493202,0.0,1.5391085,1.5391085,28.460892,0.0,0.0,14.822499999999998,14.26,15.439999999999998
2040,510,68.77,15.769554,14.230446,70.493202,0.0,1.5391085,1.5391085,28.460892,0.0,0.0,-159.92000000000002,14.26,15.439999999999998
2041,511,73.0,15.0,15.0,68.935755,0.0,0.0,0.0,0.0,30.0,0.0,49.17666666666666,15.76,20.24
2042,511,65.8,15.0,15.0,67.378308,0.0,0.0,0.0,0.0,30.0,68.48,41.23,15.76,20.24
2043,511,64.3,15.0,15.0,65.820861,0.0,0.0,0.0,0.0,30.0,0.0,48.483333333333334,15.76,20.24
2044,511,66.0,15.0,15.0,64.263415,0.0,0.0,0.0,0.0,30.0,64.66,64.07,15.76,20.24
2045,512,64.04,15.0,15.0,62.705968,0.0,0.0,0.0,0.0,30.0,70.09333333333333,0.0,15.76,20.24
2046,512,67.27,15.0,15.0,61.148521,0.0,0.0,0.0,0.0,30.0,78.48,0.0,15.76,20.24
2047,512,75.33,15.0,15.0,59.591074,30.0,30.0,0.0,0.0,30.0,80.23,67.69,15.76,20.24
2048,512,79.2,15.0,15.0,58.033627,30.0,30.0,0.0,0.0,30.0,77.98333333333333,59.69,15.76,20.24
2049,513,72.1,15.0,15.0,56.476181,0.0,0.0,0.0,0.0,30.0,82.1,0.0,15.76,20.24
2050,513,62.0,15.0,15.0,54.918734,0.0,0.0,0.0,0.0,30.0,119.75,50.07,15.76,20.24
2051,513,49.5,15.0,15.0,53.361287,0.0,0.0,0.0,0.0,30.0,144.4375,0.0,15.76,20.24
2052,513,37.03,15.0,15.0,51.80384,0.0,0.0,0.0,0.0,30.0,46.47,50.62,15.76,20.24
2053,514,13.48,9.8286308,20.171369,39.780422,30.0,19.657262,-10.342738,0.0,19.657262,62.95750000000001,16.57,15.76,20.24
2054,514,27.62,9.8286308,20.171369,27.757004,10.342738,0.0,-10.342738,0.0,19.657262,80.6375,10.07,15.76,20.24
2055,514,37.1,9.8286308,20.171369,15.733586,10.342738,0.0,-10.342738,0.0,19.657262,38.945,59.06,15.76,20.24
2056,514,51.93,9.8286308,20.171369,3.7101685,10.342738,0.0,-10.342738,0.0,19.657262,75.8125,62.05,15.76,20.24
2057,515,74.05,15.769554,14.230446,3.7101685,0.0,1.5391085,1.5391085,6.4619949,0.0,35.699999999999996,-118.73750000000001,15.76,20.24
2058,515,106.7,26.769003,3.2309975,25.97118,0.0,23.538005,23.538005,6.4619949,0.0,83.92,63.79666666666667,15.76,20.24
2059,515,116.0,26.769003,3.2309975,48.232191,0.0,23.538005,23.538005,6.4619949,0.0,13.86,59.105000000000004,15.76,20.24
2060,515,100.3,26.769003,3.2309975,70.493202,0.0,23.538005,23.538005,6.4619949,0.0,61.023333333333326,62.63,15.76,20.24
2061,516,80.0,15.0,15.0,68.935755,0.0,0.0,0.0,0.0,30.0,82.02,57.550000000000004,16.65,19.88
2062,516,82.2,15.0,15.0,67.378308,0.0,0.0,0.0,0.0,30.0,61.08666666666666,53.943333333333335,16.65,19.88
2063,516,74.4,15.0,15.0,65.820861,0.0,0.0,0.0,0.0,30.0,100.825,47.225,16.65,19.88
2064,516,66.92,15.0,15.0,64.263415,0.0,0.0,0.0,0.0,30.0,83.9,-7.125,16.65,19.88
2065,517,58.35,13.732824,16.267176,60.14142,2.5343516,0.0,-2.5343516,27.465648,0.0,77.02,14.959999999999999,19.32,18.8
2066,517,57.09,13.732824,16.267176,56.019425,30.0,27.465648,-2.5343519999999984,27.465648,0.0,54.99333333333333,8.410000000000004,19.32,18.8
2067,517,57.28,13.732824,16.267176,51.89743,30.0,27.465648,-2.5343519999999984,27.465648,0.0,82.05,-154.155,19.32,18.8
2068,517,55.59,13.732824,16.267176,47.775435,2.5343516,0.0,-2.5343516,27.465648,0.0,0.0,-163.05,19.32,18.8
2069,518,56.87,15.0,15.0,46.217988,0.0,0.0,0.0,30.0,0.0,66.85249999999999,-114.475,19.32,18.8
2070,518,64.52,15.0,15.0,44.660541,0.0,0.0,0.0,30.0,0.0,76.86,-9.69,19.32,18.8
2071,518,78.78,15.0,15.0,43.103095,0.0,0.0,0.0,30.0,0.0,81.83333333333333,-64.925,19.32,18.8
2072,518,82.77,15.0,15.0,41.545648,0.0,0.0,0.0,30.0,0.0,61.7325,-126.595,19.32,18.8
2073,519,79.83,15.0,15.0,39.988201,0.0,0.0,0.0,30.0,0.0,12.639999999999999,1.1900000000000013,19.32,18.8
2074,519,68.33,15.0,15.0,38.430754,0.0,0.0,0.0,30.0,0.0,0.0,-34.065,19.32,18.8
2075,519,63.94,15.0,15.0,36.873307,0.0,0.0,0.0,30.0,0.0,70.99,23.5375,19.32,18.8
2076,519,58.14,15.0,15.0,35.31586,0.0,0.0,0.0,30.0,0.0,61.1525,-40.0,19.32,18.8
2077,520,57.66,15.0,15.0,33.758414,0.0,0.0,0.0,30.0,0.0,82.69,-36.794999999999995,19.32,18.8
2078,520,59.54,15.0,15.0,32.200967,30.0,30.0,0.0,30.0,0.0,0.0,-247.975,19.32,18.8
2079,520,61.45,15.0,15.0,30.64352,0.0,0.0,0.0,30.0,0.0,42.665000000000006,6.817499999999999,19.32,18.8
2080,520,73.9,15.0,15.0,29.086073,0.0,0.0,0.0,30.0,0.0,94.975,61.72,19.32,18.8
2081,521,76.0,3.2309975,26.769003,3.7101685,23.538005,0.0,-23.538005,6.4619949,0.0,65.37,-90.2325,19.32,18.8
2082,521,94.44,26.769003,3.2309975,25.97118,0.0,23.538005,23.538005,6.4619949,0.0,71.845,-301.1300000000001,19.32,18.8
2083,521,120.42,26.769003,3.2309975,48.232191,0.0,23.538005,23.538005,6.4619949,0.0,0.0,49.28333333333333,19.32,18.8
2084,521,116.88,26.769003,3.2309975,70.493202,0.0,23.538005,23.538005,6.4619949,0.0,0.0,2.5050000000000026,19.32,18.8
2085,522,97.23,15.769554,14.230446,70.493202,0.0,1.5391085,1.5391085,28.460892,0.0,129.02666666666667,36.865,21.13,22.520000000000003
2086,522,79.35,15.769554,14.230446,70.493202,0.0,1.5391085,1.5391085,28.460892,0.0,60.15333333333333,0.0,21.13,22.520000000000003
2087,522,79.47,15.769554,14.230446,70.493202,0.0,1.5391085,1.5391085,28.460892,0.0,71.96333333333334,43.5,21.13,22.520000000000003
2088,522,74.0,15.769554,14.230446,70.493202,0.0,1.5391085,1.5391085,28.460892,0.0,177.6475,10.677500000000002,21.13,22.520000000000003
2089,523,74.51,15.0,15.0,68.935755,0.0,0.0,0.0,0.0,30.0,74.03333333333333,-33.9975,26.56,33.68
2090,523,62.19,15.0,15.0,67.378308,0.0,0.0,0.0,0.0,30.0,33.4075,41.99,26.56,33.68
2091,523,57.27,15.0,15.0,65.820861,0.0,0.0,0.0,0.0,30.0,78.8075,0.0,26.56,33.68
2092,523,55.79,15.0,15.0,64.263415,0.0,0.0,0.0,0.0,30.0,52.265,43.86,26.56,33.68
2093,524,55.5,15.0,15.0,62.705968,0.0,0.0,0.0,0.0,30.0,0.0,42.806666666666665,26.56,33.68
2094,524,57.52,15.0,15.0,61.148521,0.0,0.0,0.0,0.0,30.0,73.91,-5.974999999999994,26.56,33.68
2095,524,68.99,15.0,15.0,59.591074,30.0,30.0,0.0,0.0,30.0,6.91,-10.0,26.56,33.68
2096,524,76.05,15.0,15.0,58.033627,0.0,0.0,0.0,0.0,30.0,36.193333333333335,16.65333333333333,26.56,33.68
2097,525,73.03,15.0,15.0,56.476181,0.0,0.0,0.0,0.0,30.0,266.9,46.1,26.56,33.68
2098,525,58.09,15.0,15.0,54.918734,0.0,0.0,0.0,0.0,30.0,92.305,-4.79,26.56,33.68
2099,525,40.1,15.0,15.0,53.361287,0.0,0.0,0.0,0.0,30.0,89.33,-38.39666666666667,26.56,33.68
2100,525,31.36,15.0,15.0,51.80384,30.0,30.0,0.0,0.0,30.0,136.6975,2.9549999999999983,26.56,33.68
2101,526,6.73,14.445956,15.554044,49.125103,30.0,28.891913,-1.1080870000000012,28.891913,0.0,0.0,25.585,26.56,33.68
2102,526,0.05,14.445956,15.554044,46.446366,1.1080875,0.0,-1.1080875,28.891913,0.0,72.42,-278.1775,26.56,33.68
2103,526,0.0,14.445956,15.554044,43.767629,1.1080875,0.0,-1.1080875,28.891913,0.0,70.42,-338.3225,26.56,33.68
2104,526,8.66,14.445956,15.554044,41.088892,1.1080875,0.0,-1.1080875,28.891913,0.0,70.37,0.0,26.56,33.68
2105,527,27.18,15.0,15.0,39.531445,0.0,0.0,0.0,0.0,30.0,0.0,18.06666666666667,26.56,33.68
2106,527,43.09,15.0,15.0,37.973998,0.0,0.0,0.0,0.0,30.0,53.265,-86.09666666666666,26.56,33.68
2107,527,63.68,15.0,15.0,36.416551,0.0,0.0,0.0,0.0,30.0,28.002499999999998,30.1,26.56,33.68
2108,527,68.09,15.0,15.0,34.859105,0.0,0.0,0.0,0.0,30.0,94.94000000000001,16.57,26.56,33.68
2109,528,56.81,15.0,15.0,33.301658,0.0,0.0,0.0,0.0,30.0,0.0,26.015,28.259999999999998,36.04
2110,528,44.89,15.0,15.0,31.744211,0.0,0.0,0.0,0.0,30.0,79.42,-47.68333333333333,28.259999999999998,36.04
2111,528,32.76,15.0,15.0,30.186764,0.0,0.0,0.0,0.0,30.0,76.92,-8.615,28.259999999999998,36.04
2112,528,25.0,15.0,15.0,28.629317,0.0,0.0,0.0,0.0,30.0,0.0,-9.3525,28.259999999999998,36.04
2113,529,20.6,15.0,15.0,27.071871,0.0,0.0,0.0,0.0,30.0,26.399999999999995,-24.0,33.36,43.12
2114,529,18.83,15.0,15.0,25.514424,0.0,0.0,0.0,0.0,30.0,83.55333333333333,43.86,33.36,43.12
2115,529,12.43,15.0,15.0,23.956977,0.0,0.0,0.0,0.0,30.0,0.0,-0.6400000000000006,33.36,43.12
2116,529,10.24,15.0,15.0,22.39953,0.0,0.0,0.0,0.0,30.0,0.0,-28.75,33.36,43.12
2117,530,12.59,15.0,15.0,20.842083,30.0,30.0,0.0,0.0,30.0,7.49,-130.1575,33.36,43.12
2118,530,14.32,15.0,15.0,19.284637,0.0,0.0,0.0,0.0,30.0,7.99,-51.6675,33.36,43.12
2119,530,22.02,15.0,15.0,17.72719,30.0,30.0,0.0,0.0,30.0,7.49,-110.345,33.36,43.12
2120,530,54.9,15.0,15.0,16.169743,0.0,0.0,0.0,0.0,30.0,58.376666666666665,-173.60500000000002,33.36,43.12
2121,531,79.3,15.0,15.0,14.612296,30.0,30.0,0.0,30.0,0.0,74.11,-134.8975,33.36,43.12
2122,531,63.6,15.0,15.0,13.054849,0.0,0.0,0.0,30.0,0.0,0.0,-41.47,33.36,43.12
2123,531,29.9,15.0,15.0,11.497403,30.0,30.0,0.0,30.0,0.0,0.0,-150.515,33.36,43.12
2124,531,18.81,15.0,15.0,9.9399558,0.0,0.0,0.0,30.0,0.0,0.0,-206.17,33.36,43.12
2125,532,12.99,15.0,15.0,8.3825089,30.0,30.0,0.0,0.0,30.0,0.0,-110.67000000000002,33.36,43.12
2126,532,9.86,15.0,15.0,6.8250621,30.0,30.0,0.0,0.0,30.0,53.865,-45.4075,33.36,43.12
2127,532,13.44,15.0,15.0,5.2676153,30.0,30.0,0.0,0.0,30.0,4.15,-22.1725,33.36,43.12
2128,532,21.14,15.0,15.0,3.7101685,0.0,0.0,0.0,0.0,30.0,36.38,-6.32,33.36,43.12
2129,533,43.87,15.769554,14.230446,3.7101685,0.0,1.5391085,1.5391085,0.0,14.095879,5.2749999999999995,-39.846666666666664,33.36,43.12
2130,533,75.44,22.952061,7.0479394,18.246339,0.0,15.904121,15.904121,0.0,14.095879,49.927499999999995,-351.12666666666667,33.36,43.12
2131,533,101.62,22.952061,7.0479394,32.782509,0.0,15.904121,15.904121,0.0,14.095879,167.54,29.215000000000003,33.36,43.12
2132,533,108.0,22.952061,7.0479394,47.318679,0.0,15.904121,15.904121,0.0,14.095879,49.34,63.58,33.36,43.12
2133,534,87.4,15.0,15.0,45.761232,0.0,0.0,0.0,0.0,30.0,135.395,0.0,30.369999999999997,44.05
2134,534,79.9,15.0,15.0,44.203786,0.0,0.0,0.0,0.0,30.0,110.975,0.0,30.369999999999997,44.05
2135,534,75.89,15.0,15.0,42.646339,0.0,0.0,0.0,0.0,30.0,71.125,0.0,30.369999999999997,44.05
2136,534,70.0,15.0,15.0,41.088892,0.0,0.0,0.0,0.0,30.0,84.74,-2.4624999999999986,30.369999999999997,44.05
2137,535,69.3,15.0,15.0,39.531445,0.0,0.0,0.0,0.0,30.0,0.0,-71.19749999999999,21.4,46.84
2138,535,58.16,15.0,15.0,37.973998,0.0,0.0,0.0,0.0,30.0,0.0,-17.23,21.4,46.84
2139,535,68.11,15.0,15.0,36.416551,0.0,0.0,0.0,0.0,30.0,70.97,56.230000000000004,21.4,46.84
2140,535,65.8,15.0,15.0,34.859105,0.0,0.0,0.0,0.0,30.0,82.0775,0.0,21.4,46.84
2141,536,84.0,15.0,15.0,33.301658,0.0,0.0,0.0,0.0,30.0,80.54,54.94,21.4,46.84
2142,536,65.05,15.0,15.0,31.744211,0.0,0.0,0.0,0.0,30.0,0.0,39.6425,21.4,46.84
2143,536,69.89,15.0,15.0,30.186764,0.0,0.0,0.0,0.0,30.0,40.25,53.126666666666665,21.4,46.84
2144,536,72.62,15.0,15.0,28.629317,0.0,0.0,0.0,0.0,30.0,53.055,57.93,21.4,46.84
2145,537,50.0,15.0,15.0,27.071871,0.0,0.0,0.0,0.0,30.0,0.0,57.82,21.4,46.84
2146,537,54.39,15.0,15.0,25.514424,0.0,0.0,0.0,0.0,30.0,64.66,51.1625,21.4,46.84
2147,537,36.15,15.0,15.0,23.956977,0.0,0.0,0.0,0.0,30.0,0.0,46.14,21.4,46.84
2148,537,25.0,15.0,15.0,22.39953,0.0,0.0,0.0,0.0,30.0,521.17,54.18,21.4,46.84
2149,538,25.74,15.0,15.0,20.842083,0.0,0.0,0.0,0.0,30.0,661.05,0.0,21.4,46.84
2150,538,13.15,15.0,15.0,19.284637,30.0,30.0,0.0,0.0,30.0,80.91,0.0,21.4,46.84
2151,538,15.87,15.0,15.0,17.72719,0.0,0.0,0.0,0.0,30.0,90.02,48.473333333333336,21.4,46.84
2152,538,37.05,15.0,15.0,16.169743,0.0,0.0,0.0,0.0,30.0,0.0,40.25749999999999,21.4,46.84
2153,539,52.52,15.0,15.0,14.612296,0.0,0.0,0.0,0.0,30.0,0.0,48.0925,21.4,46.84
2154,539,79.2,15.0,15.0,13.054849,30.0,30.0,0.0,0.0,30.0,0.0,-166.33499999999998,21.4,46.84
2155,539,101.3,15.0,15.0,11.497403,0.0,0.0,0.0,0.0,30.0,0.0,42.89666666666667,21.4,46.84
2156,539,130.0,15.0,15.0,9.9399558,0.0,0.0,0.0,0.0,30.0,0.0,63.8525,21.4,46.84
2157,540,111.6,15.0,15.0,8.3825089,30.0,30.0,0.0,0.0,30.0,0.0,63.29,21.589731357109784,38.42372857804539
2158,540,80.8,15.0,15.0,6.8250621,0.0,0.0,0.0,0.0,30.0,0.0,53.980000000000004,21.589731357109784,38.42372857804539
2159,540,70.83,15.0,15.0,5.2676153,0.0,0.0,0.0,0.0,30.0,0.0,56.8675,21.589731357109784,38.42372857804539
2160,540,65.74,15.0,15.0,3.7101685,0.0,0.0,0.0,0.0,30.0,0.0,59.26,21.589731357109784,38.42372857804539
2161,541,81.81,24.01914,5.9808595,20.405927,0.0,18.038281,18.038281,11.961719,0.0,77.7375,65.69,22.15892542843914,13.174914312181544
2162,541,74.57,24.01914,5.9808595,37.101685,0.0,18.038281,18.038281,11.961719,0.0,83.03666666666666,61.69,22.15892542843914,13.174914312181544
2163,541,64.98,24.01914,5.9808595,53.797444,0.0,18.038281,18.038281,11.961719,0.0,70.7,56.87,22.15892542843914,13.174914312181544
2164,541,65.68,24.01914,5.9808595,70.493202,0.0,18.038281,18.038281,11.961719,0.0,0.0,38.69,22.15892542843914,13.174914312181544
2165,542,61.74,15.769554,14.230446,70.493202,0.0,1.5391085,1.5391085,28.460892,0.0,0.0,14.594999999999999,22.15892542843914,13.174914312181544
2166,542,68.75,15.769554,14.230446,70.493202,0.0,1.5391085,1.5391085,28.460892,0.0,0.0,9.692499999999999,22.15892542843914,13.174914312181544
2167,542,74.02,15.769554,14.230446,70.493202,0.0,1.5391085,1.5391085,28.460892,0.0,0.0,-24.1875,22.15892542843914,13.174914312181544
2168,542,70.74,15.769554,14.230446,70.493202,0.0,1.5391085,1.5391085,28.460892,0.0,0.0,-24.98,22.15892542843914,13.174914312181544
2169,543,50.39,15.0,15.0,68.935755,0.0,0.0,0.0,30.0,0.0,0.0,2.3200000000000003,22.15892542843914,13.174914312181544
2170,543,40.0,15.0,15.0,67.378308,0.0,0.0,0.0,30.0,0.0,0.0,6.375,22.15892542843914,13.174914312181544
2171,543,27.84,15.0,15.0,65.820861,0.0,0.0,0.0,30.0,0.0,0.0,-527.1899999999999,22.15892542843914,13.174914312181544
2172,543,18.68,15.0,15.0,64.263415,0.0,0.0,0.0,30.0,0.0,0.0,-1075.0,22.15892542843914,13.174914312181544
2173,544,2.81,5.7961783,24.203822,44.078999,18.407643,0.0,-18.407643,11.592357,0.0,0.0,-1100.0,22.15892542843914,13.174914312181544
2174,544,0.97,5.7961783,24.203822,23.894584,30.0,11.592357,-18.407643,11.592357,0.0,0.0,-179.565,22.15892542843914,13.174914312181544
2175,544,14.83,5.7961783,24.203822,3.7101685,18.407643,0.0,-18.407643,11.592357,0.0,0.0,-231.62750000000003,22.15892542843914,13.174914312181544
2176,544,41.07,15.769554,14.230446,3.7101685,0.0,1.5391085,1.5391085,11.592357,0.0,0.0,-638.8575000000001,22.15892542843914,13.174914312181544
2177,545,66.74,24.01914,5.9808595,20.405927,0.0,18.038281,18.038281,11.961719,0.0,71.50333333333333,6.344999999999999,22.15892542843914,13.174914312181544
2178,545,86.8,24.01914,5.9808595,37.101685,0.0,18.038281,18.038281,11.961719,0.0,83.69,43.0875,22.15892542843914,13.174914312181544
2179,545,118.04,24.01914,5.9808595,53.797444,0.0,18.038281,18.038281,11.961719,0.0,0.0,0.5649999999999977,22.15892542843914,13.174914312181544
2180,545,83.72,24.01914,5.9808595,70.493202,0.0,18.038281,18.038281,11.961719,0.0,63.94333333333333,52.163333333333334,22.15892542843914,13.174914312181544
2181,546,65.2,15.769554,14.230446,70.493202,0.0,1.5391085,1.5391085,0.0,28.460892,117.54333333333334,65.75999999999999,21.459462714219573,31.607457156090774
2182,546,60.55,15.769554,14.230446,70.493202,0.0,1.5391085,1.5391085,0.0,28.460892,69.78,64.475,21.459462714219573,31.607457156090774
2183,546,54.9,15.769554,14.230446,70.493202,0.0,1.5391085,1.5391085,0.0,28.460892,120.38250000000001,0.0,21.459462714219573,31.607457156090774
2184,546,51.03,15.769554,14.230446,70.493202,0.0,1.5391085,1.5391085,0.0,28.460892,566.4175,-4.450000000000003,21.459462714219573,31.607457156090774
2185,547,48.98,15.0,15.0,68.935755,0.0,0.0,0.0,0.0,30.0,17.33749999999999,0.0,20.76,50.04
2186,547,45.1,15.0,15.0,67.378308,0.0,0.0,0.0,0.0,30.0,153.71,0.0,20.76,50.04
2187,547,43.54,15.0,15.0,65.820861,0.0,0.0,0.0,0.0,30.0,22.7625,0.0,20.76,50.04
2188,547,46.56,15.0,15.0,64.263415,0.0,0.0,0.0,0.0,30.0,48.03666666666667,-9.715,20.76,50.04
2189,548,52.35,15.0,15.0,62.705968,0.0,0.0,0.0,0.0,30.0,69.50999999999999,21.26,20.76,50.04
2190,548,55.26,15.0,15.0,61.148521,0.0,0.0,0.0,0.0,30.0,66.02,-36.0425,20.76,50.04
2191,548,59.51,15.0,15.0,59.591074,0.0,0.0,0.0,0.0,30.0,68.81,48.2675,20.76,50.04
2192,548,58.71,15.0,15.0,58.033627,0.0,0.0,0.0,0.0,30.0,0.0,65.35,20.76,50.04
2193,549,60.89,15.0,15.0,56.476181,0.0,0.0,0.0,0.0,30.0,66.02,43.64,20.76,50.04
2194,549,52.96,15.0,15.0,54.918734,0.0,0.0,0.0,0.0,30.0,69.75,0.0,20.76,50.04
2195,549,48.23,15.0,15.0,53.361287,0.0,0.0,0.0,0.0,30.0,66.575,7.759999999999998,20.76,50.04
2196,549,48.75,15.0,15.0,51.80384,0.0,0.0,0.0,0.0,30.0,131.74,-30.0,20.76,50.04
2197,550,0.03,15.0,15.0,50.246393,0.0,0.0,0.0,0.0,30.0,0.0,-136.3675,20.76,50.04
2198,550,-0.01,15.0,15.0,48.688947,30.0,30.0,0.0,0.0,30.0,36.04,-76.7225,20.76,50.04
2199,550,-0.01,15.0,15.0,47.1315,30.0,30.0,0.0,0.0,30.0,0.0,-57.3825,20.76,50.04
2200,550,-0.01,15.0,15.0,45.574053,30.0,30.0,0.0,0.0,30.0,0.0,-120.52,20.76,50.04
2201,551,5.79,15.0,15.0,44.016606,30.0,30.0,0.0,0.0,30.0,80.86,-34.96,20.76,50.04
2202,551,53.0,15.0,15.0,42.459159,0.0,0.0,0.0,0.0,30.0,35.89,-25.209999999999994,20.76,50.04
2203,551,90.0,15.0,15.0,40.901712,0.0,0.0,0.0,0.0,30.0,0.0,13.844999999999999,20.76,50.04
2204,551,79.89,15.0,15.0,39.344266,0.0,0.0,0.0,0.0,30.0,0.0,-15.342500000000001,20.76,50.04
2205,552,55.96,15.0,15.0,37.786819,0.0,0.0,0.0,0.0,30.0,52.845000000000006,-3.2866666666666666,29.300000000000004,52.519999999999996
2206,552,41.0,15.0,15.0,36.229372,0.0,0.0,0.0,0.0,30.0,65.42333333333333,-65.83333333333333,29.300000000000004,52.519999999999996
2207,552,29.63,15.0,15.0,34.671925,0.0,0.0,0.0,0.0,30.0,0.0,-39.375,29.300000000000004,52.519999999999996
2208,552,46.13,15.0,15.0,33.114478,0.0,0.0,0.0,0.0,30.0,0.0,-48.375,29.300000000000004,52.519999999999996
2209,553,36.33,15.0,15.0,31.557032,0.0,0.0,0.0,0.0,30.0,66.02,-69.825,37.84,55.0
2210,553,16.46,15.0,15.0,29.999585,0.0,0.0,0.0,0.0,30.0,0.0,-36.0,37.84,55.0
2211,553,7.54,15.0,15.0,28.442138,30.0,30.0,0.0,0.0,30.0,73.37,-23.0,37.84,55.0
2212,553,1.94,15.0,15.0,26.884691,30.0,30.0,0.0,0.0,30.0,58.79,30.6,37.84,55.0
2213,554,7.27,15.0,15.0,25.327244,30.0,30.0,0.0,0.0,30.0,90.35499999999999,0.0,37.84,55.0
2214,554,51.32,15.0,15.0,23.769798,0.0,0.0,0.0,0.0,30.0,76.16499999999999,36.57,37.84,55.0
2215,554,70.98,15.0,15.0,22.212351,0.0,0.0,0.0,0.0,30.0,55.3475,30.8,37.84,55.0
2216,554,68.93,15.0,15.0,20.654904,0.0,0.0,0.0,0.0,30.0,87.35499999999999,-6.197499999999998,37.84,55.0
2217,555,55.17,15.0,15.0,19.097457,0.0,0.0,0.0,0.0,30.0,57.230000000000004,-9.247500000000002,37.84,55.0
2218,555,30.1,15.0,15.0,17.54001,0.0,0.0,0.0,0.0,30.0,17.823333333333334,32.1,37.84,55.0
2219,555,24.91,15.0,15.0,15.982564,0.0,0.0,0.0,0.0,30.0,87.945,-40.0,37.84,55.0
2220,555,5.0,15.0,15.0,14.425117,0.0,0.0,0.0,0.0,30.0,68.0175,-76.0625,37.84,55.0
2221,556,2.5,15.0,15.0,12.86767,0.0,0.0,0.0,0.0,30.0,72.69,-47.8125,37.84,55.0
2222,556,0.17,15.0,15.0,11.310223,30.0,30.0,0.0,0.0,30.0,58.0,-198.28,37.84,55.0
2223,556,0.0,15.0,15.0,9.7527763,0.0,0.0,0.0,0.0,30.0,52.13333333333334,-35.345,37.84,55.0
2224,556,4.31,15.0,15.0,8.1953295,30.0,30.0,0.0,0.0,30.0,112.195,-10.0,37.84,55.0
2225,557,41.46,15.21551,14.78449,7.0740392,0.0,0.431021,0.431021,29.568979,0.0,975.8525,-19.19,37.84,55.0
2226,557,72.7,15.21551,14.78449,5.952749,0.0,0.431021,0.431021,29.568979,0.0,1899.72,17.936666666666664,37.84,55.0
2227,557,104.0,15.21551,14.78449,4.8314588,0.0,0.431021,0.431021,29.568979,0.0,66.02,-39.69,37.84,55.0
2228,557,110.0,15.21551,14.78449,3.7101685,0.0,0.431021,0.431021,29.568979,0.0,80.965,0.0,37.84,55.0
2229,558,99.0,16.539108,13.460892,5.2676153,0.0,3.078217,3.078217,0.0,26.921783,71.46,53.19,29.82,38.3
2230,558,76.26,16.539108,13.460892,6.8250621,0.0,3.078217,3.078217,0.0,26.921783,78.81,41.1375,29.82,38.3
2231,558,72.43,16.539108,13.460892,8.3825089,0.0,3.078217,3.078217,0.0,26.921783,68.21333333333334,-15.384999999999998,29.82,38.3
2232,558,72.74,16.539108,13.460892,9.9399558,0.0,3.078217,3.078217,0.0,26.921783,83.21,11.265,29.82,38.3
2233,559,66.31,15.0,15.0,8.3825089,0.0,0.0,0.0,0.0,30.0,0.0,66.08,21.8,21.6
2234,559,62.64,15.0,15.0,6.8250621,30.0,30.0,0.0,0.0,30.0,0.0,31.064999999999998,21.8,21.6
2235,559,64.66,15.0,15.0,5.2676153,0.0,0.0,0.0,0.0,30.0,0.0,41.480000000000004,21.8,21.6
2236,559,64.89,15.0,15.0,3.7101685,0.0,0.0,0.0,0.0,30.0,0.0,36.4275,21.8,21.6
2237,560,68.73,24.01914,5.9808595,20.405927,0.0,18.038281,18.038281,0.0,11.961719,0.0,50.2375,21.8,21.6
2238,560,82.94,24.01914,5.9808595,37.101685,0.0,18.038281,18.038281,0.0,11.961719,0.0,60.3,21.8,21.6
2239,560,106.52,24.01914,5.9808595,53.797444,0.0,18.038281,18.038281,0.0,11.961719,50.45,60.0775,21.8,21.6
2240,560,117.93,24.01914,5.9808595,70.493202,0.0,18.038281,18.038281,0.0,11.961719,0.0,62.7,21.8,21.6
2241,561,102.44,15.769554,14.230446,70.493202,0.0,1.5391085,1.5391085,28.460892,0.0,0.0,40.07,21.8,21.6
2242,561,107.35,15.769554,14.230446,70.493202,0.0,1.5391085,1.5391085,28.460892,0.0,0.0,45.6225,21.8,21.6
2243,561,90.92,15.769554,14.230446,70.493202,0.0,1.5391085,1.5391085,28.460892,0.0,0.0,58.685,21.8,21.6
2244,561,78.72,15.769554,14.230446,70.493202,0.0,1.5391085,1.5391085,28.460892,0.0,678.2133333333334,60.14,21.8,21.6
2245,562,65.8,15.0,15.0,68.935755,0.0,0.0,0.0,30.0,0.0,77.02,42.14,21.8,21.6
2246,562,58.9,15.0,15.0,67.378308,0.0,0.0,0.0,30.0,0.0,0.0,-13.120000000000001,21.8,21.6
2247,562,58.09,15.0,15.0,65.820861,0.0,0.0,0.0,30.0,0.0,0.0,-47.3475,21.8,21.6
2248,562,60.97,15.0,15.0,64.263415,30.0,30.0,0.0,30.0,0.0,0.0,41.84,21.8,21.6
2249,563,70.31,16.539108,13.460892,65.820861,0.0,3.078217,3.078217,0.0,26.921783,0.0,31.08,21.8,21.6
2250,563,85.0,16.539108,13.460892,67.378308,0.0,3.078217,3.078217,0.0,26.921783,85.18,59.57,21.8,21.6
2251,563,91.69,16.539108,13.460892,68.935755,0.0,3.078217,3.078217,0.0,26.921783,72.21,58.269999999999996,21.8,21.6
2252,563,92.65,16.539108,13.460892,70.493202,0.0,3.078217,3.078217,0.0,26.921783,0.0,41.147499999999994,21.8,21.6
2253,564,70.71,15.0,15.0,68.935755,0.0,0.0,0.0,0.0,30.0,75.18,-7.802499999999998,26.04,27.36
2254,564,65.49,15.0,15.0,67.378308,0.0,0.0,0.0,0.0,30.0,73.52,52.9375,26.04,27.36
2255,564,55.33,15.0,15.0,65.820861,0.0,0.0,0.0,0.0,30.0,0.0,2.6424999999999983,26.04,27.36
2256,564,42.63,15.0,15.0,64.263415,0.0,0.0,0.0,0.0,30.0,64.5925,-18.47666666666667,26.04,27.36
2257,565,40.28,15.0,15.0,62.705968,0.0,0.0,0.0,0.0,30.0,3.602499999999999,0.0,30.28,33.12
2258,565,39.08,15.0,15.0,61.148521,0.0,0.0,0.0,0.0,30.0,98.825,0.0,30.28,33.12
2259,565,39.67,15.0,15.0,59.591074,0.0,0.0,0.0,0.0,30.0,64.5075,0.0,30.28,33.12
2260,565,40.03,15.0,15.0,58.033627,0.0,0.0,0.0,0.0,30.0,44.175,0.0,30.28,33.12
2261,566,43.07,15.0,15.0,56.476181,0.0,0.0,0.0,0.0,30.0,70.67,0.0,30.28,33.12
2262,566,53.49,15.0,15.0,54.918734,0.0,0.0,0.0,0.0,30.0,83.43,46.65,30.28,33.12
2263,566,65.47,15.0,15.0,53.361287,0.0,0.0,0.0,0.0,30.0,57.942499999999995,2.2850000000000037,30.28,33.12
2264,566,75.33,15.0,15.0,51.80384,0.0,0.0,0.0,0.0,30.0,57.127500000000005,-22.67,30.28,33.12
2265,567,71.79,15.0,15.0,50.246393,0.0,0.0,0.0,30.0,0.0,158.91250000000002,0.0,30.28,33.12
2266,567,69.17,15.0,15.0,48.688947,30.0,30.0,0.0,30.0,0.0,0.7333333333333333,-0.7599999999999998,30.28,33.12
2267,567,63.06,15.0,15.0,47.1315,0.0,0.0,0.0,30.0,0.0,0.3,-67.565,30.28,33.12
2268,567,51.77,15.0,15.0,45.574053,0.0,0.0,0.0,30.0,0.0,58.18,-445.08,30.28,33.12
2269,568,45.88,15.0,15.0,44.016606,0.0,0.0,0.0,30.0,0.0,64.85,-207.17,30.28,33.12
2270,568,45.15,15.0,15.0,42.459159,0.0,0.0,0.0,30.0,0.0,42.85,-346.34999999999997,30.28,33.12
2271,568,44.17,15.0,15.0,40.901712,0.0,0.0,0.0,30.0,0.0,49.70666666666666,-56.06,30.28,33.12
2272,568,44.9,15.0,15.0,39.344266,0.0,0.0,0.0,30.0,0.0,33.165,-123.34,30.28,33.12
2273,569,56.75,19.617325,10.382675,47.1315,0.0,9.234651,9.234651,0.0,20.765349,84.66999999999999,-83.31,30.28,33.12
2274,569,65.1,19.617325,10.382675,54.918734,0.0,9.234651,9.234651,0.0,20.765349,64.68,15.315000000000001,30.28,33.12
2275,569,103.7,19.617325,10.382675,62.705968,0.0,9.234651,9.234651,0.0,20.765349,94.75,61.19,30.28,33.12
2276,569,99.5,19.617325,10.382675,70.493202,0.0,9.234651,9.234651,0.0,20.765349,0.0,15.8675,30.28,33.12
2277,570,75.7,15.769554,14.230446,70.493202,28.460892,30.0,1.5391079999999988,0.0,28.460892,39.02499999999999,12.955,34.379999999999995,39.379999999999995
2278,570,67.0,15.769554,14.230446,70.493202,0.0,1.5391085,1.5391085,0.0,28.460892,38.4,-72.53999999999999,34.379999999999995,39.379999999999995
2279,570,57.85,15.769554,14.230446,70.493202,0.0,1.5391085,1.5391085,0.0,28.460892,73.15,-35.97,34.379999999999995,39.379999999999995
2280,570,58.12,15.769554,14.230446,70.493202,0.0,1.5391085,1.5391085,0.0,28.460892,26.2825,0.0,34.379999999999995,39.379999999999995
2281,571,54.46,15.0,15.0,68.935755,0.0,0.0,0.0,0.0,30.0,79.8375,0.0,38.48,45.64
2282,571,50.04,15.0,15.0,67.378308,0.0,0.0,0.0,0.0,30.0,55.07,-98.0,38.48,45.64
2283,571,47.98,15.0,15.0,65.820861,0.0,0.0,0.0,0.0,30.0,64.01,-65.50999999999999,38.48,45.64
2284,571,47.37,15.0,15.0,64.263415,0.0,0.0,0.0,0.0,30.0,48.5,0.0,38.48,45.64
2285,572,52.0,16.539108,13.460892,65.820861,0.0,3.078217,3.078217,0.0,26.921783,52.4275,0.0,38.48,45.64
2286,572,62.53,16.539108,13.460892,67.378308,0.0,3.078217,3.078217,0.0,26.921783,191.19,0.0,38.48,45.64
2287,572,76.79,16.539108,13.460892,68.935755,0.0,3.078217,3.078217,0.0,26.921783,50.925,0.0,38.48,45.64
2288,572,80.0,16.539108,13.460892,70.493202,0.0,3.078217,3.078217,0.0,26.921783,73.47,-25.993333333333332,38.48,45.64
2289,573,67.59,15.0,15.0,68.935755,0.0,0.0,0.0,30.0,0.0,54.765,0.0,38.48,45.64
2290,573,50.0,15.0,15.0,67.378308,0.0,0.0,0.0,30.0,0.0,1411.615,0.0,38.48,45.64
2291,573,23.7,15.0,15.0,65.820861,0.0,0.0,0.0,30.0,0.0,93.21000000000001,-17.064999999999998,38.48,45.64
2292,573,8.48,15.0,15.0,64.263415,0.0,0.0,0.0,30.0,0.0,0.0,-21.077499999999997,38.48,45.64
2293,574,0.0,15.0,15.0,62.705968,0.0,0.0,0.0,30.0,0.0,959.45,-32.495,38.48,45.64
2294,574,-0.2,15.0,15.0,61.148521,0.0,0.0,0.0,30.0,0.0,9.35,-49.333333333333336,38.48,45.64
2295,574,-10.07,15.0,15.0,59.591074,0.0,0.0,0.0,30.0,0.0,3.1575,-321.53499999999997,38.48,45.64
2296,574,-15.0,15.0,15.0,58.033627,0.0,0.0,0.0,30.0,0.0,54.85666666666667,-390.73333333333335,38.48,45.64
2297,575,6.0,17.308663,12.691337,61.148521,0.0,4.6173255,4.6173255,0.0,25.382675,59.78,-100.84,38.48,45.64
2298,575,44.66,17.308663,12.691337,64.263415,0.0,4.6173255,4.6173255,0.0,25.382675,77.0075,-126.46,38.48,45.64
2299,575,58.4,17.308663,12.691337,67.378308,0.0,4.6173255,4.6173255,0.0,25.382675,72.12666666666667,18.323333333333338,38.48,45.64
2300,575,64.89,17.308663,12.691337,70.493202,0.0,4.6173255,4.6173255,0.0,25.382675,73.98,0.0,38.48,45.64
2301,576,62.94,0.0,0.0,70.493202,0.0,0.0,0.0,0.0,30.0,59.41499999999999,0.0,35.06,53.32
2302,576,58.99,0.0,0.0,70.493202,30.0,30.0,0.0,0.0,30.0,43.085,0.0,35.06,53.32
2303,576,50.2,0.0,0.0,70.493202,30.0,30.0,0.0,0.0,30.0,515.4025000000001,-10.0,35.06,53.32
2304,576,42.31,0.0,0.0,70.493202,0.0,0.0,0.0,0.0,30.0,0.0,37.69,35.06,53.32
2305,577,43.78,0.0,0.0,70.493202,0.0,0.0,0.0,0.0,30.0,0.0,22.605,31.64,61.0
2306,577,44.0,0.0,0.0,70.493202,0.0,0.0,0.0,0.0,30.0,82.535,46.855000000000004,31.64,61.0
2307,577,44.87,0.0,0.0,70.493202,0.0,0.0,0.0,0.0,30.0,251.02249999999998,0.0,31.64,61.0
2308,577,48.09,0.0,0.0,70.493202,0.0,0.0,0.0,0.0,30.0,77.19,31.355,31.64,61.0
2309,578,48.25,0.0,0.0,70.493202,30.0,30.0,0.0,0.0,30.0,0.0,-8.469999999999999,31.64,61.0
2310,578,50.01,0.0,0.0,70.493202,0.0,0.0,0.0,0.0,30.0,0.0,-38.1875,31.64,61.0
2311,578,51.19,0.0,0.0,70.493202,0.0,0.0,0.0,0.0,30.0,0.0,11.772499999999994,31.64,61.0
2312,578,48.0,0.0,0.0,70.493202,0.0,0.0,0.0,0.0,30.0,0.0,-7.357500000000002,31.64,61.0
2313,579,27.16,0.0,0.0,70.493202,0.0,0.0,0.0,0.0,30.0,0.3,-3.502500000000005,31.64,61.0
2314,579,-14.86,0.0,0.0,70.493202,0.0,0.0,0.0,0.0,30.0,46.24,10.344999999999999,31.64,61.0
2315,579,-22.1,0.0,0.0,70.493202,0.0,0.0,0.0,0.0,30.0,42.7425,35.44,31.64,61.0
2316,579,-50.0,0.0,0.0,70.493202,0.0,0.0,0.0,0.0,30.0,53.58,-25.0,31.64,61.0
2317,580,-120.92,0.0,20.92535,48.232191,20.92535,0.0,-20.92535,0.0,9.0746496,43.36,-22.302500000000002,31.64,61.0
2318,580,-125.3,0.0,20.92535,25.97118,20.92535,0.0,-20.92535,0.0,9.0746496,40.57666666666667,10.344999999999999,31.64,61.0
2319,580,-50.0,0.0,20.92535,3.7101685,20.92535,0.0,-20.92535,0.0,9.0746496,6.23,-56.88749999999999,31.64,61.0
2320,580,-20.0,0.0,0.0,3.7101685,0.0,0.0,0.0,0.0,9.0746496,52.3925,-181.695,31.64,61.0
2321,581,0.0,0.0,0.0,3.7101685,0.0,0.0,0.0,0.0,30.0,27.919999999999998,-67.13,31.64,61.0
2322,581,55.92,0.0,0.0,3.7101685,30.0,30.0,0.0,0.0,30.0,0.0,-19.33,31.64,61.0
2323,581,69.2,0.0,0.0,3.7101685,0.0,0.0,0.0,0.0,30.0,0.0,-67.88333333333334,31.64,61.0
2324,581,65.0,0.0,0.0,3.7101685,0.0,0.0,0.0,0.0,30.0,0.0,-10.54,31.64,61.0
2325,582,64.9,0.0,0.0,3.7101685,0.0,0.0,0.0,0.0,30.0,0.0,-7.4375,35.02,64.56
2326,582,46.6,0.0,0.0,3.7101685,0.0,0.0,0.0,0.0,30.0,0.0,16.04,35.02,64.56
2327,582,30.0,0.0,0.0,3.7101685,0.0,0.0,0.0,0.0,30.0,0.0,15.557500000000001,35.02,64.56
2328,582,10.24,0.0,0.0,3.7101685,30.0,30.0,0.0,0.0,30.0,77.93333333333334,41.94,35.02,64.56
2329,583,0.09,0.0,0.0,3.7101685,0.0,0.0,0.0,0.0,30.0,0.0,-21.8275,38.4,68.12
2330,583,0.0,0.0,0.0,3.7101685,0.0,0.0,0.0,0.0,30.0,0.0,-23.5,38.4,68.12
2331,583,0.0,0.0,0.0,3.7101685,0.0,0.0,0.0,0.0,30.0,0.0,-23.832499999999996,38.4,68.12
2332,583,0.0,0.0,0.0,3.7101685,0.0,0.0,0.0,0.0,30.0,0.0,-65.5025,38.4,68.12
2333,584,0.0,0.0,0.0,3.7101685,0.0,0.0,0.0,0.0,30.0,0.0,-39.6475,38.4,68.12
2334,584,0.0,0.0,0.0,3.7101685,0.0,0.0,0.0,0.0,30.0,0.0,-53.2825,38.4,68.12
2335,584,0.0,0.0,0.0,3.7101685,0.0,0.0,0.0,0.0,30.0,0.0,-40.0,38.4,68.12
2336,584,0.0,0.0,0.0,3.7101685,0.0,0.0,0.0,0.0,30.0,0.0,-25.357499999999998,38.4,68.12
2337,585,-0.01,0.0,0.0,3.7101685,0.0,0.0,0.0,0.0,30.0,0.0,-81.405,38.4,68.12
2338,585,-10.01,0.0,0.0,3.7101685,0.0,0.0,0.0,0.0,30.0,0.0,-134.3475,38.4,68.12
2339,585,-21.0,0.0,0.0,3.7101685,0.0,0.0,0.0,0.0,30.0,0.0,-105.555,38.4,68.12
2340,585,-34.91,0.0,0.0,3.7101685,0.0,0.0,0.0,0.0,30.0,0.0,-921.8525,38.4,68.12
2341,586,-50.0,0.0,0.0,3.7101685,0.0,0.0,0.0,30.0,0.0,0.0,-1493.1,38.4,68.12
2342,586,-49.0,0.0,0.0,3.7101685,0.0,0.0,0.0,30.0,0.0,0.0,-1333.8999999999999,38.4,68.12
2343,586,-20.0,0.0,0.0,3.7101685,0.0,0.0,0.0,30.0,0.0,19.015,-547.2750000000001,38.4,68.12
2344,586,-0.16,0.0,0.0,3.7101685,0.0,0.0,0.0,30.0,0.0,24.963333333333335,-39.3725,38.4,68.12
2345,587,4.28,0.0,0.0,3.7101685,30.0,30.0,0.0,0.0,30.0,1208.3700000000001,-65.825,38.4,68.12
2346,587,51.32,0.0,0.0,3.7101685,0.0,0.0,0.0,0.0,30.0,69.5825,-25.155,38.4,68.12
2347,587,84.0,0.0,0.0,3.7101685,0.0,0.0,0.0,0.0,30.0,619.3425,30.93,38.4,68.12
2348,587,90.93,0.0,0.0,3.7101685,0.0,0.0,0.0,0.0,30.0,70.56333333333333,17.795,38.4,68.12
2349,588,80.1,15.769554,14.230446,3.7101685,0.0,1.5391085,1.5391085,0.0,28.460892,0.0,-31.1325,29.599999999999998,44.2
2350,588,75.31,15.769554,14.230446,3.7101685,0.0,1.5391085,1.5391085,0.0,28.460892,0.0,-12.454999999999998,29.599999999999998,44.2
2351,588,69.68,15.769554,14.230446,3.7101685,0.0,1.5391085,1.5391085,0.0,28.460892,0.0,59.8075,29.599999999999998,44.2
2352,588,70.1,15.769554,14.230446,3.7101685,0.0,1.5391085,1.5391085,0.0,28.460892,54.19,50.59,29.599999999999998,44.2
2353,589,64.53,15.769554,14.230446,3.7101685,0.0,1.5391085,1.5391085,28.460892,0.0,0.0,49.795,20.8,20.28
2354,589,63.91,15.769554,14.230446,3.7101685,0.0,1.5391085,1.5391085,28.460892,0.0,77.52250000000001,48.32,20.8,20.28
2355,589,66.06,15.769554,14.230446,3.7101685,0.0,1.5391085,1.5391085,28.460892,0.0,79.9675,0.0,20.8,20.28
2356,589,66.49,15.769554,14.230446,3.7101685,0.0,1.5391085,1.5391085,28.460892,0.0,72.23666666666666,0.0,20.8,20.28
2357,590,69.48,15.769554,14.230446,3.7101685,0.0,1.5391085,1.5391085,0.0,6.4619949,0.0,50.6,20.8,20.28
2358,590,93.19,26.769003,3.2309975,25.97118,6.4619949,30.0,23.5380051,0.0,6.4619949,0.0,57.495,20.8,20.28
2359,590,149.78,26.769003,3.2309975,48.232191,0.0,23.538005,23.538005,0.0,6.4619949,55.42333333333333,57.73,20.8,20.28
2360,590,128.52,26.769003,3.2309975,70.493202,0.0,23.538005,23.538005,0.0,6.4619949,43.644999999999996,0.0,20.8,20.28
2361,591,85.51,15.0,15.0,68.935755,30.0,30.0,0.0,0.0,30.0,34.153333333333336,45.255,20.8,20.28
2362,591,69.89,15.0,15.0,67.378308,0.0,0.0,0.0,0.0,30.0,0.0,-39.120000000000005,20.8,20.28
2363,591,67.1,15.0,15.0,65.820861,0.0,0.0,0.0,0.0,30.0,0.0,12.867500000000007,20.8,20.28
2364,591,64.7,15.0,15.0,64.263415,0.0,0.0,0.0,0.0,30.0,84.72,63.52,20.8,20.28
2365,592,60.0,11.424161,18.575839,55.469079,30.0,22.848323,-7.151676999999999,22.848323,0.0,118.705,47.87,20.8,20.28
2366,592,57.89,11.424161,18.575839,46.674744,7.1516771,0.0,-7.1516771,22.848323,0.0,64.17999999999999,0.0,20.8,20.28
2367,592,63.4,11.424161,18.575839,37.880409,7.1516771,0.0,-7.1516771,22.848323,0.0,46.083333333333336,-149.68,20.8,20.28
2368,592,70.0,11.424161,18.575839,29.086073,7.1516771,0.0,-7.1516771,22.848323,0.0,0.0,-276.0,20.8,20.28
2369,593,75.01,3.2309975,26.769003,3.7101685,23.538005,0.0,-23.538005,6.4619949,0.0,0.0,-59.58,20.8,20.28
2370,593,104.9,26.769003,3.2309975,25.97118,6.4619949,30.0,23.5380051,6.4619949,0.0,9.32,40.82333333333333,20.8,20.28
2371,593,137.3,26.769003,3.2309975,48.232191,0.0,23.538005,23.538005,6.4619949,0.0,4.475,25.53,20.8,20.28
2372,593,124.8,26.769003,3.2309975,70.493202,6.4619949,30.0,23.5380051,6.4619949,0.0,57.78333333333333,0.0,20.8,20.28
2373,594,84.85,15.21551,14.78449,69.371912,0.0,0.431021,0.431021,0.0,29.568979,68.83,52.18,31.720000000000002,36.64
2374,594,77.0,15.21551,14.78449,68.250621,0.0,0.431021,0.431021,0.0,29.568979,0.0,-32.82749999999999,31.720000000000002,36.64
2375,594,75.56,15.21551,14.78449,67.129331,0.0,0.431021,0.431021,0.0,29.568979,0.0,31.79,31.720000000000002,36.64
2376,594,83.31,15.21551,14.78449,66.008041,0.0,0.431021,0.431021,0.0,29.568979,41.73,-69.73333333333333,31.720000000000002,36.64
2377,595,69.39,15.0,15.0,64.450594,0.0,0.0,0.0,0.0,30.0,123.64333333333335,-68.96,42.64,53.0
2378,595,64.73,15.0,15.0,62.893147,0.0,0.0,0.0,0.0,30.0,0.0,-4.084999999999994,42.64,53.0
2379,595,59.02,15.0,15.0,61.3357,0.0,0.0,0.0,0.0,30.0,0.0,-3.3125,42.64,53.0
2380,595,60.84,15.0,15.0,59.778254,30.0,30.0,0.0,0.0,30.0,0.0,17.53,42.64,53.0
2381,596,65.48,15.0,15.0,58.220807,30.0,30.0,0.0,0.0,30.0,182.22,-66.15333333333334,42.64,53.0
2382,596,77.2,15.0,15.0,56.66336,0.0,0.0,0.0,0.0,30.0,7.6899999999999995,-44.556666666666665,42.64,53.0
2383,596,89.95,15.0,15.0,55.105913,0.0,0.0,0.0,0.0,30.0,8.565,-14.233333333333333,42.64,53.0
2384,596,79.78,15.0,15.0,53.548466,0.0,0.0,0.0,0.0,30.0,9.32,-8.53,42.64,53.0
2385,597,68.3,15.0,15.0,51.99102,0.0,0.0,0.0,0.0,30.0,83.33,-35.16666666666667,42.64,53.0
2386,597,50.5,15.0,15.0,50.433573,0.0,0.0,0.0,0.0,30.0,0.0,-2.9650000000000034,42.64,53.0
2387,597,42.87,15.0,15.0,48.876126,0.0,0.0,0.0,0.0,30.0,0.0,-73.7525,42.64,53.0
2388,597,32.78,15.0,15.0,47.318679,0.0,0.0,0.0,0.0,30.0,0.0,-31.8325,42.64,53.0
2389,598,7.1,15.0,15.0,45.761232,30.0,30.0,0.0,0.0,30.0,108.53999999999999,-6.9,42.64,53.0
2390,598,7.56,15.0,15.0,44.203786,30.0,30.0,0.0,0.0,30.0,53.0925,0.0,42.64,53.0
2391,598,0.0,15.0,15.0,42.646339,0.0,0.0,0.0,0.0,30.0,58.8875,-19.270000000000003,42.64,53.0
2392,598,13.2,15.0,15.0,41.088892,0.0,0.0,0.0,0.0,30.0,78.86500000000001,-30.0,42.64,53.0
2393,599,40.72,15.0,15.0,39.531445,0.0,0.0,0.0,30.0,0.0,81.66333333333333,-30.77,42.64,53.0
2394,599,61.6,15.0,15.0,37.973998,0.0,0.0,0.0,30.0,0.0,86.82,-378.39,42.64,53.0
2395,599,73.51,15.0,15.0,36.416551,0.0,0.0,0.0,30.0,0.0,78.585,-64.785,42.64,53.0
2396,599,79.92,15.0,15.0,34.859105,0.0,0.0,0.0,30.0,0.0,58.68666666666667,-40.0,42.64,53.0
2397,600,66.64,15.0,15.0,33.301658,0.0,0.0,0.0,0.0,30.0,0.0,10.1125,48.88,50.22
2398,600,59.52,15.0,15.0,31.744211,0.0,0.0,0.0,0.0,30.0,0.0,-22.225,48.88,50.22
2399,600,34.54,15.0,15.0,30.186764,30.0,30.0,0.0,0.0,30.0,0.3,-30.0,48.88,50.22
2400,600,12.9,15.0,15.0,28.629317,30.0,30.0,0.0,0.0,30.0,50.883333333333326,66.48,48.88,50.22
2401,601,5.1,15.0,15.0,27.071871,0.0,0.0,0.0,30.0,0.0,59.575,0.0,55.12,47.44
2402,601,5.0,15.0,15.0,25.514424,30.0,30.0,0.0,30.0,0.0,62.6075,0.0,55.12,47.44
2403,601,8.99,15.0,15.0,23.956977,30.0,30.0,0.0,30.0,0.0,27.810000000000002,67.98,55.12,47.44
2404,601,24.7,15.0,15.0,22.39953,30.0,30.0,0.0,30.0,0.0,53.71666666666667,0.0,55.12,47.44
2405,602,48.8,15.0,15.0,20.842083,30.0,30.0,0.0,30.0,0.0,58.97,24.160000000000004,55.12,47.44
2406,602,74.75,15.0,15.0,19.284637,0.0,0.0,0.0,30.0,0.0,61.42,0.0,55.12,47.44
2407,602,99.63,15.0,15.0,17.72719,0.0,0.0,0.0,30.0,0.0,73.39750000000001,0.0,55.12,47.44
2408,602,106.7,15.0,15.0,16.169743,0.0,0.0,0.0,30.0,0.0,78.5,-11.23,55.12,47.44
2409,603,80.46,15.0,15.0,14.612296,0.0,0.0,0.0,30.0,0.0,12.42,-14.403333333333336,55.12,47.44
2410,603,67.64,15.0,15.0,13.054849,0.0,0.0,0.0,30.0,0.0,22.487500000000004,-9.99,55.12,47.44
2411,603,52.99,15.0,15.0,11.497403,0.0,0.0,0.0,30.0,0.0,53.135,-37.82,55.12,47.44
2412,603,19.21,15.0,15.0,9.9399558,0.0,0.0,0.0,30.0,0.0,64.14,-518.46,55.12,47.44
2413,604,8.93,15.0,15.0,8.3825089,0.0,0.0,0.0,30.0,0.0,34.705,-369.33333333333337,55.12,47.44
2414,604,0.0,15.0,15.0,6.8250621,0.0,0.0,0.0,30.0,0.0,0.0,-70.61,55.12,47.44
2415,604,-0.1,15.0,15.0,5.2676153,30.0,30.0,0.0,30.0,0.0,52.19500000000001,-446.4875,55.12,47.44
2416,604,22.0,15.0,15.0,3.7101685,0.0,0.0,0.0,30.0,0.0,8.16,-64.355,55.12,47.44
2417,605,64.9,19.617325,10.382675,11.497403,0.0,9.234651,9.234651,20.765349,0.0,0.0,-39.6225,55.12,47.44
2418,605,82.65,19.617325,10.382675,19.284637,0.0,9.234651,9.234651,20.765349,0.0,0.0,19.095,55.12,47.44
2419,605,145.46,19.617325,10.382675,27.071871,0.0,9.234651,9.234651,20.765349,0.0,9.9725,20.69,55.12,47.44
2420,605,141.1,19.617325,10.382675,34.859105,0.0,9.234651,9.234651,20.765349,0.0,76.1775,15.98,55.12,47.44
2421,606,88.28,15.0,15.0,33.301658,0.0,0.0,0.0,0.0,30.0,0.0,10.12,47.06,50.08
2422,606,72.35,15.0,15.0,31.744211,0.0,0.0,0.0,0.0,30.0,0.0,-115.72999999999999,47.06,50.08
2423,606,65.1,15.0,15.0,30.186764,0.0,0.0,0.0,0.0,30.0,0.0,-0.2575000000000003,47.06,50.08
2424,606,48.59,15.0,15.0,28.629317,0.0,0.0,0.0,0.0,30.0,70.44,-32.5,47.06,50.08
2425,607,26.67,15.0,15.0,27.071871,30.0,30.0,0.0,0.0,30.0,0.0,-23.725,39.0,52.72
2426,607,23.68,15.0,15.0,25.514424,30.0,30.0,0.0,0.0,30.0,0.3,-31.799999999999997,39.0,52.72
2427,607,9.99,15.0,15.0,23.956977,30.0,30.0,0.0,0.0,30.0,58.15,-130.9925,39.0,52.72
2428,607,7.98,15.0,15.0,22.39953,30.0,30.0,0.0,0.0,30.0,74.28,-300.11,39.0,52.72
2429,608,28.38,15.0,15.0,20.842083,0.0,0.0,0.0,0.0,30.0,75.34,-40.0,39.0,52.72
2430,608,66.11,15.0,15.0,19.284637,0.0,0.0,0.0,0.0,30.0,63.7025,0.0,39.0,52.72
2431,608,68.23,15.0,15.0,17.72719,0.0,0.0,0.0,0.0,30.0,49.235,-95.67,39.0,52.72
2432,608,52.2,15.0,15.0,16.169743,30.0,30.0,0.0,0.0,30.0,65.5725,-13.273333333333333,39.0,52.72
2433,609,71.0,15.0,15.0,14.612296,0.0,0.0,0.0,0.0,30.0,79.3,-7.096666666666664,39.0,52.72
2434,609,71.5,15.0,15.0,13.054849,0.0,0.0,0.0,0.0,30.0,36.349999999999994,-28.7,39.0,52.72
2435,609,70.0,15.0,15.0,11.497403,0.0,0.0,0.0,0.0,30.0,72.48333333333333,-2.1325000000000003,39.0,52.72
2436,609,74.9,15.0,15.0,9.9399558,0.0,0.0,0.0,0.0,30.0,79.7,0.0,39.0,52.72
2437,610,74.0,15.0,15.0,8.3825089,30.0,30.0,0.0,0.0,30.0,83.39,16.89,39.0,52.72
2438,610,85.05,15.0,15.0,6.8250621,0.0,0.0,0.0,0.0,30.0,91.9,-1.0,39.0,52.72
2439,610,77.6,15.0,15.0,5.2676153,0.0,0.0,0.0,0.0,30.0,77.535,47.52,39.0,52.72
2440,610,69.0,15.0,15.0,3.7101685,0.0,0.0,0.0,0.0,30.0,71.86500000000001,1.4100000000000037,39.0,52.72
2441,611,86.05,24.01914,5.9808595,20.405927,0.0,18.038281,18.038281,0.0,11.961719,65.71000000000001,42.345,39.0,52.72
2442,611,100.7,24.01914,5.9808595,37.101685,0.0,18.038281,18.038281,0.0,11.961719,73.035,62.8,39.0,52.72
2443,611,134.36,24.01914,5.9808595,53.797444,0.0,18.038281,18.038281,0.0,11.961719,78.49,58.19,39.0,52.72
2444,611,119.8,24.01914,5.9808595,70.493202,0.0,18.038281,18.038281,0.0,11.961719,53.157500000000006,33.69,39.0,52.72
2445,612,91.05,15.0,15.0,68.935755,0.0,0.0,0.0,0.0,30.0,0.0,45.295,41.14,55.89999999999999
2446,612,79.21,15.0,15.0,67.378308,0.0,0.0,0.0,0.0,30.0,39.14,26.37,41.14,55.89999999999999
2447,612,75.75,15.0,15.0,65.820861,0.0,0.0,0.0,0.0,30.0,75.87,35.4925,41.14,55.89999999999999
2448,612,74.5,15.0,15.0,64.263415,0.0,0.0,0.0,0.0,30.0,0.0,18.710000000000004,41.14,55.89999999999999
2449,613,70.35,15.0,15.0,62.705968,0.0,0.0,0.0,0.0,30.0,0.0,50.39,43.28,59.08
2450,613,65.5,15.0,15.0,61.148521,0.0,0.0,0.0,0.0,30.0,73.745,35.615,43.28,59.08
2451,613,59.02,15.0,15.0,59.591074,0.0,0.0,0.0,0.0,30.0,79.61666666666667,-8.402499999999996,43.28,59.08
2452,613,59.49,15.0,15.0,58.033627,0.0,0.0,0.0,0.0,30.0,72.84,-17.6425,43.28,59.08
2453,614,64.01,15.0,15.0,56.476181,0.0,0.0,0.0,0.0,30.0,78.25666666666667,41.14,43.28,59.08
2454,614,75.96,15.0,15.0,54.918734,0.0,0.0,0.0,0.0,30.0,86.8775,34.58,43.28,59.08
2455,614,91.01,15.0,15.0,53.361287,0.0,0.0,0.0,0.0,30.0,70.12,0.0,43.28,59.08
2456,614,86.0,15.0,15.0,51.80384,0.0,0.0,0.0,0.0,30.0,90.53333333333333,18.65,43.28,59.08
2457,615,76.4,15.0,15.0,50.246393,0.0,0.0,0.0,0.0,30.0,246.39,-2.1300000000000026,43.28,59.08
2458,615,42.16,15.0,15.0,48.688947,0.0,0.0,0.0,0.0,30.0,6.605,-45.150000000000006,43.28,59.08
2459,615,18.84,15.0,15.0,47.1315,0.0,0.0,0.0,0.0,30.0,0.0,-60.739999999999995,43.28,59.08
2460,615,0.0,15.0,15.0,45.574053,0.0,0.0,0.0,0.0,30.0,65.51,-48.5375,43.28,59.08
2461,616,-0.1,15.0,15.0,44.016606,0.0,0.0,0.0,0.0,30.0,0.0,-44.0,43.28,59.08
2462,616,-10.02,15.0,15.0,42.459159,0.0,0.0,0.0,0.0,30.0,0.0,-34.215,43.28,59.08
2463,616,-5.03,15.0,15.0,40.901712,30.0,30.0,0.0,0.0,30.0,51.400000000000006,-56.0,43.28,59.08
2464,616,0.0,15.0,15.0,39.344266,0.0,0.0,0.0,0.0,30.0,78.50999999999999,-22.995,43.28,59.08
2465,617,50.35,19.617325,10.382675,47.1315,0.0,9.234651,9.234651,0.0,20.765349,35.1,0.0,43.28,59.08
2466,617,73.12,19.617325,10.382675,54.918734,0.0,9.234651,9.234651,0.0,20.765349,65.1825,-23.45,43.28,59.08
2467,617,104.95,19.617325,10.382675,62.705968,0.0,9.234651,9.234651,0.0,20.765349,0.0,33.955,43.28,59.08
2468,617,112.9,19.617325,10.382675,70.493202,0.0,9.234651,9.234651,0.0,20.765349,0.0,14.275000000000002,43.28,59.08
2469,618,80.34,15.769554,14.230446,70.493202,0.0,1.5391085,1.5391085,0.0,28.460892,57.23666666666667,-10.49,37.58,54.72
2470,618,72.73,15.769554,14.230446,70.493202,0.0,1.5391085,1.5391085,0.0,28.460892,80.12,-12.43,37.58,54.72
2471,618,62.6,15.769554,14.230446,70.493202,0.0,1.5391085,1.5391085,0.0,28.460892,0.0,22.152500000000003,37.58,54.72
2472,618,54.56,15.769554,14.230446,70.493202,0.0,1.5391085,1.5391085,0.0,28.460892,0.0,63.0875,37.58,54.72
2473,619,44.15,15.0,15.0,68.935755,0.0,0.0,0.0,0.0,30.0,0.0,31.072499999999998,31.88,50.36
2474,619,23.27,15.0,15.0,67.378308,0.0,0.0,0.0,0.0,30.0,0.0,35.4075,31.88,50.36
2475,619,18.11,15.0,15.0,65.820861,0.0,0.0,0.0,0.0,30.0,0.0,44.11,31.88,50.36
2476,619,18.04,15.0,15.0,64.263415,0.0,0.0,0.0,0.0,30.0,0.0,67.03666666666666,31.88,50.36
2477,620,24.08,15.0,15.0,62.705968,30.0,30.0,0.0,0.0,30.0,0.0,61.4725,31.88,50.36
2478,620,28.75,15.0,15.0,61.148521,0.0,0.0,0.0,0.0,30.0,0.0,10.262500000000003,31.88,50.36
2479,620,33.73,15.0,15.0,59.591074,0.0,0.0,0.0,0.0,30.0,0.0,56.15,31.88,50.36
2480,620,22.6,15.0,15.0,58.033627,0.0,0.0,0.0,0.0,30.0,0.0,29.556666666666665,31.88,50.36
2481,621,8.8,15.0,15.0,56.476181,0.0,0.0,0.0,0.0,30.0,0.0,21.5475,31.88,50.36
2482,621,-0.02,15.0,15.0,54.918734,30.0,30.0,0.0,0.0,30.0,6.706666666666667,48.76,31.88,50.36
2483,621,-10.16,15.0,15.0,53.361287,0.0,0.0,0.0,0.0,30.0,0.0,-9.82,31.88,50.36
2484,621,-31.66,15.0,15.0,51.80384,0.0,0.0,0.0,0.0,30.0,0.0,-0.5149999999999997,31.88,50.36
2485,622,-50.0,15.0,15.0,50.246393,0.0,0.0,0.0,0.0,30.0,0.0,-24.8725,31.88,50.36
2486,622,-55.01,15.0,15.0,48.688947,0.0,0.0,0.0,0.0,30.0,0.0,-45.03,31.88,50.36
2487,622,-49.91,15.0,15.0,47.1315,0.0,0.0,0.0,0.0,30.0,0.0,-38.06,31.88,50.36
2488,622,-19.14,15.0,15.0,45.574053,0.0,0.0,0.0,0.0,30.0,0.0,-43.5,31.88,50.36
2489,623,-0.15,15.0,15.0,44.016606,30.0,30.0,0.0,0.0,30.0,0.0,-28.637500000000017,31.88,50.36
2490,623,33.37,15.0,15.0,42.459159,0.0,0.0,0.0,0.0,30.0,0.0,-21.25999999999999,31.88,50.36
2491,623,50.1,15.0,15.0,40.901712,0.0,0.0,0.0,0.0,30.0,34.03,34.980000000000004,31.88,50.36
2492,623,58.83,15.0,15.0,39.344266,0.0,0.0,0.0,0.0,30.0,0.0,41.556666666666665,31.88,50.36
2493,624,37.54,15.0,15.0,37.786819,0.0,0.0,0.0,0.0,30.0,0.0,21.3775,34.32,51.74
2494,624,20.34,15.0,15.0,36.229372,0.0,0.0,0.0,0.0,30.0,0.0,-5.785,34.32,51.74
2495,624,7.5,15.0,15.0,34.671925,0.0,0.0,0.0,0.0,30.0,0.0,29.830000000000005,34.32,51.74
2496,624,0.44,15.0,15.0,33.114478,0.0,0.0,0.0,0.0,30.0,64.845,0.0,34.32,51.74
2497,625,1.1,15.0,15.0,31.557032,0.0,0.0,0.0,0.0,30.0,0.0,15.075000000000003,36.76,53.12
2498,625,0.94,15.0,15.0,29.999585,0.0,0.0,0.0,0.0,30.0,0.0,36.235,36.76,53.12
2499,625,1.26,15.0,15.0,28.442138,30.0,30.0,0.0,0.0,30.0,57.67,67.75,36.76,53.12
2500,625,2.6,15.0,15.0,26.884691,0.0,0.0,0.0,0.0,30.0,1.6866666666666665,34.75,36.76,53.12
2501,626,6.0,15.0,15.0,25.327244,0.0,0.0,0.0,0.0,30.0,0.0,-20.0775,36.76,53.12
2502,626,12.86,15.0,15.0,23.769798,0.0,0.0,0.0,0.0,30.0,0.0,41.0,36.76,53.12
2503,626,13.0,15.0,15.0,22.212351,0.0,0.0,0.0,0.0,30.0,0.0,20.134999999999998,36.76,53.12
2504,626,8.21,15.0,15.0,20.654904,0.0,0.0,0.0,0.0,30.0,0.0,-24.450000000000003,36.76,53.12
2505,627,0.0,15.0,15.0,19.097457,0.0,0.0,0.0,0.0,30.0,0.0,-335.2675,36.76,53.12
2506,627,-2.68,15.0,15.0,17.54001,0.0,0.0,0.0,0.0,30.0,0.0,-38.81,36.76,53.12
2507,627,-12.97,15.0,15.0,15.982564,0.0,0.0,0.0,0.0,30.0,0.0,26.57,36.76,53.12
2508,627,-42.23,15.0,15.0,14.425117,30.0,30.0,0.0,0.0,30.0,0.0,-54.5,36.76,53.12
2509,628,-60.05,14.445956,15.554044,11.74638,1.1080875,0.0,-1.1080875,0.0,28.891913,0.0,-325.32,36.76,53.12
2510,628,-60.01,14.445956,15.554044,9.0676426,1.1080875,0.0,-1.1080875,0.0,28.891913,0.0,-11.215,36.76,53.12
2511,628,-40.05,14.445956,15.554044,6.3889056,1.1080875,0.0,-1.1080875,0.0,28.891913,0.0,42.862500000000004,36.76,53.12
2512,628,-6.25,14.445956,15.554044,3.7101685,1.1080875,0.0,-1.1080875,0.0,28.891913,26.22,-364.66666666666663,36.76,53.12
2513,629,1.57,15.769554,14.230446,3.7101685,0.0,1.5391085,1.5391085,0.0,28.460892,73.91,-271.9825000000001,36.76,53.12
2514,629,79.7,15.769554,14.230446,3.7101685,0.0,1.5391085,1.5391085,0.0,28.460892,0.0,21.366666666666667,36.76,53.12
2515,629,102.3,15.769554,14.230446,3.7101685,0.0,1.5391085,1.5391085,0.0,28.460892,0.0,72.66666666666667,36.76,53.12
2516,629,133.65,15.769554,14.230446,3.7101685,0.0,1.5391085,1.5391085,0.0,28.460892,99.48,0.0,36.76,53.12
2517,630,124.48,16.539108,13.460892,5.2676153,0.0,3.078217,3.078217,0.0,26.921783,39.9475,0.0,44.08,54.12
2518,630,97.16,16.539108,13.460892,6.8250621,0.0,3.078217,3.078217,0.0,26.921783,36.226666666666674,52.83,44.08,54.12
2519,630,79.69,16.539108,13.460892,8.3825089,0.0,3.078217,3.078217,0.0,26.921783,478.74250000000006,52.83,44.08,54.12
2520,630,81.96,16.539108,13.460892,9.9399558,0.0,3.078217,3.078217,0.0,26.921783,73.6075,52.83,44.08,54.12
2521,631,74.9,15.0,15.0,8.3825089,0.0,0.0,0.0,0.0,30.0,95.38666666666667,-8.3975,51.4,55.12
2522,631,70.55,15.0,15.0,6.8250621,0.0,0.0,0.0,0.0,30.0,33.63333333333333,48.67,51.4,55.12
2523,631,70.54,15.0,15.0,5.2676153,0.0,0.0,0.0,0.0,30.0,88.775,-62.16,51.4,55.12
2524,631,68.3,15.0,15.0,3.7101685,0.0,0.0,0.0,0.0,30.0,0.0,-0.24249999999999972,51.4,55.12
2525,632,78.88,23.465097,6.5349033,19.284637,0.0,16.930193,16.930193,13.069807,0.0,47.0,0.0,51.4,55.12
2526,632,98.75,23.465097,6.5349033,34.859105,0.0,16.930193,16.930193,13.069807,0.0,9.2775,0.0,51.4,55.12
2527,632,148.0,23.465097,6.5349033,50.433573,0.0,16.930193,16.930193,13.069807,0.0,8.5325,-36.16,51.4,55.12
2528,632,108.27,23.465097,6.5349033,66.008041,0.0,16.930193,16.930193,13.069807,0.0,278.27,-44.666666666666664,51.4,55.12
2529,633,62.6,15.0,15.0,64.450594,30.0,30.0,0.0,0.0,30.0,56.33,-30.0,51.4,55.12
2530,633,48.0,15.0,15.0,62.893147,0.0,0.0,0.0,0.0,30.0,0.0,-33.46,51.4,55.12
2531,633,48.77,15.0,15.0,61.3357,0.0,0.0,0.0,0.0,30.0,0.0,-51.417500000000004,51.4,55.12
2532,633,42.17,15.0,15.0,59.778254,0.0,0.0,0.0,0.0,30.0,0.0,-6.344999999999999,51.4,55.12
2533,634,31.74,15.0,15.0,58.220807,0.0,0.0,0.0,0.0,30.0,0.9033333333333333,18.45,51.4,55.12
2534,634,13.15,15.0,15.0,56.66336,0.0,0.0,0.0,0.0,30.0,8.9875,0.0,51.4,55.12
2535,634,9.15,15.0,15.0,55.105913,30.0,30.0,0.0,0.0,30.0,34.53750000000001,-10.0,51.4,55.12
2536,634,6.99,15.0,15.0,53.548466,0.0,0.0,0.0,0.0,30.0,0.0,-56.894999999999996,51.4,55.12
2537,635,43.46,15.0,15.0,51.99102,30.0,30.0,0.0,30.0,0.0,88.92,-14.549999999999999,51.4,55.12
2538,635,66.5,15.0,15.0,50.433573,0.0,0.0,0.0,30.0,0.0,61.6225,-76.57,51.4,55.12
2539,635,76.12,15.0,15.0,48.876126,0.0,0.0,0.0,30.0,0.0,50.6225,0.0,51.4,55.12
2540,635,74.89,15.0,15.0,47.318679,0.0,0.0,0.0,30.0,0.0,66.39,-6.9,51.4,55.12
2541,636,65.54,15.0,15.0,45.761232,0.0,0.0,0.0,0.0,30.0,36.66,-6.54,50.66,52.44
2542,636,52.85,15.0,15.0,44.203786,0.0,0.0,0.0,0.0,30.0,0.0,29.61333333333333,50.66,52.44
2543,636,34.01,15.0,15.0,42.646339,30.0,30.0,0.0,0.0,30.0,103.19749999999999,-15.325000000000001,50.66,52.44
2544,636,1.43,15.0,15.0,41.088892,30.0,30.0,0.0,0.0,30.0,51.1175,-6.9,50.66,52.44
2545,637,0.02,15.0,15.0,39.531445,30.0,30.0,0.0,30.0,0.0,43.86,-10.0,49.92,49.76
2546,637,-0.1,15.0,15.0,37.973998,30.0,30.0,0.0,30.0,0.0,81.05,-35.9475,49.92,49.76
2547,637,0.0,15.0,15.0,36.416551,0.0,0.0,0.0,30.0,0.0,0.0,-28.845,49.92,49.76
2548,637,13.78,15.0,15.0,34.859105,0.0,0.0,0.0,30.0,0.0,81.41499999999999,-9.06,49.92,49.76
2549,638,29.2,15.0,15.0,33.301658,0.0,0.0,0.0,30.0,0.0,59.915,29.0075,49.92,49.76
2550,638,51.59,15.0,15.0,31.744211,0.0,0.0,0.0,30.0,0.0,56.57,26.877499999999998,49.92,49.76
2551,638,69.69,15.0,15.0,30.186764,0.0,0.0,0.0,30.0,0.0,60.935,44.53,49.92,49.76
2552,638,74.26,15.0,15.0,28.629317,0.0,0.0,0.0,30.0,0.0,53.63,-7.31,49.92,49.76
2553,639,64.81,15.0,15.0,27.071871,0.0,0.0,0.0,30.0,0.0,0.0,-2.2475000000000023,49.92,49.76
2554,639,50.77,15.0,15.0,25.514424,0.0,0.0,0.0,30.0,0.0,0.0,-5.914999999999999,49.92,49.76
2555,639,41.46,15.0,15.0,23.956977,0.0,0.0,0.0,30.0,0.0,66.23,-22.32,49.92,49.76
2556,639,38.74,15.0,15.0,22.39953,30.0,30.0,0.0,30.0,0.0,74.07666666666667,-4.426666666666669,49.92,49.76
2557,640,33.57,15.0,15.0,20.842083,30.0,30.0,0.0,30.0,0.0,84.5325,0.0,49.92,49.76
2558,640,33.42,15.0,15.0,19.284637,0.0,0.0,0.0,30.0,0.0,54.337500000000006,0.0,49.92,49.76
2559,640,39.95,15.0,15.0,17.72719,0.0,0.0,0.0,30.0,0.0,200.06,0.0,49.92,49.76
2560,640,51.67,15.0,15.0,16.169743,0.0,0.0,0.0,30.0,0.0,78.46333333333334,35.925000000000004,49.92,49.76
2561,641,74.53,15.0,15.0,14.612296,0.0,0.0,0.0,0.0,30.0,0.0,43.935,49.92,49.76
2562,641,87.3,15.0,15.0,13.054849,0.0,0.0,0.0,0.0,30.0,0.0,-35.94,49.92,49.76
2563,641,98.0,15.0,15.0,11.497403,0.0,0.0,0.0,0.0,30.0,0.0,12.217500000000001,49.92,49.76
2564,641,115.42,15.0,15.0,9.9399558,0.0,0.0,0.0,0.0,30.0,49.72,61.97666666666667,49.92,49.76
2565,642,101.71,15.0,15.0,8.3825089,0.0,0.0,0.0,30.0,0.0,112.795,0.0,34.800000000000004,30.9
2566,642,90.1,15.0,15.0,6.8250621,0.0,0.0,0.0,30.0,0.0,100.31,-11.533333333333333,34.800000000000004,30.9
2567,642,84.1,15.0,15.0,5.2676153,0.0,0.0,0.0,30.0,0.0,103.97,-10.0,34.800000000000004,30.9
2568,642,84.75,15.0,15.0,3.7101685,0.0,0.0,0.0,30.0,0.0,54.44000000000001,65.025,34.800000000000004,30.9
2569,643,83.84,15.769554,14.230446,3.7101685,0.0,1.5391085,1.5391085,28.460892,0.0,0.0,68.525,19.68,12.04
2570,643,81.35,15.769554,14.230446,3.7101685,0.0,1.5391085,1.5391085,28.460892,0.0,0.0,34.51333333333333,19.68,12.04
2571,643,82.4,15.769554,14.230446,3.7101685,0.0,1.5391085,1.5391085,28.460892,0.0,0.0,61.715,19.68,12.04
2572,643,81.31,15.769554,14.230446,3.7101685,0.0,1.5391085,1.5391085,28.460892,0.0,0.0,70.695,19.68,12.04
2573,644,82.34,15.769554,14.230446,3.7101685,0.0,1.5391085,1.5391085,0.0,0.0,79.15,32.303333333333335,19.68,12.04
2574,644,108.5,20.307008,9.6929924,12.893202,0.0,10.614015,10.614015,0.0,0.0,0.0,36.775,19.68,12.04
2575,644,154.67,30.0,0.0,41.693202,0.0,30.0,30.0,0.0,0.0,86.96,74.84,19.68,12.04
2576,644,152.0,30.0,0.0,70.493202,0.0,30.0,30.0,0.0,0.0,90.80333333333333,72.37,19.68,12.04
2577,645,104.62,15.0,15.0,68.935755,0.0,0.0,0.0,30.0,0.0,0.0,69.055,19.68,12.04
2578,645,83.9,15.0,15.0,67.378308,0.0,0.0,0.0,30.0,0.0,0.0,-15.864999999999998,19.68,12.04
2579,645,79.9,15.0,15.0,65.820861,0.0,0.0,0.0,30.0,0.0,10.66,1.1750000000000007,19.68,12.04
2580,645,75.17,15.0,15.0,64.263415,0.0,0.0,0.0,30.0,0.0,10.66,-11.167499999999997,19.68,12.04
2581,646,76.06,12.231911,17.768089,57.103826,5.5361783,0.0,-5.5361783,24.463822,0.0,0.0,-2.6399999999999935,19.68,12.04
2582,646,69.64,12.231911,17.768089,49.944238,5.5361783,0.0,-5.5361783,24.463822,0.0,6.0,59.98,19.68,12.04
2583,646,73.85,12.231911,17.768089,42.78465,5.5361783,0.0,-5.5361783,24.463822,0.0,101.3575,-10.0,19.68,12.04
2584,646,80.0,12.231911,17.768089,35.625062,5.5361783,0.0,-5.5361783,24.463822,0.0,0.0,39.725000000000016,19.68,12.04
2585,647,80.0,0.0,30.0,3.7101685,30.0,0.0,-30.0,0.0,0.0,72.06,0.0,19.68,12.04
2586,647,103.21,15.769554,14.230446,3.7101685,0.0,1.5391085,1.5391085,0.0,0.0,105.2775,0.0,19.68,12.04
2587,647,145.0,30.0,0.0,32.510169,0.0,30.0,30.0,0.0,0.0,102.31,63.593333333333334,19.68,12.04
2588,647,169.9,30.0,0.0,61.310169,0.0,30.0,30.0,0.0,0.0,158.8175,0.0,19.68,12.04
2589,648,130.06,15.0,15.0,59.752722,0.0,0.0,0.0,30.0,0.0,11.97,77.12,19.04,10.7
2590,648,99.04,15.0,15.0,58.195275,0.0,0.0,0.0,30.0,0.0,67.87666666666667,78.86,19.04,10.7
2591,648,87.81,15.0,15.0,56.637828,0.0,0.0,0.0,30.0,0.0,72.58000000000001,72.33,19.04,10.7
2592,648,91.83,15.0,15.0,55.080381,30.0,30.0,0.0,30.0,0.0,60.66,61.1,19.04,10.7
2593,649,87.42,13.366274,16.633726,50.216551,3.2674516,0.0,-3.2674516,26.732548,0.0,92.5025,73.63,18.4,9.36
2594,649,88.53,13.366274,16.633726,45.352722,3.2674516,0.0,-3.2674516,26.732548,0.0,87.6,72.43,18.4,9.36
2595,649,87.76,13.366274,16.633726,40.488892,3.2674516,0.0,-3.2674516,26.732548,0.0,29.505000000000003,0.0,18.4,9.36
2596,649,89.61,13.366274,16.633726,35.625062,3.2674516,0.0,-3.2674516,26.732548,0.0,40.3275,0.0,18.4,9.36
2597,650,91.7,0.0,30.0,3.7101685,30.0,0.0,-30.0,0.0,0.0,41.3,72.1,18.4,9.36
2598,650,115.2,20.307008,9.6929924,12.893202,0.0,10.614015,10.614015,0.0,0.0,72.9325,75.77,18.4,9.36
2599,650,155.45,30.0,0.0,41.693202,0.0,30.0,30.0,0.0,0.0,21.216666666666665,79.1,18.4,9.36
2600,650,131.19,30.0,0.0,70.493202,0.0,30.0,30.0,0.0,0.0,0.0,-6.522500000000008,18.4,9.36
2601,651,101.12,15.0,15.0,68.935755,0.0,0.0,0.0,30.0,0.0,0.0,31.187499999999996,18.4,9.36
2602,651,89.89,15.0,15.0,67.378308,0.0,0.0,0.0,30.0,0.0,53.94666666666667,68.345,18.4,9.36
2603,651,75.71,15.0,15.0,65.820861,0.0,0.0,0.0,30.0,0.0,0.0,71.3275,18.4,9.36
2604,651,67.6,15.0,15.0,64.263415,0.0,0.0,0.0,30.0,0.0,0.0,45.415,18.4,9.36
2605,652,68.1,11.424161,18.575839,55.469079,7.1516771,0.0,-7.1516771,22.848323,0.0,103.92,59.36666666666667,18.4,9.36
2606,652,63.45,11.424161,18.575839,46.674744,7.1516771,0.0,-7.1516771,22.848323,0.0,0.0,31.6475,18.4,9.36
2607,652,63.52,11.424161,18.575839,37.880409,7.1516771,0.0,-7.1516771,22.848323,0.0,0.0,15.347499999999997,18.4,9.36
2608,652,65.24,11.424161,18.575839,29.086073,7.1516771,0.0,-7.1516771,22.848323,0.0,94.3525,70.14,18.4,9.36
2609,653,80.86,3.2309975,26.769003,3.7101685,23.538005,0.0,-23.538005,6.4619949,0.0,69.275,0.0,18.4,9.36
2610,653,94.03,26.769003,3.2309975,25.97118,0.0,23.538005,23.538005,6.4619949,0.0,8.48,66.12333333333333,18.4,9.36
2611,653,125.24,26.769003,3.2309975,48.232191,0.0,23.538005,23.538005,6.4619949,0.0,8.98,73.175,18.4,9.36
2612,653,128.91,26.769003,3.2309975,70.493202,0.0,23.538005,23.538005,6.4619949,0.0,8.646666666666667,68.92,18.4,9.36
2613,654,105.92,15.769554,14.230446,70.493202,0.0,1.5391085,1.5391085,28.460892,0.0,0.0,71.16,29.16,27.419999999999995
2614,654,89.89,15.769554,14.230446,70.493202,0.0,1.5391085,1.5391085,28.460892,0.0,73.8475,67.73,29.16,27.419999999999995
2615,654,79.36,15.769554,14.230446,70.493202,0.0,1.5391085,1.5391085,28.460892,0.0,117.02666666666667,54.92,29.16,27.419999999999995
2616,654,69.26,15.769554,14.230446,70.493202,0.0,1.5391085,1.5391085,28.460892,0.0,57.665000000000006,-22.79,29.16,27.419999999999995
2617,655,56.01,15.0,15.0,68.935755,0.0,0.0,0.0,0.0,30.0,95.47,46.9,39.92,45.48
2618,655,47.0,15.0,15.0,67.378308,0.0,0.0,0.0,0.0,30.0,48.46,27.0,39.92,45.48
2619,655,44.89,15.0,15.0,65.820861,0.0,0.0,0.0,0.0,30.0,81.68333333333334,0.0,39.92,45.48
2620,655,43.93,15.0,15.0,64.263415,0.0,0.0,0.0,0.0,30.0,0.0,28.26,39.92,45.48
2621,656,46.53,15.0,15.0,62.705968,0.0,0.0,0.0,0.0,30.0,89.01666666666667,-6.9,39.92,45.48
2622,656,58.1,15.0,15.0,61.148521,0.0,0.0,0.0,0.0,30.0,55.089999999999996,38.1,39.92,45.48
2623,656,69.74,15.0,15.0,59.591074,0.0,0.0,0.0,0.0,30.0,86.445,0.0,39.92,45.48
2624,656,76.0,15.0,15.0,58.033627,0.0,0.0,0.0,0.0,30.0,31.342499999999994,-6.9,39.92,45.48
2625,657,68.3,15.0,15.0,56.476181,0.0,0.0,0.0,0.0,30.0,26.980000000000004,-8.45,39.92,45.48
2626,657,60.2,15.0,15.0,54.918734,0.0,0.0,0.0,0.0,30.0,213.48249999999996,-17.266666666666666,39.92,45.48
2627,657,46.6,15.0,15.0,53.361287,0.0,0.0,0.0,0.0,30.0,34.33,-23.09666666666667,39.92,45.48
2628,657,36.6,15.0,15.0,51.80384,0.0,0.0,0.0,0.0,30.0,71.48249999999999,-6.9,39.92,45.48
2629,658,10.0,15.0,15.0,50.246393,0.0,0.0,0.0,30.0,0.0,80.71,-88.51333333333332,39.92,45.48
2630,658,-0.1,15.0,15.0,48.688947,30.0,30.0,0.0,30.0,0.0,0.0,-110.82249999999999,39.92,45.48
2631,658,-0.1,15.0,15.0,47.1315,30.0,30.0,0.0,30.0,0.0,84.71,-20.09,39.92,45.48
2632,658,3.0,15.0,15.0,45.574053,30.0,30.0,0.0,30.0,0.0,83.21,-10.59,39.92,45.48
2633,659,50.29,15.0,15.0,44.016606,0.0,0.0,0.0,0.0,30.0,386.55666666666673,24.655,39.92,45.48
2634,659,59.7,15.0,15.0,42.459159,0.0,0.0,0.0,0.0,30.0,71.9225,8.105000000000004,39.92,45.48
2635,659,62.23,15.0,15.0,40.901712,0.0,0.0,0.0,0.0,30.0,86.11,10.534999999999997,39.92,45.48
2636,659,63.74,15.0,15.0,39.344266,0.0,0.0,0.0,0.0,30.0,91.4075,0.0,39.92,45.48
2637,660,63.33,15.0,15.0,37.786819,0.0,0.0,0.0,0.0,30.0,85.66499999999999,20.056666666666665,36.720000000000006,43.2
2638,660,62.87,15.0,15.0,36.229372,0.0,0.0,0.0,0.0,30.0,91.59,56.21,36.720000000000006,43.2
2639,660,61.57,15.0,15.0,34.671925,0.0,0.0,0.0,0.0,30.0,85.475,0.0,36.720000000000006,43.2
2640,660,59.09,15.0,15.0,33.114478,30.0,30.0,0.0,0.0,30.0,0.0,26.21,36.720000000000006,43.2
2641,661,56.49,15.0,15.0,31.557032,0.0,0.0,0.0,0.0,30.0,87.96,47.62,33.52,40.92
2642,661,55.77,15.0,15.0,29.999585,0.0,0.0,0.0,0.0,30.0,81.23333333333333,52.365,33.52,40.92
2643,661,56.64,15.0,15.0,28.442138,0.0,0.0,0.0,0.0,30.0,0.0,39.8875,33.52,40.92
2644,661,59.65,15.0,15.0,26.884691,0.0,0.0,0.0,0.0,30.0,0.0,22.805000000000003,33.52,40.92
2645,662,61.51,15.0,15.0,25.327244,0.0,0.0,0.0,0.0,30.0,0.0,60.126666666666665,33.52,40.92
2646,662,61.69,15.0,15.0,23.769798,0.0,0.0,0.0,0.0,30.0,71.815,56.5,33.52,40.92
2647,662,66.1,15.0,15.0,22.212351,0.0,0.0,0.0,0.0,30.0,41.093333333333334,56.26,33.52,40.92
2648,662,64.7,15.0,15.0,20.654904,30.0,30.0,0.0,0.0,30.0,0.0,57.96,33.52,40.92
2649,663,59.06,15.0,15.0,19.097457,0.0,0.0,0.0,0.0,30.0,0.0,48.8925,33.52,40.92
2650,663,46.54,15.0,15.0,17.54001,30.0,30.0,0.0,0.0,30.0,0.0,-3.7850000000000037,33.52,40.92
2651,663,34.38,15.0,15.0,15.982564,0.0,0.0,0.0,0.0,30.0,0.0,31.2575,33.52,40.92
2652,663,11.7,15.0,15.0,14.425117,0.0,0.0,0.0,0.0,30.0,120.46000000000001,-122.0075,33.52,40.92
2653,664,-4.0,15.0,15.0,12.86767,0.0,0.0,0.0,0.0,30.0,56.12,-36.7675,33.52,40.92
2654,664,-5.09,15.0,15.0,11.310223,0.0,0.0,0.0,0.0,30.0,0.0,-27.939999999999998,33.52,40.92
2655,664,-4.01,15.0,15.0,9.7527763,30.0,30.0,0.0,0.0,30.0,0.0,13.825,33.52,40.92
2656,664,25.0,15.0,15.0,8.1953295,0.0,0.0,0.0,0.0,30.0,36.306666666666665,54.2,33.52,40.92
2657,665,48.33,15.21551,14.78449,7.0740392,0.0,0.431021,0.431021,0.0,29.568979,27.737499999999997,58.78,33.52,40.92
2658,665,63.74,15.21551,14.78449,5.952749,0.0,0.431021,0.431021,0.0,29.568979,0.0,25.785000000000004,33.52,40.92
2659,665,79.32,15.21551,14.78449,4.8314588,0.0,0.431021,0.431021,0.0,29.568979,79.26,52.69,33.52,40.92
2660,665,91.17,15.21551,14.78449,3.7101685,0.0,0.431021,0.431021,0.0,29.568979,89.365,0.0,33.52,40.92
2661,666,86.84,24.01914,5.9808595,20.405927,0.0,18.038281,18.038281,0.0,11.961719,78.88749999999999,0.0,32.6,36.12
2662,666,84.01,24.01914,5.9808595,37.101685,0.0,18.038281,18.038281,0.0,11.961719,84.3475,0.0,32.6,36.12
2663,666,82.5,24.01914,5.9808595,53.797444,0.0,18.038281,18.038281,0.0,11.961719,45.07,38.31666666666666,32.6,36.12
2664,666,81.85,24.01914,5.9808595,70.493202,0.0,18.038281,18.038281,0.0,11.961719,91.905,36.49,32.6,36.12
2665,667,70.17,15.769554,14.230446,70.493202,0.0,1.5391085,1.5391085,28.460892,0.0,0.0,23.467499999999998,31.68,31.32
2666,667,69.53,15.769554,14.230446,70.493202,0.0,1.5391085,1.5391085,28.460892,0.0,0.0,-33.7225,31.68,31.32
2667,667,64.4,15.769554,14.230446,70.493202,0.0,1.5391085,1.5391085,28.460892,0.0,0.0,-12.632499999999997,31.68,31.32
2668,667,63.88,15.769554,14.230446,70.493202,0.0,1.5391085,1.5391085,28.460892,0.0,0.0,-8.012500000000001,31.68,31.32
2669,668,63.62,15.0,15.0,68.935755,0.0,0.0,0.0,0.0,30.0,0.0,50.625,31.68,31.32
2670,668,64.43,15.0,15.0,67.378308,0.0,0.0,0.0,0.0,30.0,0.0,24.342499999999998,31.68,31.32
2671,668,60.53,15.0,15.0,65.820861,0.0,0.0,0.0,0.0,30.0,90.46000000000001,60.519999999999996,31.68,31.32
2672,668,55.93,15.0,15.0,64.263415,0.0,0.0,0.0,0.0,30.0,33.08666666666666,45.50333333333333,31.68,31.32
2673,669,51.12,15.0,15.0,62.705968,0.0,0.0,0.0,30.0,0.0,124.9,5.383333333333326,31.68,31.32
2674,669,26.92,15.0,15.0,61.148521,0.0,0.0,0.0,30.0,0.0,0.0,-30.91,31.68,31.32
2675,669,-22.2,15.0,15.0,59.591074,0.0,0.0,0.0,30.0,0.0,0.0,-17.302500000000002,31.68,31.32
2676,669,-24.04,15.0,15.0,58.033627,0.0,0.0,0.0,30.0,0.0,81.455,29.534999999999997,31.68,31.32
2677,670,-7.0,9.0590765,20.940923,44.452763,11.881847,0.0,-11.881847,0.0,18.118153,52.69,49.91,31.68,31.32
2678,670,-3.79,9.0590765,20.940923,30.871898,11.881847,0.0,-11.881847,0.0,18.118153,33.725,19.955,31.68,31.32
2679,670,-10.03,9.0590765,20.940923,17.291033,30.0,18.118153,-11.881847,0.0,18.118153,0.0,-4.505000000000003,31.68,31.32
2680,670,4.67,9.0590765,20.940923,3.7101685,11.881847,0.0,-11.881847,0.0,18.118153,64.35,55.83666666666666,31.68,31.32
2681,671,42.94,15.769554,14.230446,3.7101685,0.0,1.5391085,1.5391085,28.460892,0.0,104.72,41.584999999999994,31.68,31.32
2682,671,61.98,15.769554,14.230446,3.7101685,0.0,1.5391085,1.5391085,28.460892,0.0,49.239999999999995,63.620000000000005,31.68,31.32
2683,671,87.65,15.769554,14.230446,3.7101685,0.0,1.5391085,1.5391085,28.460892,0.0,140.59333333333333,34.79666666666667,31.68,31.32
2684,671,95.26,15.769554,14.230446,3.7101685,0.0,1.5391085,1.5391085,28.460892,0.0,90.5,0.0,31.68,31.32
2685,672,91.07,16.539108,13.460892,5.2676153,0.0,3.078217,3.078217,26.921783,0.0,87.7475,0.0,25.76,20.080000000000002
2686,672,89.41,16.539108,13.460892,6.8250621,26.921783,30.0,3.0782169999999986,26.921783,0.0,91.01,79.64666666666666,25.76,20.080000000000002
2687,672,88.46,16.539108,13.460892,8.3825089,0.0,3.078217,3.078217,26.921783,0.0,0.0,51.824999999999996,25.76,20.080000000000002
2688,672,77.18,16.539108,13.460892,9.9399558,26.921783,30.0,3.0782169999999986,26.921783,0.0,0.0,39.78999999999999,25.76,20.080000000000002
2689,673,78.05,15.0,15.0,8.3825089,0.0,0.0,0.0,30.0,0.0,86.19,66.92,19.84,8.84
2690,673,78.44,15.0,15.0,6.8250621,0.0,0.0,0.0,30.0,0.0,0.0,72.13666666666667,19.84,8.84
2691,673,79.92,15.0,15.0,5.2676153,0.0,0.0,0.0,30.0,0.0,86.19,72.38,19.84,8.84
2692,673,79.79,15.0,15.0,3.7101685,0.0,0.0,0.0,30.0,0.0,146.51,0.0,19.84,8.84
2693,674,85.0,15.769554,14.230446,3.7101685,0.0,1.5391085,1.5391085,13.843566,0.0,91.1,0.0,19.84,8.84
2694,674,103.94,23.078217,6.921783,18.501658,13.843566,30.0,16.156434,13.843566,0.0,98.705,0.0,19.84,8.84
2695,674,129.42,23.078217,6.921783,33.293147,0.0,16.156434,16.156434,13.843566,0.0,88.09,66.225,19.84,8.84
2696,674,117.46,23.078217,6.921783,48.084637,0.0,16.156434,16.156434,13.843566,0.0,89.16499999999999,43.96666666666667,19.84,8.84
2697,675,97.05,15.0,15.0,46.52719,0.0,0.0,0.0,30.0,0.0,0.0,54.6325,19.84,8.84
2698,675,79.45,15.0,15.0,44.969743,0.0,0.0,0.0,30.0,0.0,0.0,35.5925,19.84,8.84
2699,675,72.24,15.0,15.0,43.412296,0.0,0.0,0.0,30.0,0.0,60.849999999999994,69.69,19.84,8.84
2700,675,68.31,15.0,15.0,41.854849,0.0,0.0,0.0,30.0,0.0,524.1975,0.0,19.84,8.84
2701,676,71.24,15.0,15.0,40.297403,30.0,30.0,0.0,30.0,0.0,98.56333333333333,0.0,19.84,8.84
2702,676,64.25,15.0,15.0,38.739956,0.0,0.0,0.0,30.0,0.0,8.58,56.9025,19.84,8.84
2703,676,59.45,15.0,15.0,37.182509,30.0,30.0,0.0,30.0,0.0,0.0,-3.407499999999999,19.84,8.84
2704,676,71.9,15.0,15.0,35.625062,0.0,0.0,0.0,30.0,0.0,22.183333333333334,59.6,19.84,8.84
2705,677,80.66,0.0,30.0,3.7101685,30.0,0.0,-30.0,0.0,0.0,0.0,73.50999999999999,19.84,8.84
2706,677,104.09,15.769554,14.230446,3.7101685,0.0,1.5391085,1.5391085,0.0,0.0,0.0,27.872500000000002,19.84,8.84
2707,677,136.12,30.0,0.0,32.510169,0.0,30.0,30.0,0.0,0.0,14.68,8.320000000000007,19.84,8.84
2708,677,155.09,30.0,0.0,61.310169,0.0,30.0,30.0,0.0,0.0,96.64,76.64999999999999,19.84,8.84
2709,678,127.16,15.0,15.0,59.752722,30.0,30.0,0.0,30.0,0.0,0.0,74.76,18.84,7.279999999999999
2710,678,105.63,15.0,15.0,58.195275,0.0,0.0,0.0,30.0,0.0,72.6025,77.69,18.84,7.279999999999999
2711,678,96.94,15.0,15.0,56.637828,0.0,0.0,0.0,30.0,0.0,68.6925,0.0,18.84,7.279999999999999
2712,678,88.32,15.0,15.0,55.080381,0.0,0.0,0.0,30.0,0.0,76.36333333333333,75.31,18.84,7.279999999999999
2713,679,86.69,13.366274,16.633726,50.216551,3.2674516,0.0,-3.2674516,26.732548,0.0,0.0,70.67,17.84,5.72
2714,679,85.95,13.366274,16.633726,45.352722,3.2674516,0.0,-3.2674516,26.732548,0.0,63.31999999999999,0.0,17.84,5.72
2715,679,85.42,13.366274,16.633726,40.488892,3.2674516,0.0,-3.2674516,26.732548,0.0,81.5,0.0,17.84,5.72
2716,679,86.35,13.366274,16.633726,35.625062,3.2674516,0.0,-3.2674516,26.732548,0.0,90.12,0.0,17.84,5.72
2717,680,97.03,0.0,30.0,3.7101685,30.0,0.0,-30.0,0.0,0.0,100.9025,0.0,17.84,5.72
2718,680,119.44,20.307008,9.6929924,12.893202,0.0,10.614015,10.614015,0.0,0.0,98.03,0.0,17.84,5.72
2719,680,176.28,30.0,0.0,41.693202,0.0,30.0,30.0,0.0,0.0,64.885,61.19,17.84,5.72
2720,680,136.28,30.0,0.0,70.493202,0.0,30.0,30.0,0.0,0.0,45.19499999999999,23.082499999999996,17.84,5.72
2721,681,98.38,15.0,15.0,68.935755,0.0,0.0,0.0,30.0,0.0,0.0,10.325,17.84,5.72
2722,681,82.47,15.0,15.0,67.378308,0.0,0.0,0.0,30.0,0.0,0.0,10.302500000000002,17.84,5.72
2723,681,77.25,15.0,15.0,65.820861,0.0,0.0,0.0,30.0,0.0,0.0,14.235000000000007,17.84,5.72
2724,681,76.8,15.0,15.0,64.263415,0.0,0.0,0.0,30.0,0.0,0.0,-47.21249999999999,17.84,5.72
2725,682,78.25,15.0,15.0,62.705968,0.0,0.0,0.0,30.0,0.0,0.0,-333.28749999999997,17.84,5.72
2726,682,78.62,15.0,15.0,61.148521,0.0,0.0,0.0,30.0,0.0,0.0,-169.5625,17.84,5.72
2727,682,78.33,15.0,15.0,59.591074,0.0,0.0,0.0,30.0,0.0,0.0,-217.47,17.84,5.72
2728,682,80.79,15.0,15.0,58.033627,0.0,0.0,0.0,30.0,0.0,0.0,7.687500000000007,17.84,5.72
2729,683,88.82,17.308663,12.691337,61.148521,25.382675,30.0,4.617325000000001,25.382675,0.0,37.20666666666666,45.355,17.84,5.72
2730,683,100.76,17.308663,12.691337,64.263415,0.0,4.6173255,4.6173255,25.382675,0.0,95.83,0.0,17.84,5.72
2731,683,118.31,17.308663,12.691337,67.378308,0.0,4.6173255,4.6173255,25.382675,0.0,12.75,0.0,17.84,5.72
2732,683,120.92,17.308663,12.691337,70.493202,0.0,4.6173255,4.6173255,25.382675,0.0,78.63,72.235,17.84,5.72
2733,684,102.0,15.0,15.0,68.935755,0.0,0.0,0.0,30.0,0.0,67.0,72.62,18.72,7.02
2734,684,84.4,15.0,15.0,67.378308,0.0,0.0,0.0,30.0,0.0,69.92,0.0,18.72,7.02
2735,684,81.54,15.0,15.0,65.820861,0.0,0.0,0.0,30.0,0.0,72.485,72.58,18.72,7.02
2736,684,80.55,15.0,15.0,64.263415,0.0,0.0,0.0,30.0,0.0,76.93,67.46,18.72,7.02
2737,685,76.29,15.0,15.0,62.705968,0.0,0.0,0.0,30.0,0.0,81.29333333333334,63.97,19.6,8.32
2738,685,75.88,15.0,15.0,61.148521,0.0,0.0,0.0,30.0,0.0,0.0,47.3225,19.6,8.32
2739,685,72.64,15.0,15.0,59.591074,0.0,0.0,0.0,30.0,0.0,92.3,62.74,19.6,8.32
2740,685,72.8,15.0,15.0,58.033627,0.0,0.0,0.0,30.0,0.0,83.36,0.0,19.6,8.32
2741,686,79.64,17.308663,12.691337,61.148521,0.0,4.6173255,4.6173255,25.382675,0.0,35.24,61.25,19.6,8.32
2742,686,92.76,17.308663,12.691337,64.263415,0.0,4.6173255,4.6173255,25.382675,0.0,13.85,67.715,19.6,8.32
2743,686,96.0,17.308663,12.691337,67.378308,0.0,4.6173255,4.6173255,25.382675,0.0,82.45,68.76,19.6,8.32
2744,686,106.97,17.308663,12.691337,70.493202,0.0,4.6173255,4.6173255,25.382675,0.0,82.62666666666667,53.69,19.6,8.32
2745,687,81.7,15.0,15.0,68.935755,0.0,0.0,0.0,30.0,0.0,0.0,40.7475,19.6,8.32
2746,687,74.9,15.0,15.0,67.378308,0.0,0.0,0.0,30.0,0.0,47.455,40.626666666666665,19.6,8.32
2747,687,77.63,15.0,15.0,65.820861,0.0,0.0,0.0,30.0,0.0,0.0,9.3,19.6,8.32
2748,687,61.9,15.0,15.0,64.263415,30.0,30.0,0.0,30.0,0.0,78.96,-14.1875,19.6,8.32
2749,688,46.6,8.2895223,21.710478,49.125103,13.420955,0.0,-13.420955,16.579045,0.0,8.203333333333333,-27.22,19.6,8.32
2750,688,39.0,8.2895223,21.710478,33.986792,13.420955,0.0,-13.420955,16.579045,0.0,62.156666666666666,-28.83,19.6,8.32
2751,688,45.38,8.2895223,21.710478,18.84848,13.420955,0.0,-13.420955,16.579045,0.0,8.4125,0.0,19.6,8.32
2752,688,58.0,8.2895223,21.710478,3.7101685,13.420955,0.0,-13.420955,16.579045,0.0,66.3475,0.0,19.6,8.32
2753,689,74.2,15.769554,14.230446,3.7101685,0.0,1.5391085,1.5391085,28.460892,0.0,155.815,0.0,19.6,8.32
2754,689,75.0,15.769554,14.230446,3.7101685,0.0,1.5391085,1.5391085,28.460892,0.0,100.96,67.6975,19.6,8.32
2755,689,95.0,15.769554,14.230446,3.7101685,0.0,1.5391085,1.5391085,28.460892,0.0,49.084999999999994,42.87,19.6,8.32
2756,689,123.43,15.769554,14.230446,3.7101685,0.0,1.5391085,1.5391085,28.460892,0.0,16.905,0.0,19.6,8.32
2757,690,116.01,16.539108,13.460892,5.2676153,0.0,3.078217,3.078217,26.921783,0.0,0.0,65.63,19.14,6.76
2758,690,104.11,16.539108,13.460892,6.8250621,0.0,3.078217,3.078217,26.921783,0.0,0.0,53.8925,19.14,6.76
2759,690,90.0,16.539108,13.460892,8.3825089,0.0,3.078217,3.078217,26.921783,0.0,0.0,9.212499999999999,19.14,6.76
2760,690,83.5,16.539108,13.460892,9.9399558,0.0,3.078217,3.078217,26.921783,0.0,78.34,60.7325,19.14,6.76
2761,691,80.0,15.0,15.0,8.3825089,0.0,0.0,0.0,30.0,0.0,58.345,0.0,18.68,5.2
2762,691,77.36,15.0,15.0,6.8250621,0.0,0.0,0.0,30.0,0.0,89.5025,0.0,18.68,5.2
2763,691,75.52,15.0,15.0,5.2676153,0.0,0.0,0.0,30.0,0.0,77.9925,0.0,18.68,5.2
2764,691,74.4,15.0,15.0,3.7101685,0.0,0.0,0.0,30.0,0.0,0.0,0.0,18.68,5.2
2765,692,83.69,15.769554,14.230446,3.7101685,0.0,1.5391085,1.5391085,15.997564,0.0,77.27333333333333,0.0,18.68,5.2
2766,692,100.57,22.001218,7.9987822,16.321995,0.0,14.002436,14.002436,15.997564,0.0,0.0,61.04333333333334,18.68,5.2
2767,692,126.0,22.001218,7.9987822,28.933821,0.0,14.002436,14.002436,15.997564,0.0,83.11,62.50333333333333,18.68,5.2
2768,692,112.01,22.001218,7.9987822,41.545648,0.0,14.002436,14.002436,15.997564,0.0,75.59,37.69,18.68,5.2
2769,693,92.1,15.0,15.0,39.988201,0.0,0.0,0.0,30.0,0.0,0.0,16.8075,18.68,5.2
2770,693,80.01,15.0,15.0,38.430754,0.0,0.0,0.0,30.0,0.0,12.83,54.50750000000001,18.68,5.2
2771,693,78.2,15.0,15.0,36.873307,0.0,0.0,0.0,30.0,0.0,65.77250000000001,0.0,18.68,5.2
2772,693,73.92,15.0,15.0,35.31586,0.0,0.0,0.0,30.0,0.0,64.22749999999999,62.31,18.68,5.2
2773,694,67.3,15.0,15.0,33.758414,0.0,0.0,0.0,30.0,0.0,79.14,-13.473333333333334,18.68,5.2
2774,694,64.68,15.0,15.0,32.200967,0.0,0.0,0.0,30.0,0.0,0.0,-62.5,18.68,5.2
2775,694,67.64,15.0,15.0,30.64352,0.0,0.0,0.0,30.0,0.0,0.0,-29.3575,18.68,5.2
2776,694,71.54,15.0,15.0,29.086073,0.0,0.0,0.0,30.0,0.0,0.0,63.79,18.68,5.2
2777,695,78.92,3.2309975,26.769003,3.7101685,23.538005,0.0,-23.538005,6.4619949,0.0,77.79,51.75,18.68,5.2
2778,695,94.69,26.769003,3.2309975,25.97118,0.0,23.538005,23.538005,6.4619949,0.0,180.45,60.010000000000005,18.68,5.2
2779,695,121.7,26.769003,3.2309975,48.232191,0.0,23.538005,23.538005,6.4619949,0.0,101.82249999999999,61.215,18.68,5.2
2780,695,140.93,26.769003,3.2309975,70.493202,0.0,23.538005,23.538005,6.4619949,0.0,98.1175,57.715,18.68,5.2
2781,696,113.43,15.0,15.0,68.935755,0.0,0.0,0.0,30.0,0.0,150.7275,0.0,18.02,4.48
2782,696,91.35,15.0,15.0,67.378308,0.0,0.0,0.0,30.0,0.0,0.0,64.815,18.02,4.48
2783,696,79.74,15.0,15.0,65.820861,0.0,0.0,0.0,30.0,0.0,0.0,62.49666666666666,18.02,4.48
2784,696,79.87,15.0,15.0,64.263415,0.0,0.0,0.0,30.0,0.0,80.02250000000001,54.38,18.02,4.48
2785,697,74.0,15.0,15.0,62.705968,0.0,0.0,0.0,30.0,0.0,92.06,0.0,17.36,3.76
2786,697,74.2,15.0,15.0,61.148521,0.0,0.0,0.0,30.0,0.0,0.0,52.74,17.36,3.76
2787,697,74.07,15.0,15.0,59.591074,0.0,0.0,0.0,30.0,0.0,0.0,52.2,17.36,3.76
2788,697,77.1,15.0,15.0,58.033627,0.0,0.0,0.0,30.0,0.0,0.0,46.0475,17.36,3.76
2789,698,82.98,15.0,15.0,56.476181,0.0,0.0,0.0,30.0,0.0,84.34,70.61,17.36,3.76
2790,698,93.51,15.0,15.0,54.918734,0.0,0.0,0.0,30.0,0.0,97.81,72.81333333333333,17.36,3.76
2791,698,104.06,15.0,15.0,53.361287,0.0,0.0,0.0,30.0,0.0,94.1,0.0,17.36,3.76
2792,698,96.06,15.0,15.0,51.80384,0.0,0.0,0.0,30.0,0.0,0.0,1.8149999999999977,17.36,3.76
2793,699,81.08,15.0,15.0,50.246393,0.0,0.0,0.0,30.0,0.0,0.0,40.2725,17.36,3.76
2794,699,80.26,15.0,15.0,48.688947,0.0,0.0,0.0,30.0,0.0,0.0,42.980000000000004,17.36,3.76
2795,699,72.95,15.0,15.0,47.1315,0.0,0.0,0.0,30.0,0.0,0.0,19.415,17.36,3.76
2796,699,70.35,15.0,15.0,45.574053,0.0,0.0,0.0,30.0,0.0,0.0,-67.445,17.36,3.76
2797,700,68.74,14.540574,15.459426,43.086805,0.91885285,0.0,-0.91885285,29.081147,0.0,79.43,-109.9375,17.36,3.76
2798,700,65.37,14.540574,15.459426,40.599558,0.91885285,0.0,-0.91885285,29.081147,0.0,0.0,-351.8725,17.36,3.76
2799,700,69.92,14.540574,15.459426,38.11231,0.91885285,0.0,-0.91885285,29.081147,0.0,0.0,-49.21000000000001,17.36,3.76
2800,700,71.73,14.540574,15.459426,35.625062,0.91885285,0.0,-0.91885285,29.081147,0.0,0.0,28.685000000000002,17.36,3.76
2801,701,80.23,0.0,30.0,3.7101685,30.0,0.0,-30.0,0.0,0.0,0.0,34.9075,17.36,3.76
2802,701,93.37,20.307008,9.6929924,12.893202,0.0,10.614015,10.614015,0.0,0.0,0.0,50.4225,17.36,3.76
2803,701,128.61,30.0,0.0,41.693202,0.0,30.0,30.0,0.0,0.0,53.300000000000004,55.58,17.36,3.76
2804,701,136.56,30.0,0.0,70.493202,0.0,30.0,30.0,0.0,0.0,90.53666666666668,0.0,17.36,3.76
2805,702,108.61,15.769554,14.230446,70.493202,0.0,1.5391085,1.5391085,28.460892,0.0,80.60000000000001,78.14,19.4,8.379999999999999
2806,702,91.91,15.769554,14.230446,70.493202,0.0,1.5391085,1.5391085,28.460892,0.0,87.43333333333334,66.84,19.4,8.379999999999999
2807,702,88.26,15.769554,14.230446,70.493202,0.0,1.5391085,1.5391085,28.460892,0.0,79.0,0.0,19.4,8.379999999999999
2808,702,90.29,15.769554,14.230446,70.493202,0.0,1.5391085,1.5391085,28.460892,0.0,71.16,0.0,19.4,8.379999999999999
2809,703,88.47,15.769554,14.230446,70.493202,0.0,1.5391085,1.5391085,28.460892,0.0,64.3725,0.0,21.44,13.0
2810,703,85.5,15.769554,14.230446,70.493202,0.0,1.5391085,1.5391085,28.460892,0.0,60.602500000000006,0.0,21.44,13.0
2811,703,86.86,15.769554,14.230446,70.493202,0.0,1.5391085,1.5391085,28.460892,0.0,78.25,52.72666666666667,21.44,13.0
2812,703,84.14,15.769554,14.230446,70.493202,0.0,1.5391085,1.5391085,28.460892,0.0,78.42,59.19499999999999,21.44,13.0
2813,704,82.49,15.769554,14.230446,70.493202,28.460892,30.0,1.5391079999999988,28.460892,0.0,77.63,0.0,21.44,13.0
2814,704,86.08,15.769554,14.230446,70.493202,0.0,1.5391085,1.5391085,28.460892,0.0,0.0,39.06,21.44,13.0
2815,704,79.04,15.769554,14.230446,70.493202,0.0,1.5391085,1.5391085,28.460892,0.0,0.0,26.252499999999998,21.44,13.0
2816,704,69.84,15.769554,14.230446,70.493202,0.0,1.5391085,1.5391085,28.460892,0.0,69.24000000000001,22.674999999999997,21.44,13.0
2817,705,61.26,15.0,15.0,68.935755,0.0,0.0,0.0,30.0,0.0,81.955,17.810000000000002,21.44,13.0
2818,705,36.02,15.0,15.0,67.378308,0.0,0.0,0.0,30.0,0.0,0.0,-66.2125,21.44,13.0
2819,705,8.43,15.0,15.0,65.820861,0.0,0.0,0.0,30.0,0.0,46.51,36.9475,21.44,13.0
2820,705,0.03,15.0,15.0,64.263415,0.0,0.0,0.0,30.0,0.0,78.345,32.22,21.44,13.0
2821,706,-0.02,8.2895223,21.710478,49.125103,13.420955,0.0,-13.420955,16.579045,0.0,68.13999999999999,35.6075,21.44,13.0
2822,706,0.0,8.2895223,21.710478,33.986792,13.420955,0.0,-13.420955,16.579045,0.0,0.0,9.13,21.44,13.0
2823,706,0.0,8.2895223,21.710478,18.84848,13.420955,0.0,-13.420955,16.579045,0.0,0.0,-13.670000000000002,21.44,13.0
2824,706,22.0,8.2895223,21.710478,3.7101685,13.420955,0.0,-13.420955,16.579045,0.0,89.69,2.5266666666666637,21.44,13.0
2825,707,71.67,15.769554,14.230446,3.7101685,0.0,1.5391085,1.5391085,6.4619949,0.0,26.54,56.55,21.44,13.0
2826,707,90.63,26.769003,3.2309975,25.97118,0.0,23.538005,23.538005,6.4619949,0.0,99.175,60.59,21.44,13.0
2827,707,119.9,26.769003,3.2309975,48.232191,0.0,23.538005,23.538005,6.4619949,0.0,61.31666666666666,61.775,21.44,13.0
2828,707,112.27,26.769003,3.2309975,70.493202,0.0,23.538005,23.538005,6.4619949,0.0,46.6275,0.0,21.44,13.0
2829,708,85.0,15.769554,14.230446,70.493202,0.0,1.5391085,1.5391085,0.0,28.460892,64.5375,46.9,25.32,30.54
2830,708,75.9,15.769554,14.230446,70.493202,0.0,1.5391085,1.5391085,0.0,28.460892,0.0,22.0475,25.32,30.54
2831,708,65.23,15.769554,14.230446,70.493202,0.0,1.5391085,1.5391085,0.0,28.460892,0.0,-34.4825,25.32,30.54
2832,708,56.39,15.769554,14.230446,70.493202,0.0,1.5391085,1.5391085,0.0,28.460892,0.0,-23.815,25.32,30.54
2833,709,46.14,0.0,0.0,70.493202,0.0,0.0,0.0,0.0,30.0,69.00333333333333,31.649999999999995,29.2,48.08
2834,709,39.6,0.0,0.0,70.493202,0.0,0.0,0.0,0.0,30.0,0.0,-32.5325,29.2,48.08
2835,709,31.55,0.0,0.0,70.493202,0.0,0.0,0.0,0.0,30.0,77.04,-11.262500000000003,29.2,48.08
2836,709,27.58,0.0,0.0,70.493202,0.0,0.0,0.0,0.0,30.0,644.02,58.69,29.2,48.08
2837,710,25.96,0.0,0.0,70.493202,0.0,0.0,0.0,0.0,30.0,0.0,-9.274999999999997,29.2,48.08
2838,710,9.92,0.0,0.0,70.493202,0.0,0.0,0.0,0.0,30.0,0.0,-20.3375,29.2,48.08
2839,710,0.1,0.0,0.0,70.493202,0.0,0.0,0.0,0.0,30.0,0.0,-3.3900000000000006,29.2,48.08
2840,710,-0.07,0.0,0.0,70.493202,0.0,0.0,0.0,0.0,30.0,81.6675,0.0,29.2,48.08
2841,711,-1.02,0.0,0.0,70.493202,0.0,0.0,0.0,0.0,30.0,68.77,-2.47,29.2,48.08
2842,711,-16.64,0.0,0.0,70.493202,0.0,0.0,0.0,0.0,30.0,0.0,-23.832499999999996,29.2,48.08
2843,711,-36.72,0.0,0.0,70.493202,0.0,0.0,0.0,0.0,30.0,55.7775,-10.0,29.2,48.08
2844,711,-62.2,0.0,0.0,70.493202,0.0,0.0,0.0,0.0,30.0,0.0,9.9525,29.2,48.08
2845,712,-63.89,0.0,15.694013,53.797444,15.694013,0.0,-15.694013,0.0,14.305987,0.0,53.7,29.2,48.08
2846,712,-65.06,0.0,15.694013,37.101685,15.694013,0.0,-15.694013,0.0,14.305987,0.3,28.623333333333335,29.2,48.08
2847,712,-52.43,0.0,15.694013,20.405927,15.694013,0.0,-15.694013,0.0,14.305987,73.35666666666667,64.69,29.2,48.08
2848,712,-23.42,0.0,15.694013,3.7101685,15.694013,0.0,-15.694013,0.0,14.305987,79.43,16.5475,29.2,48.08
2849,713,-0.02,0.0,0.0,3.7101685,30.0,30.0,0.0,0.0,30.0,87.41999999999999,36.026666666666664,29.2,48.08
2850,713,24.78,0.0,0.0,3.7101685,30.0,30.0,0.0,0.0,30.0,99.43,-10.155000000000001,29.2,48.08
2851,713,68.52,0.0,0.0,3.7101685,0.0,0.0,0.0,0.0,30.0,0.0,-19.590000000000003,29.2,48.08
2852,713,77.08,0.0,0.0,3.7101685,0.0,0.0,0.0,0.0,30.0,0.0,25.444999999999993,29.2,48.08
2853,714,78.56,16.539108,13.460892,5.2676153,0.0,3.078217,3.078217,26.921783,0.0,73.03,12.5,28.04,30.68
2854,714,72.21,16.539108,13.460892,6.8250621,0.0,3.078217,3.078217,26.921783,0.0,468.59000000000003,0.0,28.04,30.68
2855,714,66.94,16.539108,13.460892,8.3825089,0.0,3.078217,3.078217,26.921783,0.0,83.64,45.69,28.04,30.68
2856,714,63.15,16.539108,13.460892,9.9399558,0.0,3.078217,3.078217,26.921783,0.0,83.41666666666666,12.1,28.04,30.68
2857,715,60.05,15.0,15.0,8.3825089,0.0,0.0,0.0,30.0,0.0,49.607499999999995,0.0,26.88,13.28
2858,715,58.93,15.0,15.0,6.8250621,0.0,0.0,0.0,30.0,0.0,0.0,44.986666666666665,26.88,13.28
2859,715,62.08,15.0,15.0,5.2676153,0.0,0.0,0.0,30.0,0.0,53.980000000000004,0.0,26.88,13.28
2860,715,74.78,15.0,15.0,3.7101685,0.0,0.0,0.0,30.0,0.0,81.055,62.26,26.88,13.28
2861,716,82.13,24.01914,5.9808595,20.405927,0.0,18.038281,18.038281,11.961719,0.0,75.14,52.26,26.88,13.28
2862,716,99.07,24.01914,5.9808595,37.101685,0.0,18.038281,18.038281,11.961719,0.0,79.03999999999999,0.0,26.88,13.28
2863,716,113.7,24.01914,5.9808595,53.797444,0.0,18.038281,18.038281,11.961719,0.0,11.364999999999998,0.0,26.88,13.28
2864,716,100.51,24.01914,5.9808595,70.493202,0.0,18.038281,18.038281,11.961719,0.0,87.35,29.560000000000002,26.88,13.28
2865,717,75.02,15.0,15.0,68.935755,0.0,0.0,0.0,30.0,0.0,0.0,39.8225,26.88,13.28
2866,717,58.17,15.0,15.0,67.378308,0.0,0.0,0.0,30.0,0.0,53.46,-8.68,26.88,13.28
2867,717,36.16,15.0,15.0,65.820861,30.0,30.0,0.0,30.0,0.0,0.0,-5.6,26.88,13.28
2868,717,34.9,15.0,15.0,64.263415,0.0,0.0,0.0,30.0,0.0,0.0,-11.129999999999999,26.88,13.28
2869,718,28.0,8.2895223,21.710478,49.125103,30.0,16.579045,-13.420955,16.579045,0.0,80.92,12.075,26.88,13.28
2870,718,32.28,8.2895223,21.710478,33.986792,13.420955,0.0,-13.420955,16.579045,0.0,45.0475,57.94,26.88,13.28
2871,718,35.55,8.2895223,21.710478,18.84848,13.420955,0.0,-13.420955,16.579045,0.0,0.0,33.7625,26.88,13.28
2872,718,47.68,8.2895223,21.710478,3.7101685,13.420955,0.0,-13.420955,16.579045,0.0,111.42,29.10666666666667,26.88,13.28
2873,719,69.21,15.769554,14.230446,3.7101685,0.0,1.5391085,1.5391085,0.0,0.0,84.58500000000001,0.0,26.88,13.28
2874,719,82.5,20.307008,9.6929924,12.893202,0.0,10.614015,10.614015,0.0,0.0,8.425,69.46,26.88,13.28
2875,719,150.0,30.0,0.0,41.693202,0.0,30.0,30.0,0.0,0.0,77.49,67.96,26.88,13.28
2876,719,185.41,30.0,0.0,70.493202,0.0,30.0,30.0,0.0,0.0,0.0,58.0025,26.88,13.28
2877,720,106.81,15.0,15.0,68.935755,0.0,0.0,0.0,30.0,0.0,78.79666666666667,67.57499999999999,27.26,14.68
2878,720,86.86,15.0,15.0,67.378308,0.0,0.0,0.0,30.0,0.0,40.644999999999996,69.46,27.26,14.68
2879,720,79.96,15.0,15.0,65.820861,0.0,0.0,0.0,30.0,0.0,7.47,53.707499999999996,27.26,14.68
2880,720,75.9,15.0,15.0,64.263415,0.0,0.0,0.0,30.0,0.0,0.0,57.61,27.26,14.68
2881,721,71.6,15.0,15.0,62.705968,0.0,0.0,0.0,30.0,0.0,0.0,59.084999999999994,27.64,16.08
2882,721,70.05,15.0,15.0,61.148521,0.0,0.0,0.0,30.0,0.0,79.12,67.69,27.64,16.08
2883,721,69.85,15.0,15.0,59.591074,30.0,30.0,0.0,30.0,0.0,78.11,58.81,27.64,16.08
2884,721,69.43,15.0,15.0,58.033627,0.0,0.0,0.0,30.0,0.0,0.0,63.83,27.64,16.08
2885,722,78.63,17.308663,12.691337,61.148521,0.0,4.6173255,4.6173255,25.382675,0.0,0.0,61.42,27.64,16.08
2886,722,93.89,17.308663,12.691337,64.263415,0.0,4.6173255,4.6173255,25.382675,0.0,8.83,64.50666666666666,27.64,16.08
2887,722,101.66,17.308663,12.691337,67.378308,0.0,4.6173255,4.6173255,25.382675,0.0,47.58,67.09,27.64,16.08
2888,722,93.2,17.308663,12.691337,70.493202,0.0,4.6173255,4.6173255,25.382675,0.0,33.800000000000004,54.36,27.64,16.08
2889,723,77.71,15.0,15.0,68.935755,0.0,0.0,0.0,30.0,0.0,65.86500000000001,48.56,27.64,16.08
2890,723,62.06,15.0,15.0,67.378308,0.0,0.0,0.0,30.0,0.0,7.5600000000000005,-0.9,27.64,16.08
2891,723,44.89,15.0,15.0,65.820861,0.0,0.0,0.0,30.0,0.0,47.78666666666666,-6.9,27.64,16.08
2892,723,28.01,15.0,15.0,64.263415,30.0,30.0,0.0,30.0,0.0,0.3,42.49,27.64,16.08
2893,724,14.08,8.2895223,21.710478,49.125103,13.420955,0.0,-13.420955,16.579045,0.0,42.43,-50.0,27.64,16.08
2894,724,12.81,8.2895223,21.710478,33.986792,13.420955,0.0,-13.420955,16.579045,0.0,0.0,-51.0,27.64,16.08
2895,724,19.14,8.2895223,21.710478,18.84848,13.420955,0.0,-13.420955,16.579045,0.0,72.31,-21.45,27.64,16.08
2896,724,44.14,8.2895223,21.710478,3.7101685,13.420955,0.0,-13.420955,16.579045,0.0,41.1725,54.68,27.64,16.08
2897,725,65.52,15.769554,14.230446,3.7101685,0.0,1.5391085,1.5391085,6.4619949,0.0,73.85,56.2025,27.64,16.08
2898,725,86.2,26.769003,3.2309975,25.97118,0.0,23.538005,23.538005,6.4619949,0.0,79.66,62.945,27.64,16.08
2899,725,116.72,26.769003,3.2309975,48.232191,0.0,23.538005,23.538005,6.4619949,0.0,151.14,51.35666666666666,27.64,16.08
2900,725,128.93,26.769003,3.2309975,70.493202,0.0,23.538005,23.538005,6.4619949,0.0,6.0,0.0,27.64,16.08
2901,726,88.15,15.769554,14.230446,70.493202,0.0,1.5391085,1.5391085,28.460892,0.0,9.34,50.147499999999994,38.48,33.74
2902,726,80.0,15.769554,14.230446,70.493202,0.0,1.5391085,1.5391085,28.460892,0.0,0.0,36.714999999999996,38.48,33.74
2903,726,81.8,15.769554,14.230446,70.493202,0.0,1.5391085,1.5391085,28.460892,0.0,0.0,43.56666666666666,38.48,33.74
2904,726,76.77,15.769554,14.230446,70.493202,0.0,1.5391085,1.5391085,28.460892,0.0,0.0,-234.77749999999992,38.48,33.74
2905,727,79.89,15.0,15.0,68.935755,0.0,0.0,0.0,30.0,0.0,63.805,-10.0,49.32,51.4
2906,727,81.1,15.0,15.0,67.378308,0.0,0.0,0.0,30.0,0.0,51.33,20.27,49.32,51.4
2907,727,80.1,15.0,15.0,65.820861,0.0,0.0,0.0,30.0,0.0,0.0,-587.365,49.32,51.4
2908,727,68.0,15.0,15.0,64.263415,0.0,0.0,0.0,30.0,0.0,0.0,-134.7575,49.32,51.4
2909,728,75.0,16.539108,13.460892,65.820861,0.0,3.078217,3.078217,0.0,26.921783,57.6725,35.03,49.32,51.4
2910,728,80.1,16.539108,13.460892,67.378308,0.0,3.078217,3.078217,0.0,26.921783,25.8525,10.33,49.32,51.4
2911,728,100.0,16.539108,13.460892,68.935755,0.0,3.078217,3.078217,0.0,26.921783,66.8075,25.9,49.32,51.4
2912,728,80.0,16.539108,13.460892,70.493202,0.0,3.078217,3.078217,0.0,26.921783,77.03333333333333,34.86,49.32,51.4
2913,729,16.7,0.0,0.0,70.493202,0.0,0.0,0.0,30.0,0.0,40.04666666666667,-8.815,49.32,51.4
2914,729,-1.0,0.0,0.0,70.493202,0.0,0.0,0.0,30.0,0.0,8.06,-17.753333333333334,49.32,51.4
2915,729,-44.75,0.0,0.0,70.493202,0.0,0.0,0.0,30.0,0.0,0.0,-44.59,49.32,51.4
2916,729,-102.66,0.0,0.0,70.493202,0.0,0.0,0.0,30.0,0.0,0.0,-40.0,49.32,51.4
2917,730,-200.0,0.0,30.0,38.578308,30.0,0.0,-30.0,0.0,0.0,0.0,-65.0925,49.32,51.4
2918,730,-200.0,0.0,30.0,6.6634146,30.0,0.0,-30.0,0.0,0.0,0.0,-54.5,49.32,51.4
2919,730,-92.0,0.0,2.7760513,3.7101685,2.7760513,0.0,-2.7760513,0.0,0.0,0.3,-84.27,49.32,51.4
2920,730,-28.8,0.0,0.0,3.7101685,0.0,0.0,0.0,0.0,0.0,0.0,-16.465000000000003,49.32,51.4
2921,731,2.39,15.769554,14.230446,3.7101685,0.0,1.5391085,1.5391085,28.460892,0.0,495.69,-23.815,49.32,51.4
2922,731,60.0,15.769554,14.230446,3.7101685,0.0,1.5391085,1.5391085,28.460892,0.0,40.510000000000005,-70.0,49.32,51.4
2923,731,106.0,15.769554,14.230446,3.7101685,0.0,1.5391085,1.5391085,28.460892,0.0,154.91000000000003,49.510000000000005,49.32,51.4
2924,731,130.3,15.769554,14.230446,3.7101685,0.0,1.5391085,1.5391085,28.460892,0.0,40.3925,0.0,49.32,51.4
2925,732,100.0,18.847771,11.152229,9.9399558,0.0,7.6955425,7.6955425,0.0,22.304458,67.60249999999999,0.0,45.74,50.099999999999994
2926,732,81.1,18.847771,11.152229,16.169743,0.0,7.6955425,7.6955425,0.0,22.304458,80.99000000000001,42.69,45.74,50.099999999999994
2927,732,76.0,18.847771,11.152229,22.39953,0.0,7.6955425,7.6955425,0.0,22.304458,43.776666666666664,-7.63,45.74,50.099999999999994
2928,732,61.0,18.847771,11.152229,28.629317,0.0,7.6955425,7.6955425,0.0,22.304458,71.13,0.0,45.74,50.099999999999994
2929,733,51.1,15.0,15.0,27.071871,0.0,0.0,0.0,0.0,30.0,66.09,-39.333333333333336,42.16,48.8
2930,733,40.0,15.0,15.0,25.514424,0.0,0.0,0.0,0.0,30.0,66.78,-31.7125,42.16,48.8
2931,733,39.4,15.0,15.0,23.956977,0.0,0.0,0.0,0.0,30.0,0.0,-3.3225,42.16,48.8
2932,733,34.3,15.0,15.0,22.39953,0.0,0.0,0.0,0.0,30.0,29.54,51.69,42.16,48.8
2933,734,37.8,15.0,15.0,20.842083,30.0,30.0,0.0,0.0,30.0,57.1,0.0,42.16,48.8
2934,734,68.98,15.0,15.0,19.284637,0.0,0.0,0.0,0.0,30.0,70.98,-2.792500000000004,42.16,48.8
2935,734,80.0,15.0,15.0,17.72719,0.0,0.0,0.0,0.0,30.0,0.0,58.69,42.16,48.8
2936,734,84.0,15.0,15.0,16.169743,0.0,0.0,0.0,0.0,30.0,60.785,0.0,42.16,48.8
2937,735,31.45,15.0,15.0,14.612296,0.0,0.0,0.0,0.0,30.0,80.015,-22.044999999999998,42.16,48.8
2938,735,-10.0,15.0,15.0,13.054849,0.0,0.0,0.0,0.0,30.0,0.0,-25.88,42.16,48.8
2939,735,-20.0,15.0,15.0,11.497403,0.0,0.0,0.0,0.0,30.0,0.0,15.71,42.16,48.8
2940,735,-16.79,15.0,15.0,9.9399558,0.0,0.0,0.0,0.0,30.0,0.0,-29.795,42.16,48.8
2941,736,-20.06,15.0,15.0,8.3825089,30.0,30.0,0.0,0.0,30.0,0.0,-32.9075,42.16,48.8
2942,736,-0.1,15.0,15.0,6.8250621,0.0,0.0,0.0,0.0,30.0,0.0,-27.655,42.16,48.8
2943,736,-0.01,15.0,15.0,5.2676153,0.0,0.0,0.0,0.0,30.0,0.0,-47.0,42.16,48.8
2944,736,5.49,15.0,15.0,3.7101685,30.0,30.0,0.0,0.0,30.0,0.0,-129.33249999999998,42.16,48.8
2945,737,70.0,15.769554,14.230446,3.7101685,0.0,1.5391085,1.5391085,0.0,28.460892,0.0,-42.9125,42.16,48.8
2946,737,89.77,15.769554,14.230446,3.7101685,0.0,1.5391085,1.5391085,0.0,28.460892,0.0,46.57,42.16,48.8
2947,737,104.4,15.769554,14.230446,3.7101685,0.0,1.5391085,1.5391085,0.0,28.460892,75.45,54.41,42.16,48.8
2948,737,120.0,15.769554,14.230446,3.7101685,0.0,1.5391085,1.5391085,0.0,28.460892,0.0,-5.317499999999999,42.16,48.8
2949,738,96.0,18.847771,11.152229,9.9399558,0.0,7.6955425,7.6955425,22.304458,0.0,0.0,-11.107500000000002,36.4,36.019999999999996
2950,738,89.0,18.847771,11.152229,16.169743,0.0,7.6955425,7.6955425,22.304458,0.0,0.0,-26.8925,36.4,36.019999999999996
2951,738,88.0,18.847771,11.152229,22.39953,0.0,7.6955425,7.6955425,22.304458,0.0,0.0,-14.3,36.4,36.019999999999996
2952,738,95.0,18.847771,11.152229,28.629317,0.0,7.6955425,7.6955425,22.304458,0.0,0.0,23.79,36.4,36.019999999999996
2953,739,83.94,15.0,15.0,27.071871,0.0,0.0,0.0,30.0,0.0,0.0,-28.3075,30.64,23.24
2954,739,80.0,15.0,15.0,25.514424,0.0,0.0,0.0,30.0,0.0,0.0,-116.4975,30.64,23.24
2955,739,78.0,15.0,15.0,23.956977,0.0,0.0,0.0,30.0,0.0,149.67,44.04,30.64,23.24
2956,739,68.0,15.0,15.0,22.39953,0.0,0.0,0.0,30.0,0.0,342.155,44.04,30.64,23.24
2957,740,67.0,15.0,15.0,20.842083,30.0,30.0,0.0,30.0,0.0,114.6875,44.04,30.64,23.24
2958,740,76.32,15.0,15.0,19.284637,30.0,30.0,0.0,30.0,0.0,124.42500000000001,73.0,30.64,23.24
2959,740,82.39,15.0,15.0,17.72719,0.0,0.0,0.0,30.0,0.0,34.527499999999996,73.42,30.64,23.24
2960,740,92.31,15.0,15.0,16.169743,0.0,0.0,0.0,30.0,0.0,61.19499999999999,73.42,30.64,23.24
2961,741,100.0,15.0,15.0,14.612296,0.0,0.0,0.0,30.0,0.0,86.9,69.0925,30.64,23.24
2962,741,73.95,15.0,15.0,13.054849,0.0,0.0,0.0,30.0,0.0,0.0,65.4875,30.64,23.24
2963,741,69.13,15.0,15.0,11.497403,0.0,0.0,0.0,30.0,0.0,7.51,70.1275,30.64,23.24
2964,741,61.0,15.0,15.0,9.9399558,0.0,0.0,0.0,30.0,0.0,9.84,52.0725,30.64,23.24
2965,742,56.64,15.0,15.0,8.3825089,30.0,30.0,0.0,30.0,0.0,0.0,7.5,30.64,23.24
2966,742,57.05,15.0,15.0,6.8250621,0.0,0.0,0.0,30.0,0.0,0.0,-18.185000000000002,30.64,23.24
2967,742,60.72,15.0,15.0,5.2676153,0.0,0.0,0.0,30.0,0.0,62.415,28.4,30.64,23.24
2968,742,64.01,15.0,15.0,3.7101685,0.0,0.0,0.0,30.0,0.0,92.5075,28.4,30.64,23.24
2969,743,69.82,15.769554,14.230446,3.7101685,0.0,1.5391085,1.5391085,28.460892,0.0,93.21,28.4,30.64,23.24
2970,743,80.45,15.769554,14.230446,3.7101685,0.0,1.5391085,1.5391085,28.460892,0.0,0.0,46.015,30.64,23.24
2971,743,97.0,15.769554,14.230446,3.7101685,0.0,1.5391085,1.5391085,28.460892,0.0,80.58,47.1675,30.64,23.24
2972,743,110.02,15.769554,14.230446,3.7101685,0.0,1.5391085,1.5391085,28.460892,0.0,61.64,53.69,30.64,23.24
2973,744,105.27,24.01914,5.9808595,20.405927,0.0,18.038281,18.038281,11.961719,0.0,90.0225,53.69,27.5,21.92
2974,744,90.11,24.01914,5.9808595,37.101685,0.0,18.038281,18.038281,11.961719,0.0,84.37,53.69,27.5,21.92
2975,744,82.92,24.01914,5.9808595,53.797444,0.0,18.038281,18.038281,11.961719,0.0,85.86,53.69,27.5,21.92
2976,744,88.17,24.01914,5.9808595,70.493202,0.0,18.038281,18.038281,11.961719,0.0,86.72,0.0,27.5,21.92
2977,745,83.08,15.0,15.0,68.935755,0.0,0.0,0.0,30.0,0.0,82.80333333333333,0.0,24.36,20.6
2978,745,80.58,15.0,15.0,67.378308,0.0,0.0,0.0,30.0,0.0,79.08,55.949999999999996,24.36,20.6
2979,745,81.04,15.0,15.0,65.820861,0.0,0.0,0.0,30.0,0.0,66.0375,0.0,24.36,20.6
2980,745,83.3,15.0,15.0,64.263415,0.0,0.0,0.0,30.0,0.0,83.08,58.339999999999996,24.36,20.6
2981,746,90.93,16.539108,13.460892,65.820861,0.0,3.078217,3.078217,26.921783,0.0,0.0,55.265,24.36,20.6
2982,746,86.0,16.539108,13.460892,67.378308,0.0,3.078217,3.078217,26.921783,0.0,74.88499999999999,49.943333333333335,24.36,20.6
2983,746,84.67,16.539108,13.460892,68.935755,0.0,3.078217,3.078217,26.921783,0.0,0.0,17.0625,24.36,20.6
2984,746,76.06,16.539108,13.460892,70.493202,0.0,3.078217,3.078217,26.921783,0.0,0.0,-7.129999999999988,24.36,20.6
2985,747,62.33,15.0,15.0,68.935755,0.0,0.0,0.0,30.0,0.0,0.0,23.177500000000002,24.36,20.6
2986,747,41.17,15.0,15.0,67.378308,0.0,0.0,0.0,30.0,0.0,0.0,-23.8275,24.36,20.6
2987,747,31.18,15.0,15.0,65.820861,0.0,0.0,0.0,30.0,0.0,0.0,-54.0,24.36,20.6
2988,747,24.9,15.0,15.0,64.263415,0.0,0.0,0.0,30.0,0.0,0.0,-50.5,24.36,20.6
2989,748,14.51,5.7961783,24.203822,44.078999,18.407643,0.0,-18.407643,11.592357,0.0,0.0,63.19,24.36,20.6
2990,748,13.34,5.7961783,24.203822,23.894584,18.407643,0.0,-18.407643,11.592357,0.0,0.0,59.7475,24.36,20.6
2991,748,26.15,5.7961783,24.203822,3.7101685,18.407643,0.0,-18.407643,11.592357,0.0,0.0,-51.5,24.36,20.6
2992,748,61.7,15.769554,14.230446,3.7101685,0.0,1.5391085,1.5391085,11.592357,0.0,0.0,5.094999999999999,24.36,20.6
2993,749,83.2,24.01914,5.9808595,20.405927,0.0,18.038281,18.038281,11.961719,0.0,0.0,74.68,24.36,20.6
2994,749,97.34,24.01914,5.9808595,37.101685,0.0,18.038281,18.038281,11.961719,0.0,0.0,66.6175,24.36,20.6
2995,749,118.16,24.01914,5.9808595,53.797444,0.0,18.038281,18.038281,11.961719,0.0,0.0,50.334999999999994,24.36,20.6
2996,749,131.89,24.01914,5.9808595,70.493202,0.0,18.038281,18.038281,11.961719,0.0,148.19,75.735,24.36,20.6
2997,750,106.29,15.769554,14.230446,70.493202,0.0,1.5391085,1.5391085,0.0,28.460892,93.34,0.0,26.5,29.44
2998,750,93.26,15.769554,14.230446,70.493202,0.0,1.5391085,1.5391085,0.0,28.460892,116.60333333333334,70.07,26.5,29.44
2999,750,87.62,15.769554,14.230446,70.493202,0.0,1.5391085,1.5391085,0.0,28.460892,93.265,74.57,26.5,29.44
3000,750,97.86,15.769554,14.230446,70.493202,0.0,1.5391085,1.5391085,0.0,28.460892,86.62,0.0,26.5,29.44
3001,751,93.47,15.769554,14.230446,70.493202,0.0,1.5391085,1.5391085,0.0,28.460892,72.69,0.0,28.64,38.28
3002,751,90.54,15.769554,14.230446,70.493202,0.0,1.5391085,1.5391085,0.0,28.460892,78.43,0.0,28.64,38.28
3003,751,88.67,15.769554,14.230446,70.493202,0.0,1.5391085,1.5391085,0.0,28.460892,0.0,72.67,28.64,38.28
3004,751,85.1,15.769554,14.230446,70.493202,0.0,1.5391085,1.5391085,0.0,28.460892,0.0,48.93,28.64,38.28
3005,752,85.5,15.0,15.0,68.935755,0.0,0.0,0.0,0.0,30.0,0.0,44.65,28.64,38.28
3006,752,80.29,15.0,15.0,67.378308,0.0,0.0,0.0,0.0,30.0,0.0,45.685,28.64,38.28
3007,752,74.1,15.0,15.0,65.820861,0.0,0.0,0.0,0.0,30.0,0.0,-1.5099999999999998,28.64,38.28
3008,752,49.89,15.0,15.0,64.263415,0.0,0.0,0.0,0.0,30.0,8.135000000000002,18.07333333333333,28.64,38.28
3009,753,26.21,15.0,15.0,62.705968,0.0,0.0,0.0,0.0,30.0,111.55333333333333,-34.66666666666667,28.64,38.28
3010,753,8.85,15.0,15.0,61.148521,0.0,0.0,0.0,0.0,30.0,0.0,11.6725,28.64,38.28
3011,753,0.44,15.0,15.0,59.591074,30.0,30.0,0.0,0.0,30.0,0.0,-39.08,28.64,38.28
3012,753,0.0,15.0,15.0,58.033627,0.0,0.0,0.0,0.0,30.0,0.0,-50.575,28.64,38.28
3013,754,-0.04,9.4438536,20.556146,45.231486,30.0,18.887707,-11.112293000000001,0.0,18.887707,0.0,-36.1475,28.64,38.28
3014,754,-0.97,9.4438536,20.556146,32.429345,11.112293,0.0,-11.112293,0.0,18.887707,0.3,55.69,28.64,38.28
3015,754,-0.1,9.4438536,20.556146,19.627203,30.0,18.887707,-11.112293000000001,0.0,18.887707,0.0,-42.9675,28.64,38.28
3016,754,0.0,9.4438536,20.556146,6.8250621,11.112293,0.0,-11.112293,0.0,18.887707,82.22,-19.237499999999997,28.64,38.28
3017,755,32.0,14.230446,15.769554,3.7101685,1.5391085,0.0,-1.5391085,0.0,28.460892,45.269999999999996,-130.99333333333328,28.64,38.28
3018,755,92.56,15.769554,14.230446,3.7101685,0.0,1.5391085,1.5391085,0.0,28.460892,82.01,41.99,28.64,38.28
3019,755,102.26,15.769554,14.230446,3.7101685,0.0,1.5391085,1.5391085,0.0,28.460892,0.0,72.32,28.64,38.28
3020,755,121.13,15.769554,14.230446,3.7101685,28.460892,30.0,1.5391079999999988,0.0,28.460892,85.49666666666667,75.395,28.64,38.28
3021,756,115.5,16.539108,13.460892,5.2676153,0.0,3.078217,3.078217,0.0,26.921783,80.69,74.35,24.759999999999998,26.28
3022,756,106.5,16.539108,13.460892,6.8250621,0.0,3.078217,3.078217,0.0,26.921783,0.0,69.925,24.759999999999998,26.28
3023,756,93.5,16.539108,13.460892,8.3825089,0.0,3.078217,3.078217,0.0,26.921783,127.035,68.69,24.759999999999998,26.28
3024,756,82.86,16.539108,13.460892,9.9399558,0.0,3.078217,3.078217,0.0,26.921783,92.69,65.7475,24.759999999999998,26.28
3025,757,82.7,15.0,15.0,8.3825089,0.0,0.0,0.0,30.0,0.0,0.0,64.34,20.88,14.28
3026,757,84.18,15.0,15.0,6.8250621,0.0,0.0,0.0,30.0,0.0,67.2625,0.0,20.88,14.28
3027,757,83.47,15.0,15.0,5.2676153,0.0,0.0,0.0,30.0,0.0,81.555,0.0,20.88,14.28
3028,757,82.43,15.0,15.0,3.7101685,0.0,0.0,0.0,30.0,0.0,86.865,0.0,20.88,14.28
3029,758,87.51,17.308663,12.691337,6.8250621,0.0,4.6173255,4.6173255,25.382675,0.0,0.0,67.95,20.88,14.28
3030,758,113.12,17.308663,12.691337,9.9399558,0.0,4.6173255,4.6173255,25.382675,0.0,81.895,60.7975,20.88,14.28
3031,758,132.09,17.308663,12.691337,13.054849,0.0,4.6173255,4.6173255,25.382675,0.0,0.0,64.97,20.88,14.28
3032,758,101.54,17.308663,12.691337,16.169743,0.0,4.6173255,4.6173255,25.382675,0.0,0.0,51.4025,20.88,14.28
3033,759,89.19,15.0,15.0,14.612296,0.0,0.0,0.0,30.0,0.0,0.0,18.985,20.88,14.28
3034,759,81.0,15.0,15.0,13.054849,0.0,0.0,0.0,30.0,0.0,0.0,-14.275000000000006,20.88,14.28
3035,759,72.02,15.0,15.0,11.497403,0.0,0.0,0.0,30.0,0.0,0.0,49.58,20.88,14.28
3036,759,68.51,15.0,15.0,9.9399558,30.0,30.0,0.0,30.0,0.0,0.0,18.97,20.88,14.28
3037,760,72.79,15.0,15.0,8.3825089,0.0,0.0,0.0,30.0,0.0,0.0,37.46,20.88,14.28
3038,760,76.8,15.0,15.0,6.8250621,0.0,0.0,0.0,30.0,0.0,0.0,42.71,20.88,14.28
3039,760,84.78,15.0,15.0,5.2676153,0.0,0.0,0.0,30.0,0.0,82.855,42.71,20.88,14.28
3040,760,80.33,15.0,15.0,3.7101685,0.0,0.0,0.0,30.0,0.0,38.745,45.8525,20.88,14.28
3041,761,98.0,24.01914,5.9808595,20.405927,0.0,18.038281,18.038281,11.961719,0.0,577.58,46.9,20.88,14.28
3042,761,114.2,24.01914,5.9808595,37.101685,0.0,18.038281,18.038281,11.961719,0.0,234.12,46.9,20.88,14.28
3043,761,137.17,24.01914,5.9808595,53.797444,0.0,18.038281,18.038281,11.961719,0.0,108.54,46.9,20.88,14.28
3044,761,137.95,24.01914,5.9808595,70.493202,0.0,18.038281,18.038281,11.961719,0.0,1.33,46.9,20.88,14.28
3045,762,109.34,15.0,15.0,68.935755,0.0,0.0,0.0,30.0,0.0,106.475,46.9,20.86,13.399999999999999
3046,762,94.58,15.0,15.0,67.378308,0.0,0.0,0.0,30.0,0.0,63.807500000000005,46.9,20.86,13.399999999999999
3047,762,84.42,15.0,15.0,65.820861,0.0,0.0,0.0,30.0,0.0,93.41499999999999,46.9,20.86,13.399999999999999
3048,762,81.73,15.0,15.0,64.263415,0.0,0.0,0.0,30.0,0.0,81.765,59.0,20.86,13.399999999999999
3049,763,79.37,15.0,15.0,62.705968,0.0,0.0,0.0,30.0,0.0,0.0,69.87,20.84,12.52
3050,763,77.31,15.0,15.0,61.148521,0.0,0.0,0.0,30.0,0.0,63.9375,69.27,20.84,12.52
3051,763,81.46,15.0,15.0,59.591074,0.0,0.0,0.0,30.0,0.0,81.97999999999999,73.94,20.84,12.52
3052,763,81.73,15.0,15.0,58.033627,0.0,0.0,0.0,30.0,0.0,0.0,68.94,20.84,12.52
3053,764,80.44,10.382675,19.617325,47.1315,9.234651,0.0,-9.234651,20.765349,0.0,51.285,63.94,20.84,12.52
3054,764,95.99,19.617325,10.382675,54.918734,0.0,9.234651,9.234651,20.765349,0.0,0.0,66.79333333333332,20.84,12.52
3055,764,118.21,19.617325,10.382675,62.705968,20.765349,30.0,9.234651,20.765349,0.0,0.0,50.4875,20.84,12.52
3056,764,112.66,19.617325,10.382675,70.493202,20.765349,30.0,9.234651,20.765349,0.0,0.0,40.0075,20.84,12.52
3057,765,91.75,15.0,15.0,68.935755,0.0,0.0,0.0,30.0,0.0,0.0,-1.2599999999999998,20.84,12.52
3058,765,84.0,15.0,15.0,67.378308,0.0,0.0,0.0,30.0,0.0,0.0,-77.9,20.84,12.52
3059,765,75.39,15.0,15.0,65.820861,0.0,0.0,0.0,30.0,0.0,85.43,-26.049999999999994,20.84,12.52
3060,765,56.91,15.0,15.0,64.263415,0.0,0.0,0.0,30.0,0.0,0.0,-17.5,20.84,12.52
3061,766,51.75,8.2895223,21.710478,49.125103,13.420955,0.0,-13.420955,16.579045,0.0,61.71000000000001,48.465,20.84,12.52
3062,766,47.89,8.2895223,21.710478,33.986792,13.420955,0.0,-13.420955,16.579045,0.0,0.0,24.3825,20.84,12.52
3063,766,48.81,8.2895223,21.710478,18.84848,13.420955,0.0,-13.420955,16.579045,0.0,0.0,16.164999999999992,20.84,12.52
3064,766,75.6,8.2895223,21.710478,3.7101685,13.420955,0.0,-13.420955,16.579045,0.0,0.0,3.0249999999999986,20.84,12.52
3065,767,83.93,15.769554,14.230446,3.7101685,0.0,1.5391085,1.5391085,6.4619949,0.0,0.0,34.935,20.84,12.52
3066,767,99.85,26.769003,3.2309975,25.97118,0.0,23.538005,23.538005,6.4619949,0.0,94.08,71.9975,20.84,12.52
3067,767,120.61,26.769003,3.2309975,48.232191,0.0,23.538005,23.538005,6.4619949,0.0,50.36750000000001,0.0,20.84,12.52
3068,767,138.01,26.769003,3.2309975,70.493202,0.0,23.538005,23.538005,6.4619949,0.0,81.925,0.0,20.84,12.52
3069,768,122.04,15.0,15.0,68.935755,0.0,0.0,0.0,30.0,0.0,83.51,63.31,20.9,11.06
3070,768,101.7,15.0,15.0,67.378308,0.0,0.0,0.0,30.0,0.0,98.685,74.0175,20.9,11.06
3071,768,83.01,15.0,15.0,65.820861,0.0,0.0,0.0,30.0,0.0,64.80250000000001,73.73,20.9,11.06
3072,768,89.85,15.0,15.0,64.263415,0.0,0.0,0.0,30.0,0.0,78.9625,0.0,20.9,11.06
3073,769,87.41,15.0,15.0,62.705968,0.0,0.0,0.0,30.0,0.0,51.1825,0.0,20.96,9.6
3074,769,87.31,15.0,15.0,61.148521,0.0,0.0,0.0,30.0,0.0,90.655,0.0,20.96,9.6
3075,769,85.64,15.0,15.0,59.591074,0.0,0.0,0.0,30.0,0.0,87.67,52.644999999999996,20.96,9.6
3076,769,80.17,15.0,15.0,58.033627,0.0,0.0,0.0,30.0,0.0,0.0,55.825,20.96,9.6
3077,770,80.0,10.382675,19.617325,47.1315,9.234651,0.0,-9.234651,20.765349,0.0,0.0,66.61,20.96,9.6
3078,770,108.68,19.617325,10.382675,54.918734,0.0,9.234651,9.234651,20.765349,0.0,102.915,71.16,20.96,9.6
3079,770,121.3,19.617325,10.382675,62.705968,0.0,9.234651,9.234651,20.765349,0.0,140.2475,0.0,20.96,9.6
3080,770,118.47,19.617325,10.382675,70.493202,0.0,9.234651,9.234651,20.765349,0.0,45.449999999999996,62.0,20.96,9.6
3081,771,100.5,15.0,15.0,68.935755,0.0,0.0,0.0,30.0,0.0,85.17,54.11,20.96,9.6
3082,771,93.03,15.0,15.0,67.378308,0.0,0.0,0.0,30.0,0.0,98.7425,54.27,20.96,9.6
3083,771,87.35,15.0,15.0,65.820861,0.0,0.0,0.0,30.0,0.0,56.93,54.17,20.96,9.6
3084,771,66.06,15.0,15.0,64.263415,0.0,0.0,0.0,30.0,0.0,82.67,0.0,20.96,9.6
3085,772,61.93,11.424161,18.575839,55.469079,7.1516771,0.0,-7.1516771,22.848323,0.0,116.11749999999999,0.0,20.96,9.6
3086,772,62.09,11.424161,18.575839,46.674744,30.0,22.848323,-7.151676999999999,22.848323,0.0,85.17,19.425,20.96,9.6
3087,772,59.89,11.424161,18.575839,37.880409,7.1516771,0.0,-7.1516771,22.848323,0.0,33.39666666666667,-13.322499999999998,20.96,9.6
3088,772,68.27,11.424161,18.575839,29.086073,7.1516771,0.0,-7.1516771,22.848323,0.0,143.555,0.0,20.96,9.6
3089,773,79.74,3.2309975,26.769003,3.7101685,23.538005,0.0,-23.538005,6.4619949,0.0,10.57,48.709999999999994,20.96,9.6
3090,773,94.78,26.769003,3.2309975,25.97118,0.0,23.538005,23.538005,6.4619949,0.0,0.0,49.06250000000001,20.96,9.6
3091,773,120.52,26.769003,3.2309975,48.232191,0.0,23.538005,23.538005,6.4619949,0.0,105.52,69.12,20.96,9.6
3092,773,138.38,26.769003,3.2309975,70.493202,0.0,23.538005,23.538005,6.4619949,0.0,84.62,64.17,20.96,9.6
3093,774,122.66,15.769554,14.230446,70.493202,0.0,1.5391085,1.5391085,0.0,28.460892,52.4625,69.38,23.98,29.240000000000002
3094,774,98.4,15.769554,14.230446,70.493202,0.0,1.5391085,1.5391085,0.0,28.460892,0.0,68.1225,23.98,29.240000000000002
3095,774,92.09,15.769554,14.230446,70.493202,0.0,1.5391085,1.5391085,0.0,28.460892,0.0,69.79,23.98,29.240000000000002
3096,774,87.6,15.769554,14.230446,70.493202,0.0,1.5391085,1.5391085,0.0,28.460892,92.9875,64.41,23.98,29.240000000000002
3097,775,88.06,15.0,15.0,68.935755,0.0,0.0,0.0,0.0,30.0,0.0,67.77000000000001,27.0,48.88
3098,775,85.0,15.0,15.0,67.378308,0.0,0.0,0.0,0.0,30.0,8.58,70.89,27.0,48.88
3099,775,81.61,15.0,15.0,65.820861,0.0,0.0,0.0,0.0,30.0,8.44,71.7,27.0,48.88
3100,775,75.51,15.0,15.0,64.263415,0.0,0.0,0.0,0.0,30.0,63.845000000000006,0.0,27.0,48.88
3101,776,76.56,15.0,15.0,62.705968,0.0,0.0,0.0,0.0,30.0,46.155,0.0,27.0,48.88
3102,776,84.0,15.0,15.0,61.148521,0.0,0.0,0.0,0.0,30.0,47.095,0.0,27.0,48.88
3103,776,84.6,15.0,15.0,59.591074,0.0,0.0,0.0,0.0,30.0,48.36,-283.40000000000003,27.0,48.88
3104,776,61.64,15.0,15.0,58.033627,0.0,0.0,0.0,0.0,30.0,0.0,-20.715000000000003,27.0,48.88
3105,777,23.47,15.0,15.0,56.476181,0.0,0.0,0.0,0.0,30.0,0.0,-2.737499999999997,27.0,48.88
3106,777,5.31,15.0,15.0,54.918734,30.0,30.0,0.0,0.0,30.0,0.0,6.950000000000003,27.0,48.88
3107,777,-0.3,15.0,15.0,53.361287,30.0,30.0,0.0,0.0,30.0,0.0,-33.6575,27.0,48.88
3108,777,-0.65,15.0,15.0,51.80384,0.0,0.0,0.0,0.0,30.0,0.0,37.722500000000004,27.0,48.88
3109,778,-1.14,10.598185,19.401815,41.337869,30.0,21.19637,-8.803629999999998,0.0,21.19637,0.0,22.5325,27.0,48.88
3110,778,-1.8,10.598185,19.401815,30.871898,30.0,21.19637,-8.803629999999998,0.0,21.19637,0.0,-10.204999999999998,27.0,48.88
3111,778,-0.69,10.598185,19.401815,20.405927,30.0,21.19637,-8.803629999999998,0.0,21.19637,0.0,41.96666666666667,27.0,48.88
3112,778,0.91,10.598185,19.401815,9.9399558,30.0,21.19637,-8.803629999999998,0.0,21.19637,0.0,50.36,27.0,48.88
3113,779,58.34,15.0,15.0,8.3825089,0.0,0.0,0.0,0.0,30.0,0.0,-14.61,27.0,48.88
3114,779,80.0,15.0,15.0,6.8250621,0.0,0.0,0.0,0.0,30.0,0.0,21.36,27.0,48.88
3115,779,96.92,15.0,15.0,5.2676153,0.0,0.0,0.0,0.0,30.0,186.85750000000002,68.15,27.0,48.88
3116,779,120.66,15.0,15.0,3.7101685,0.0,0.0,0.0,0.0,30.0,150.7525,0.0,27.0,48.88
3117,780,114.83,16.539108,13.460892,5.2676153,0.0,3.078217,3.078217,0.0,26.921783,45.6875,0.0,27.0,44.080000000000005
3118,780,92.41,16.539108,13.460892,6.8250621,0.0,3.078217,3.078217,0.0,26.921783,72.245,0.0,27.0,44.080000000000005
3119,780,90.0,16.539108,13.460892,8.3825089,0.0,3.078217,3.078217,0.0,26.921783,50.875,63.59,27.0,44.080000000000005
3120,780,97.89,16.539108,13.460892,9.9399558,0.0,3.078217,3.078217,0.0,26.921783,42.82,63.89666666666666,27.0,44.080000000000005
3121,781,92.09,15.0,15.0,8.3825089,0.0,0.0,0.0,0.0,30.0,0.0,55.4975,27.0,39.28
3122,781,85.79,15.0,15.0,6.8250621,0.0,0.0,0.0,0.0,30.0,0.0,64.8775,27.0,39.28
3123,781,83.0,15.0,15.0,5.2676153,0.0,0.0,0.0,0.0,30.0,0.0,58.865,27.0,39.28
3124,781,82.16,15.0,15.0,3.7101685,0.0,0.0,0.0,0.0,30.0,83.8925,70.63,27.0,39.28
3125,782,89.4,17.308663,12.691337,6.8250621,0.0,4.6173255,4.6173255,0.0,25.382675,121.795,0.0,27.0,39.28
3126,782,98.92,17.308663,12.691337,9.9399558,0.0,4.6173255,4.6173255,0.0,25.382675,64.81,52.355000000000004,27.0,39.28
3127,782,97.48,17.308663,12.691337,13.054849,0.0,4.6173255,4.6173255,0.0,25.382675,81.37,38.18,27.0,39.28
3128,782,95.6,17.308663,12.691337,16.169743,0.0,4.6173255,4.6173255,0.0,25.382675,0.0,39.07,27.0,39.28
3129,783,61.3,15.0,15.0,14.612296,0.0,0.0,0.0,0.0,30.0,0.0,-27.922500000000003,27.0,39.28
3130,783,20.12,15.0,15.0,13.054849,30.0,30.0,0.0,0.0,30.0,0.0,-2.1325000000000003,27.0,39.28
3131,783,2.91,15.0,15.0,11.497403,30.0,30.0,0.0,0.0,30.0,0.0,17.415000000000003,27.0,39.28
3132,783,0.58,15.0,15.0,9.9399558,30.0,30.0,0.0,0.0,30.0,0.0,57.50666666666667,27.0,39.28
3133,784,0.1,15.0,15.0,8.3825089,30.0,30.0,0.0,0.0,30.0,0.0,-27.9225,27.0,39.28
3134,784,0.08,15.0,15.0,6.8250621,30.0,30.0,0.0,0.0,30.0,0.0,-54.0,27.0,39.28
3135,784,18.63,15.0,15.0,5.2676153,30.0,30.0,0.0,0.0,30.0,0.0,-17.512500000000003,27.0,39.28
3136,784,59.71,15.0,15.0,3.7101685,0.0,0.0,0.0,0.0,30.0,87.0,20.029999999999994,27.0,39.28
3137,785,78.5,24.01914,5.9808595,20.405927,0.0,18.038281,18.038281,0.0,11.961719,87.14,46.2275,27.0,39.28
3138,785,93.25,24.01914,5.9808595,37.101685,0.0,18.038281,18.038281,0.0,11.961719,99.28,-90.12499999999999,27.0,39.28
3139,785,111.13,24.01914,5.9808595,53.797444,0.0,18.038281,18.038281,0.0,11.961719,35.373333333333335,52.295,27.0,39.28
3140,785,159.9,24.01914,5.9808595,70.493202,0.0,18.038281,18.038281,0.0,11.961719,93.8425,0.0,27.0,39.28
3141,786,132.31,15.769554,14.230446,70.493202,0.0,1.5391085,1.5391085,0.0,28.460892,83.54666666666667,71.19,27.6,56.89999999999999
3142,786,104.87,15.769554,14.230446,70.493202,0.0,1.5391085,1.5391085,0.0,28.460892,38.046666666666674,72.59,27.6,56.89999999999999
3143,786,90.31,15.769554,14.230446,70.493202,0.0,1.5391085,1.5391085,0.0,28.460892,80.2425,52.44,27.6,56.89999999999999
3144,786,85.99,15.769554,14.230446,70.493202,0.0,1.5391085,1.5391085,0.0,28.460892,94.61,52.987500000000004,27.6,56.89999999999999
3145,787,80.84,15.769554,14.230446,70.493202,0.0,1.5391085,1.5391085,0.0,28.460892,0.0,36.5525,28.2,74.52
3146,787,79.1,15.769554,14.230446,70.493202,0.0,1.5391085,1.5391085,0.0,28.460892,0.0,-93.26499999999999,28.2,74.52
3147,787,82.51,15.769554,14.230446,70.493202,0.0,1.5391085,1.5391085,0.0,28.460892,55.705000000000005,68.96,28.2,74.52
3148,787,79.04,15.769554,14.230446,70.493202,0.0,1.5391085,1.5391085,0.0,28.460892,107.1575,0.0,28.2,74.52
3149,788,79.14,15.0,15.0,68.935755,0.0,0.0,0.0,0.0,30.0,73.675,0.0,28.2,74.52
3150,788,78.0,15.0,15.0,67.378308,0.0,0.0,0.0,0.0,30.0,62.364999999999995,0.0,28.2,74.52
3151,788,68.07,15.0,15.0,65.820861,0.0,0.0,0.0,0.0,30.0,58.56,63.43,28.2,74.52
3152,788,47.66,15.0,15.0,64.263415,0.0,0.0,0.0,0.0,30.0,43.345,29.693333333333335,28.2,74.52
3153,789,6.72,15.0,15.0,62.705968,30.0,30.0,0.0,0.0,30.0,74.31,1.7025000000000006,28.2,74.52
3154,789,0.0,15.0,15.0,61.148521,0.0,0.0,0.0,0.0,30.0,0.0,-26.64,28.2,74.52
3155,789,-11.48,15.0,15.0,59.591074,0.0,0.0,0.0,0.0,30.0,0.0,14.54,28.2,74.52
3156,789,-26.7,15.0,15.0,58.033627,0.0,0.0,0.0,0.0,30.0,0.0,-16.0125,28.2,74.52
3157,790,-65.0,15.0,15.0,56.476181,0.0,0.0,0.0,0.0,30.0,0.0,-391.8,28.2,74.52
3158,790,-50.0,15.0,15.0,54.918734,0.0,0.0,0.0,0.0,30.0,0.0,-82.03,28.2,74.52
3159,790,-25.0,15.0,15.0,53.361287,0.0,0.0,0.0,0.0,30.0,0.0,-18.830000000000002,28.2,74.52
3160,790,-0.42,15.0,15.0,51.80384,30.0,30.0,0.0,0.0,30.0,0.0,2.6274999999999977,28.2,74.52
3161,791,29.76,18.078217,11.921783,56.476181,0.0,6.156434,6.156434,0.0,23.843566,46.58,-226.65333333333336,28.2,74.52
3162,791,69.49,18.078217,11.921783,61.148521,0.0,6.156434,6.156434,0.0,23.843566,116.99000000000001,26.495,28.2,74.52
3163,791,86.02,18.078217,11.921783,65.820861,0.0,6.156434,6.156434,0.0,23.843566,80.0,54.19,28.2,74.52
3164,791,108.0,18.078217,11.921783,70.493202,0.0,6.156434,6.156434,0.0,23.843566,82.4525,0.0,28.2,74.52
3165,792,90.31,0.0,0.0,70.493202,0.0,0.0,0.0,0.0,30.0,124.54250000000002,34.38,31.72,88.88
3166,792,78.28,0.0,0.0,70.493202,0.0,0.0,0.0,0.0,30.0,0.0,45.755,31.72,88.88
3167,792,64.57,0.0,0.0,70.493202,0.0,0.0,0.0,0.0,30.0,41.574999999999996,54.74333333333333,31.72,88.88
3168,792,63.0,0.0,0.0,70.493202,0.0,0.0,0.0,0.0,30.0,52.015,64.69,31.72,88.88
3169,793,51.36,0.0,0.0,70.493202,0.0,0.0,0.0,0.0,30.0,8.33,65.69,35.24,103.24
3170,793,42.72,0.0,0.0,70.493202,0.0,0.0,0.0,0.0,30.0,0.0,60.69,35.24,103.24
3171,793,39.0,0.0,0.0,70.493202,0.0,0.0,0.0,0.0,30.0,57.355,0.0,35.24,103.24
3172,793,43.1,0.0,0.0,70.493202,0.0,0.0,0.0,0.0,30.0,72.88499999999999,0.0,35.24,103.24
3173,794,38.78,0.0,0.0,70.493202,0.0,0.0,0.0,0.0,30.0,76.69,28.656666666666666,35.24,103.24
3174,794,17.61,0.0,0.0,70.493202,0.0,0.0,0.0,0.0,30.0,0.0,-0.6349999999999998,35.24,103.24
3175,794,4.79,0.0,0.0,70.493202,0.0,0.0,0.0,0.0,30.0,37.495,24.894999999999996,35.24,103.24
3176,794,2.35,0.0,0.0,70.493202,0.0,0.0,0.0,0.0,30.0,53.89,-9.403333333333336,35.24,103.24
3177,795,-2.8,0.0,0.0,70.493202,0.0,0.0,0.0,0.0,30.0,30.33,22.9725,35.24,103.24
3178,795,-26.29,0.0,0.0,70.493202,0.0,0.0,0.0,0.0,30.0,0.0,-55.0,35.24,103.24
3179,795,-89.1,0.0,0.0,70.493202,0.0,0.0,0.0,0.0,30.0,0.0,-218.4625,35.24,103.24
3180,795,-165.1,0.0,0.0,70.493202,0.0,0.0,0.0,0.0,30.0,0.0,-342.92499999999995,35.24,103.24
3181,796,-200.0,0.0,20.92535,48.232191,20.92535,0.0,-20.92535,0.0,9.0746496,0.0,-556.9,35.24,103.24
3182,796,-186.72,0.0,20.92535,25.97118,20.92535,0.0,-20.92535,0.0,9.0746496,0.0,-492.8125,35.24,103.24
3183,796,-108.92,0.0,20.92535,3.7101685,20.92535,0.0,-20.92535,0.0,9.0746496,0.0,-130.885,35.24,103.24
3184,796,-30.1,0.0,0.0,3.7101685,0.0,0.0,0.0,0.0,9.0746496,55.95,-29.05250000000001,35.24,103.24
3185,797,-1.05,0.0,0.0,3.7101685,0.0,0.0,0.0,0.0,30.0,57.47,-29.460000000000008,35.24,103.24
3186,797,24.84,0.0,0.0,3.7101685,0.0,0.0,0.0,0.0,30.0,8.39,-36.92,35.24,103.24
3187,797,67.52,0.0,0.0,3.7101685,0.0,0.0,0.0,0.0,30.0,35.193333333333335,-23.46,35.24,103.24
3188,797,83.74,0.0,0.0,3.7101685,0.0,0.0,0.0,0.0,30.0,122.525,0.0,35.24,103.24
3189,798,60.02,0.0,0.0,3.7101685,0.0,0.0,0.0,0.0,30.0,0.0,14.646666666666668,49.8,75.5
3190,798,46.76,0.0,0.0,3.7101685,0.0,0.0,0.0,0.0,30.0,0.0,-29.4,49.8,75.5
3191,798,37.42,0.0,0.0,3.7101685,0.0,0.0,0.0,0.0,30.0,0.0,49.5425,49.8,75.5
3192,798,27.12,0.0,0.0,3.7101685,0.0,0.0,0.0,0.0,30.0,47.045,53.86666666666667,49.8,75.5
3193,799,26.08,0.0,0.0,3.7101685,0.0,0.0,0.0,30.0,0.0,76.13,0.0,64.36,47.76
3194,799,25.84,0.0,0.0,3.7101685,0.0,0.0,0.0,30.0,0.0,0.0,61.69,64.36,47.76
3195,799,24.91,0.0,0.0,3.7101685,0.0,0.0,0.0,30.0,0.0,71.71666666666667,0.0,64.36,47.76
3196,799,27.23,0.0,0.0,3.7101685,0.0,0.0,0.0,30.0,0.0,91.79,46.19,64.36,47.76
3197,800,42.0,17.308663,12.691337,6.8250621,0.0,4.6173255,4.6173255,25.382675,0.0,60.33333333333333,49.334999999999994,64.36,47.76
3198,800,76.92,17.308663,12.691337,9.9399558,0.0,4.6173255,4.6173255,25.382675,0.0,42.21,63.70666666666666,64.36,47.76
3199,800,100.95,17.308663,12.691337,13.054849,0.0,4.6173255,4.6173255,25.382675,0.0,65.17,0.0,64.36,47.76
3200,800,84.19,17.308663,12.691337,16.169743,0.0,4.6173255,4.6173255,25.382675,0.0,12.28,-8.373333333333335,64.36,47.76
3201,801,44.89,15.0,15.0,14.612296,0.0,0.0,0.0,30.0,0.0,0.3,-182.465,64.36,47.76
3202,801,11.1,15.0,15.0,13.054849,0.0,0.0,0.0,30.0,0.0,88.11,-20.77,64.36,47.76
3203,801,-0.35,15.0,15.0,11.497403,30.0,30.0,0.0,30.0,0.0,0.0,-13.302499999999995,64.36,47.76
3204,801,-1.89,15.0,15.0,9.9399558,30.0,30.0,0.0,30.0,0.0,0.0,5.369999999999997,64.36,47.76
3205,802,-1.55,15.0,15.0,8.3825089,30.0,30.0,0.0,30.0,0.0,0.2,28.2,64.36,47.76
3206,802,-1.69,15.0,15.0,6.8250621,30.0,30.0,0.0,30.0,0.0,92.65,18.29666666666666,64.36,47.76
3207,802,-0.1,15.0,15.0,5.2676153,30.0,30.0,0.0,30.0,0.0,45.3575,0.0,64.36,47.76
3208,802,1.09,15.0,15.0,3.7101685,30.0,30.0,0.0,30.0,0.0,89.97,15.14,64.36,47.76
3209,803,66.63,24.01914,5.9808595,20.405927,0.0,18.038281,18.038281,11.961719,0.0,76.79333333333332,3.450000000000003,64.36,47.76
3210,803,96.73,24.01914,5.9808595,37.101685,0.0,18.038281,18.038281,11.961719,0.0,61.08,0.0,64.36,47.76
3211,803,153.78,24.01914,5.9808595,53.797444,0.0,18.038281,18.038281,11.961719,0.0,200.8375,70.93,64.36,47.76
3212,803,149.39,24.01914,5.9808595,70.493202,0.0,18.038281,18.038281,11.961719,0.0,111.995,0.0,64.36,47.76
3213,804,100.0,15.0,15.0,68.935755,30.0,30.0,0.0,30.0,0.0,51.155,0.0,64.97999999999999,49.22
3214,804,84.41,15.0,15.0,67.378308,0.0,0.0,0.0,30.0,0.0,75.7625,36.95,64.97999999999999,49.22
3215,804,60.1,15.0,15.0,65.820861,0.0,0.0,0.0,30.0,0.0,103.43,29.3,64.97999999999999,49.22
3216,804,63.6,15.0,15.0,64.263415,0.0,0.0,0.0,30.0,0.0,102.63750000000002,0.0,64.97999999999999,49.22
3217,805,55.3,15.0,15.0,62.705968,0.0,0.0,0.0,30.0,0.0,101.69,0.0,65.6,50.68
3218,805,45.0,15.0,15.0,61.148521,0.0,0.0,0.0,30.0,0.0,0.0,-66.98,65.6,50.68
3219,805,42.65,15.0,15.0,59.591074,0.0,0.0,0.0,30.0,0.0,0.0,44.0425,65.6,50.68
3220,805,37.6,15.0,15.0,58.033627,0.0,0.0,0.0,30.0,0.0,0.0,-16.510000000000005,65.6,50.68
3221,806,46.6,15.0,15.0,56.476181,0.0,0.0,0.0,30.0,0.0,0.0,-7.8,65.6,50.68
3222,806,75.68,15.0,15.0,54.918734,0.0,0.0,0.0,30.0,0.0,107.64,-10.579999999999998,65.6,50.68
3223,806,72.37,15.0,15.0,53.361287,0.0,0.0,0.0,30.0,0.0,88.67999999999999,0.0,65.6,50.68
3224,806,46.15,15.0,15.0,51.80384,0.0,0.0,0.0,30.0,0.0,27.294999999999998,0.0,65.6,50.68
3225,807,5.78,15.0,15.0,50.246393,0.0,0.0,0.0,30.0,0.0,7.715,-20.54,65.6,50.68
3226,807,-2.47,15.0,15.0,48.688947,0.0,0.0,0.0,30.0,0.0,96.19,-22.450000000000003,65.6,50.68
3227,807,-20.06,15.0,15.0,47.1315,0.0,0.0,0.0,30.0,0.0,0.0,-42.0225,65.6,50.68
3228,807,-50.01,15.0,15.0,45.574053,0.0,0.0,0.0,30.0,0.0,80.69,-120.83249999999998,65.6,50.68
3229,808,-70.0,11.367739,18.632261,36.665529,7.2645215,0.0,-7.2645215,22.735479,0.0,0.0,-43.485,65.6,50.68
3230,808,-57.02,11.367739,18.632261,27.757004,7.2645215,0.0,-7.2645215,22.735479,0.0,59.54666666666667,19.69,65.6,50.68
3231,808,-35.0,11.367739,18.632261,18.84848,7.2645215,0.0,-7.2645215,22.735479,0.0,57.2125,46.9,65.6,50.68
3232,808,-2.5,11.367739,18.632261,9.9399558,7.2645215,0.0,-7.2645215,22.735479,0.0,64.905,21.752499999999998,65.6,50.68
3233,809,0.76,15.0,15.0,8.3825089,0.0,0.0,0.0,30.0,0.0,24.0625,-297.40999999999997,65.6,50.68
3234,809,64.95,15.0,15.0,6.8250621,0.0,0.0,0.0,30.0,0.0,0.0,-89.66,65.6,50.68
3235,809,96.45,15.0,15.0,5.2676153,0.0,0.0,0.0,30.0,0.0,9.43,17.1175,65.6,50.68
3236,809,112.0,15.0,15.0,3.7101685,0.0,0.0,0.0,30.0,0.0,40.345,-100.0,65.6,50.68
3237,810,100.1,19.617325,10.382675,11.497403,0.0,9.234651,9.234651,20.765349,0.0,57.405,-700.0,68.67999999999999,45.239999999999995
3238,810,89.23,19.617325,10.382675,19.284637,0.0,9.234651,9.234651,20.765349,0.0,30.97,71.12,68.67999999999999,45.239999999999995
3239,810,100.0,19.617325,10.382675,27.071871,0.0,9.234651,9.234651,20.765349,0.0,18.0375,0.0,68.67999999999999,45.239999999999995
3240,810,109.89,19.617325,10.382675,34.859105,0.0,9.234651,9.234651,20.765349,0.0,69.77000000000001,63.27,68.67999999999999,45.239999999999995
3241,811,85.3,15.0,15.0,33.301658,0.0,0.0,0.0,30.0,0.0,0.0,64.52,71.76,39.8
3242,811,82.1,15.0,15.0,31.744211,0.0,0.0,0.0,30.0,0.0,34.4875,65.99,71.76,39.8
3243,811,74.0,15.0,15.0,30.186764,0.0,0.0,0.0,30.0,0.0,57.0125,0.0,71.76,39.8
3244,811,83.0,15.0,15.0,28.629317,0.0,0.0,0.0,30.0,0.0,84.5525,0.0,71.76,39.8
3245,812,81.1,15.0,15.0,27.071871,0.0,0.0,0.0,30.0,0.0,83.69,67.8275,71.76,39.8
3246,812,77.8,15.0,15.0,25.514424,0.0,0.0,0.0,30.0,0.0,0.0,22.69,71.76,39.8
3247,812,80.03,15.0,15.0,23.956977,0.0,0.0,0.0,30.0,0.0,32.99,0.0,71.76,39.8
3248,812,75.6,15.0,15.0,22.39953,0.0,0.0,0.0,30.0,0.0,79.69,-43.7,71.76,39.8
3249,813,43.52,15.0,15.0,20.842083,0.0,0.0,0.0,30.0,0.0,0.0,-17.0,71.76,39.8
3250,813,8.6,15.0,15.0,19.284637,0.0,0.0,0.0,30.0,0.0,142.15,-10.0,71.76,39.8
3251,813,5.92,15.0,15.0,17.72719,0.0,0.0,0.0,30.0,0.0,27.252499999999998,-10.0,71.76,39.8
3252,813,0.0,15.0,15.0,16.169743,0.0,0.0,0.0,30.0,0.0,89.1325,-40.0,71.76,39.8
3253,814,-1.31,15.0,15.0,14.612296,30.0,30.0,0.0,30.0,0.0,54.96,-54.4125,71.76,39.8
3254,814,-0.95,15.0,15.0,13.054849,30.0,30.0,0.0,30.0,0.0,107.5,-1.0,71.76,39.8
3255,814,3.34,15.0,15.0,11.497403,0.0,0.0,0.0,30.0,0.0,72.4725,0.0,71.76,39.8
3256,814,10.0,15.0,15.0,9.9399558,0.0,0.0,0.0,30.0,0.0,63.317499999999995,-14.19,71.76,39.8
3257,815,101.91,15.0,15.0,8.3825089,0.0,0.0,0.0,30.0,0.0,113.33500000000001,0.0,71.76,39.8
3258,815,87.8,15.0,15.0,6.8250621,30.0,30.0,0.0,30.0,0.0,54.36666666666667,-117.19666666666666,71.76,39.8
3259,815,111.0,15.0,15.0,5.2676153,0.0,0.0,0.0,30.0,0.0,53.74,0.0,71.76,39.8
3260,815,115.86,15.0,15.0,3.7101685,0.0,0.0,0.0,30.0,0.0,282.92499999999995,0.0,71.76,39.8
3261,816,100.0,16.539108,13.460892,5.2676153,0.0,3.078217,3.078217,26.921783,0.0,8.17,45.7025,59.28,36.0
3262,816,97.3,16.539108,13.460892,6.8250621,0.0,3.078217,3.078217,26.921783,0.0,0.0,-11.587500000000002,59.28,36.0
3263,816,93.4,16.539108,13.460892,8.3825089,0.0,3.078217,3.078217,26.921783,0.0,0.0,0.29749999999999943,59.28,36.0
3264,816,98.0,16.539108,13.460892,9.9399558,0.0,3.078217,3.078217,26.921783,0.0,79.19,25.826666666666668,59.28,36.0
3265,817,85.6,15.0,15.0,8.3825089,0.0,0.0,0.0,30.0,0.0,63.3925,51.3,46.8,32.2
3266,817,71.2,15.0,15.0,6.8250621,0.0,0.0,0.0,30.0,0.0,0.0,38.0125,46.8,32.2
3267,817,69.75,15.0,15.0,5.2676153,0.0,0.0,0.0,30.0,0.0,0.0,23.46,46.8,32.2
3268,817,64.0,15.0,15.0,3.7101685,0.0,0.0,0.0,30.0,0.0,0.0,32.2975,46.8,32.2
3269,818,75.0,17.308663,12.691337,6.8250621,0.0,4.6173255,4.6173255,25.382675,0.0,0.0,59.6125,46.8,32.2
3270,818,81.06,17.308663,12.691337,9.9399558,0.0,4.6173255,4.6173255,25.382675,0.0,31.23,46.69,46.8,32.2
3271,818,87.21,17.308663,12.691337,13.054849,0.0,4.6173255,4.6173255,25.382675,0.0,79.44749999999999,0.0,46.8,32.2
3272,818,111.94,17.308663,12.691337,16.169743,0.0,4.6173255,4.6173255,25.382675,0.0,80.02,44.78666666666666,46.8,32.2
3273,819,80.34,15.0,15.0,14.612296,0.0,0.0,0.0,30.0,0.0,48.375,-31.225,46.8,32.2
3274,819,43.92,15.0,15.0,13.054849,0.0,0.0,0.0,30.0,0.0,317.77,-34.7875,46.8,32.2
3275,819,16.0,15.0,15.0,11.497403,0.0,0.0,0.0,30.0,0.0,29.546666666666667,-367.1875,46.8,32.2
3276,819,4.89,15.0,15.0,9.9399558,0.0,0.0,0.0,30.0,0.0,0.0,-566.9,46.8,32.2
3277,820,0.44,15.0,15.0,8.3825089,30.0,30.0,0.0,30.0,0.0,0.0,-548.9275,46.8,32.2
3278,820,1.38,15.0,15.0,6.8250621,0.0,0.0,0.0,30.0,0.0,0.0,-385.71999999999997,46.8,32.2
3279,820,2.24,15.0,15.0,5.2676153,0.0,0.0,0.0,30.0,0.0,50.22,-833.9300000000001,46.8,32.2
3280,820,61.0,15.0,15.0,3.7101685,0.0,0.0,0.0,30.0,0.0,35.00750000000001,69.35,46.8,32.2
3281,821,100.0,17.308663,12.691337,6.8250621,0.0,4.6173255,4.6173255,25.382675,0.0,149.28,0.0,46.8,32.2
3282,821,100.0,17.308663,12.691337,9.9399558,0.0,4.6173255,4.6173255,25.382675,0.0,83.89999999999999,0.0,46.8,32.2
3283,821,104.0,17.308663,12.691337,13.054849,0.0,4.6173255,4.6173255,25.382675,0.0,87.51,46.67,46.8,32.2
3284,821,119.0,17.308663,12.691337,16.169743,0.0,4.6173255,4.6173255,25.382675,0.0,28.83,0.0,46.8,32.2
3285,822,99.73,15.0,15.0,14.612296,0.0,0.0,0.0,30.0,0.0,171.29749999999999,0.0,38.66,25.82
3286,822,83.0,15.0,15.0,13.054849,0.0,0.0,0.0,30.0,0.0,58.794999999999995,0.0,38.66,25.82
3287,822,74.52,15.0,15.0,11.497403,0.0,0.0,0.0,30.0,0.0,94.8225,0.0,38.66,25.82
3288,822,100.0,15.0,15.0,9.9399558,0.0,0.0,0.0,30.0,0.0,213.43,0.0,38.66,25.82
3289,823,92.54,15.0,15.0,8.3825089,0.0,0.0,0.0,30.0,0.0,85.105,0.0,30.52,19.44
3290,823,90.1,15.0,15.0,6.8250621,0.0,0.0,0.0,30.0,0.0,78.37,60.14,30.52,19.44
3291,823,81.38,15.0,15.0,5.2676153,0.0,0.0,0.0,30.0,0.0,0.0,56.2625,30.52,19.44
3292,823,80.0,15.0,15.0,3.7101685,0.0,0.0,0.0,30.0,0.0,0.0,63.07,30.52,19.44
3293,824,90.1,17.308663,12.691337,6.8250621,0.0,4.6173255,4.6173255,25.382675,0.0,0.0,66.64,30.52,19.44
3294,824,89.64,17.308663,12.691337,9.9399558,0.0,4.6173255,4.6173255,25.382675,0.0,0.0,57.97,30.52,19.44
3295,824,99.26,17.308663,12.691337,13.054849,0.0,4.6173255,4.6173255,25.382675,0.0,80.7225,0.0,30.52,19.44
3296,824,97.64,17.308663,12.691337,16.169743,0.0,4.6173255,4.6173255,25.382675,0.0,245.42249999999999,0.0,30.52,19.44
3297,825,106.9,15.0,15.0,14.612296,0.0,0.0,0.0,30.0,0.0,250.73000000000002,48.7,30.52,19.44
3298,825,82.2,15.0,15.0,13.054849,30.0,30.0,0.0,30.0,0.0,0.0,20.307499999999997,30.52,19.44
3299,825,57.0,15.0,15.0,11.497403,0.0,0.0,0.0,30.0,0.0,0.0,1.115000000000002,30.52,19.44
3300,825,37.86,15.0,15.0,9.9399558,0.0,0.0,0.0,30.0,0.0,10.465,-119.125,30.52,19.44
3301,826,34.36,15.0,15.0,8.3825089,0.0,0.0,0.0,30.0,0.0,81.35,-24.666666666666668,30.52,19.44
3302,826,43.73,15.0,15.0,6.8250621,0.0,0.0,0.0,30.0,0.0,177.5925,0.0,30.52,19.44
3303,826,55.0,15.0,15.0,5.2676153,0.0,0.0,0.0,30.0,0.0,8.223333333333333,-16.939999999999998,30.52,19.44
3304,826,85.5,15.0,15.0,3.7101685,0.0,0.0,0.0,30.0,0.0,0.0,64.74333333333333,30.52,19.44
3305,827,87.0,24.01914,5.9808595,20.405927,0.0,18.038281,18.038281,11.961719,0.0,141.67499999999998,0.0,30.52,19.44
3306,827,90.0,24.01914,5.9808595,37.101685,0.0,18.038281,18.038281,11.961719,0.0,76.10499999999999,0.0,30.52,19.44
3307,827,108.0,24.01914,5.9808595,53.797444,0.0,18.038281,18.038281,11.961719,0.0,232.29000000000002,67.16,30.52,19.44
3308,827,112.0,24.01914,5.9808595,70.493202,0.0,18.038281,18.038281,11.961719,0.0,96.97666666666666,44.76,30.52,19.44
3309,828,101.5,15.769554,14.230446,70.493202,0.0,1.5391085,1.5391085,0.0,28.460892,0.0,23.294999999999998,30.759999999999998,42.540000000000006
3310,828,90.0,15.769554,14.230446,70.493202,0.0,1.5391085,1.5391085,0.0,28.460892,106.47,62.76,30.759999999999998,42.540000000000006
3311,828,83.0,15.769554,14.230446,70.493202,0.0,1.5391085,1.5391085,0.0,28.460892,57.49250000000001,0.0,30.759999999999998,42.540000000000006
3312,828,83.66,15.769554,14.230446,70.493202,0.0,1.5391085,1.5391085,0.0,28.460892,90.02,0.0,30.759999999999998,42.540000000000006
3313,829,63.57,15.0,15.0,68.935755,0.0,0.0,0.0,0.0,30.0,81.05,0.0,31.0,65.64
3314,829,69.7,15.0,15.0,67.378308,0.0,0.0,0.0,0.0,30.0,0.0,69.17,31.0,65.64
3315,829,59.34,15.0,15.0,65.820861,0.0,0.0,0.0,0.0,30.0,0.0,66.44,31.0,65.64
3316,829,62.5,15.0,15.0,64.263415,0.0,0.0,0.0,0.0,30.0,47.18,0.0,31.0,65.64
3317,830,64.58,15.0,15.0,62.705968,0.0,0.0,0.0,0.0,30.0,88.54333333333334,67.3,31.0,65.64
3318,830,64.8,15.0,15.0,61.148521,0.0,0.0,0.0,0.0,30.0,0.0,63.39333333333333,31.0,65.64
3319,830,64.31,15.0,15.0,59.591074,0.0,0.0,0.0,0.0,30.0,0.0,71.925,31.0,65.64
3320,830,58.29,15.0,15.0,58.033627,0.0,0.0,0.0,0.0,30.0,222.43,66.97333333333333,31.0,65.64
3321,831,42.69,15.0,15.0,56.476181,0.0,0.0,0.0,0.0,30.0,71.44999999999999,65.725,31.0,65.64
3322,831,9.43,15.0,15.0,54.918734,0.0,0.0,0.0,0.0,30.0,82.69,49.754999999999995,31.0,65.64
3323,831,0.71,15.0,15.0,53.361287,0.0,0.0,0.0,0.0,30.0,0.0,46.0475,31.0,65.64
3324,831,-0.03,15.0,15.0,51.80384,30.0,30.0,0.0,0.0,30.0,26.71,66.07,31.0,65.64
3325,832,-1.29,15.0,15.0,50.246393,30.0,30.0,0.0,0.0,30.0,0.0,58.96666666666666,31.0,65.64
3326,832,-2.79,15.0,15.0,48.688947,0.0,0.0,0.0,0.0,30.0,249.2733333333333,61.07,31.0,65.64
3327,832,-1.92,15.0,15.0,47.1315,30.0,30.0,0.0,0.0,30.0,81.775,51.07,31.0,65.64
3328,832,-0.03,15.0,15.0,45.574053,30.0,30.0,0.0,0.0,30.0,31.106666666666666,23.596666666666664,31.0,65.64
3329,833,42.75,18.847771,11.152229,51.80384,0.0,7.6955425,7.6955425,0.0,22.304458,8.29,81.3075,31.0,65.64
3330,833,70.0,18.847771,11.152229,58.033627,0.0,7.6955425,7.6955425,0.0,22.304458,0.0,49.975,31.0,65.64
3331,833,102.33,18.847771,11.152229,64.263415,0.0,7.6955425,7.6955425,0.0,22.304458,174.69,85.83500000000001,31.0,65.64
3332,833,124.11,18.847771,11.152229,70.493202,0.0,7.6955425,7.6955425,0.0,22.304458,76.90666666666667,78.785,31.0,65.64
3333,834,113.88,0.0,0.0,70.493202,0.0,0.0,0.0,0.0,30.0,132.01,67.3075,38.260000000000005,105.34
3334,834,95.4,0.0,0.0,70.493202,0.0,0.0,0.0,0.0,30.0,62.285,72.675,38.260000000000005,105.34
3335,834,86.6,0.0,0.0,70.493202,0.0,0.0,0.0,0.0,30.0,45.31249999999999,0.0,38.260000000000005,105.34
3336,834,94.89,0.0,0.0,70.493202,0.0,0.0,0.0,0.0,30.0,82.32499999999999,0.0,38.260000000000005,105.34
3337,835,89.33,15.0,15.0,68.935755,0.0,0.0,0.0,0.0,30.0,82.955,0.0,45.52,145.04
3338,835,90.0,15.0,15.0,67.378308,0.0,0.0,0.0,0.0,30.0,99.8975,0.0,45.52,145.04
3339,835,84.75,15.0,15.0,65.820861,0.0,0.0,0.0,0.0,30.0,91.78999999999999,0.0,45.52,145.04
3340,835,86.95,15.0,15.0,64.263415,0.0,0.0,0.0,0.0,30.0,88.0075,73.45,45.52,145.04
3341,836,80.76,15.0,15.0,62.705968,0.0,0.0,0.0,0.0,30.0,85.85,66.38,45.52,145.04
3342,836,75.36,15.0,15.0,61.148521,0.0,0.0,0.0,0.0,30.0,112.40333333333334,62.03,45.52,145.04
3343,836,68.37,15.0,15.0,59.591074,0.0,0.0,0.0,0.0,30.0,45.345,60.4825,45.52,145.04
3344,836,49.89,15.0,15.0,58.033627,0.0,0.0,0.0,0.0,30.0,67.34333333333333,62.17,45.52,145.04
3345,837,5.82,15.0,15.0,56.476181,0.0,0.0,0.0,0.0,30.0,42.17,60.58,45.52,145.04
3346,837,-4.31,15.0,15.0,54.918734,0.0,0.0,0.0,0.0,30.0,0.0,38.2425,45.52,145.04
3347,837,-50.0,15.0,15.0,53.361287,0.0,0.0,0.0,0.0,30.0,0.0,-3.227499999999999,45.52,145.04
3348,837,-64.07,15.0,15.0,51.80384,0.0,0.0,0.0,0.0,30.0,0.0,-7.049999999999999,45.52,145.04
3349,838,-80.0,15.0,15.0,50.246393,0.0,0.0,0.0,0.0,30.0,54.986666666666665,28.6,45.52,145.04
3350,838,-70.0,15.0,15.0,48.688947,0.0,0.0,0.0,0.0,30.0,76.34,22.03,45.52,145.04
3351,838,-49.9,15.0,15.0,47.1315,0.0,0.0,0.0,0.0,30.0,0.0,9.205,45.52,145.04
3352,838,-13.6,0.0,0.0,47.1315,0.0,0.0,0.0,0.0,30.0,117.48,43.79,45.52,145.04
3353,839,-0.09,15.0,15.0,45.574053,0.0,0.0,0.0,0.0,30.0,92.0375,0.0,45.52,145.04
3354,839,59.42,15.0,15.0,44.016606,0.0,0.0,0.0,0.0,30.0,163.69,61.364999999999995,45.52,145.04
3355,839,83.4,15.0,15.0,42.459159,0.0,0.0,0.0,0.0,30.0,0.0,31.945,45.52,145.04
3356,839,106.32,15.0,15.0,40.901712,0.0,0.0,0.0,0.0,30.0,30.225,74.69,45.52,145.04
3357,840,114.76,15.0,15.0,39.344266,0.0,0.0,0.0,0.0,30.0,101.085,73.57,55.64,140.5
3358,840,91.02,15.0,15.0,37.786819,0.0,0.0,0.0,0.0,30.0,83.62,74.69,55.64,140.5
3359,840,83.05,15.0,15.0,36.229372,0.0,0.0,0.0,0.0,30.0,87.17750000000001,73.69,55.64,140.5
3360,840,82.75,15.0,15.0,34.671925,0.0,0.0,0.0,0.0,30.0,128.035,0.0,55.64,140.5
3361,841,71.05,15.0,15.0,33.114478,0.0,0.0,0.0,0.0,30.0,86.005,0.0,65.76,135.96
3362,841,78.05,15.0,15.0,31.557032,0.0,0.0,0.0,0.0,30.0,87.9825,0.0,65.76,135.96
3363,841,71.85,15.0,15.0,29.999585,0.0,0.0,0.0,0.0,30.0,73.22,0.0,65.76,135.96
3364,841,73.5,15.0,15.0,28.442138,0.0,0.0,0.0,0.0,30.0,77.86500000000001,0.0,65.76,135.96
3365,842,81.32,15.0,15.0,26.884691,0.0,0.0,0.0,0.0,30.0,77.83500000000001,0.0,65.76,135.96
3366,842,93.33,15.0,15.0,25.327244,0.0,0.0,0.0,0.0,30.0,27.215000000000003,72.17,65.76,135.96
3367,842,94.71,15.0,15.0,23.769798,0.0,0.0,0.0,0.0,30.0,87.4625,0.0,65.76,135.96
3368,842,66.99,15.0,15.0,22.212351,0.0,0.0,0.0,0.0,30.0,110.69750000000002,0.0,65.76,135.96
3369,843,31.64,15.0,15.0,20.654904,0.0,0.0,0.0,0.0,30.0,98.07249999999999,0.0,65.76,135.96
3370,843,12.56,15.0,15.0,19.097457,0.0,0.0,0.0,0.0,30.0,83.68500000000002,0.0,65.76,135.96
3371,843,6.16,15.0,15.0,17.54001,0.0,0.0,0.0,0.0,30.0,84.8325,0.0,65.76,135.96
3372,843,2.19,15.0,15.0,15.982564,0.0,0.0,0.0,0.0,30.0,0.0,2.9266666666666765,65.76,135.96
3373,844,0.13,15.0,15.0,14.425117,30.0,30.0,0.0,0.0,30.0,0.0,-28.1,65.76,135.96
3374,844,-0.18,15.0,15.0,12.86767,0.0,0.0,0.0,0.0,30.0,0.0,64.75,65.76,135.96
3375,844,-0.11,15.0,15.0,11.310223,0.0,0.0,0.0,0.0,30.0,81.54,67.25,65.76,135.96
3376,844,4.87,15.0,15.0,9.7527763,0.0,0.0,0.0,0.0,30.0,146.17000000000002,67.25,65.76,135.96
3377,845,55.34,15.0,15.0,8.1953295,0.0,0.0,0.0,0.0,30.0,34.917500000000004,0.0,65.76,135.96
3378,845,78.94,15.0,15.0,6.6378827,0.0,0.0,0.0,0.0,30.0,80.9875,49.48,65.76,135.96
3379,845,105.96,13.197247,13.197247,5.2676153,0.0,0.0,0.0,0.0,30.0,0.0,9.369999999999997,65.76,135.96
3380,845,125.76,15.0,15.0,3.7101685,0.0,0.0,0.0,0.0,30.0,0.0,53.635,65.76,135.96
3381,846,116.78,15.769554,14.230446,3.7101685,0.0,1.5391085,1.5391085,0.0,28.460892,0.0,58.7325,53.720000000000006,84.44000000000001
3382,846,96.63,15.769554,14.230446,3.7101685,0.0,1.5391085,1.5391085,0.0,28.460892,0.0,57.8825,53.720000000000006,84.44000000000001
3383,846,79.86,15.769554,14.230446,3.7101685,0.0,1.5391085,1.5391085,0.0,28.460892,86.02666666666667,67.47,53.720000000000006,84.44000000000001
3384,846,89.42,15.769554,14.230446,3.7101685,0.0,1.5391085,1.5391085,0.0,28.460892,92.84,55.85,53.720000000000006,84.44000000000001
3385,847,83.82,15.769554,14.230446,3.7101685,0.0,1.5391085,1.5391085,28.460892,0.0,0.0,34.2425,41.68,32.92
3386,847,77.46,15.769554,14.230446,3.7101685,0.0,1.5391085,1.5391085,28.460892,0.0,0.0,60.435,41.68,32.92
3387,847,77.06,15.769554,14.230446,3.7101685,0.0,1.5391085,1.5391085,28.460892,0.0,84.44,65.05,41.68,32.92
3388,847,78.0,15.769554,14.230446,3.7101685,0.0,1.5391085,1.5391085,28.460892,0.0,0.0,51.9475,41.68,32.92
3389,848,86.6,18.078217,11.921783,8.3825089,0.0,6.156434,6.156434,23.843566,0.0,12.24,29.285,41.68,32.92
3390,848,111.32,18.078217,11.921783,13.054849,0.0,6.156434,6.156434,23.843566,0.0,0.0,55.2975,41.68,32.92
3391,848,117.09,18.078217,11.921783,17.72719,0.0,6.156434,6.156434,23.843566,0.0,0.0,35.21,41.68,32.92
3392,848,96.39,18.078217,11.921783,22.39953,0.0,6.156434,6.156434,23.843566,0.0,82.57,-24.715,41.68,32.92
3393,849,76.24,15.0,15.0,20.842083,0.0,0.0,0.0,30.0,0.0,42.9925,-54.0,41.68,32.92
3394,849,61.6,15.0,15.0,19.284637,0.0,0.0,0.0,30.0,0.0,47.355000000000004,-52.0,41.68,32.92
3395,849,49.26,15.0,15.0,17.72719,30.0,30.0,0.0,30.0,0.0,0.0,23.21,41.68,32.92
3396,849,27.41,15.0,15.0,16.169743,30.0,30.0,0.0,30.0,0.0,11.7,59.84,41.68,32.92
3397,850,29.16,15.0,15.0,14.612296,0.0,0.0,0.0,30.0,0.0,53.8975,63.48,41.68,32.92
3398,850,33.21,15.0,15.0,13.054849,0.0,0.0,0.0,30.0,0.0,30.854999999999997,8.116666666666674,41.68,32.92
3399,850,60.78,15.0,15.0,11.497403,0.0,0.0,0.0,30.0,0.0,71.145,0.0,41.68,32.92
3400,850,69.12,15.0,15.0,9.9399558,0.0,0.0,0.0,30.0,0.0,7.010000000000001,-16.25,41.68,32.92
3401,851,80.1,15.0,15.0,8.3825089,0.0,0.0,0.0,30.0,0.0,89.39,0.0,41.68,32.92
3402,851,107.9,15.0,15.0,6.8250621,0.0,0.0,0.0,30.0,0.0,110.53,24.457500000000003,41.68,32.92
3403,851,115.99,15.0,15.0,5.2676153,0.0,0.0,0.0,30.0,0.0,0.0,71.08666666666667,41.68,32.92
3404,851,106.94,15.0,15.0,3.7101685,0.0,0.0,0.0,30.0,0.0,7.91,77.14,41.68,32.92
3405,852,105.84,24.01914,5.9808595,20.405927,0.0,18.038281,18.038281,11.961719,0.0,91.78,73.09,40.120000000000005,30.5
3406,852,101.4,24.01914,5.9808595,37.101685,0.0,18.038281,18.038281,11.961719,0.0,44.935,52.43333333333334,40.120000000000005,30.5
3407,852,108.0,24.01914,5.9808595,53.797444,0.0,18.038281,18.038281,11.961719,0.0,27.41,61.03333333333333,40.120000000000005,30.5
3408,852,105.24,24.01914,5.9808595,70.493202,0.0,18.038281,18.038281,11.961719,0.0,136.9025,75.88,40.120000000000005,30.5
3409,853,93.22,15.0,15.0,68.935755,0.0,0.0,0.0,30.0,0.0,28.572500000000005,50.06,38.56,28.08
3410,853,75.0,15.0,15.0,67.378308,0.0,0.0,0.0,30.0,0.0,164.05999999999995,0.0,38.56,28.08
3411,853,68.0,15.0,15.0,65.820861,0.0,0.0,0.0,30.0,0.0,144.80499999999995,0.0,38.56,28.08
3412,853,70.21,15.0,15.0,64.263415,30.0,30.0,0.0,30.0,0.0,82.89500000000001,50.06,38.56,28.08
3413,854,69.92,16.539108,13.460892,65.820861,0.0,3.078217,3.078217,26.921783,0.0,0.89,55.6225,38.56,28.08
3414,854,85.24,16.539108,13.460892,67.378308,0.0,3.078217,3.078217,26.921783,0.0,49.224999999999994,66.87,38.56,28.08
3415,854,95.95,16.539108,13.460892,68.935755,26.921783,30.0,3.0782169999999986,26.921783,0.0,0.0,42.6775,38.56,28.08
3416,854,90.0,16.539108,13.460892,70.493202,0.0,3.078217,3.078217,26.921783,0.0,8.85,16.145,38.56,28.08
3417,855,74.88,15.0,15.0,68.935755,0.0,0.0,0.0,30.0,0.0,69.61749999999999,74.38,38.56,28.08
3418,855,63.35,15.0,15.0,67.378308,30.0,30.0,0.0,30.0,0.0,357.96250000000003,0.0,38.56,28.08
3419,855,60.72,15.0,15.0,65.820861,0.0,0.0,0.0,30.0,0.0,493.1025,-6.9,38.56,28.08
3420,855,-6.5,15.0,15.0,64.263415,0.0,0.0,0.0,30.0,0.0,117.57749999999999,-49.919999999999995,38.56,28.08
3421,856,-10.01,8.2895223,21.710478,49.125103,13.420955,0.0,-13.420955,16.579045,0.0,16.805,0.0,38.56,28.08
3422,856,-4.79,8.2895223,21.710478,33.986792,13.420955,0.0,-13.420955,16.579045,0.0,25.8575,-10.0,38.56,28.08
3423,856,0.0,8.2895223,21.710478,18.84848,13.420955,0.0,-13.420955,16.579045,0.0,110.8025,-32.2075,38.56,28.08
3424,856,14.34,8.2895223,21.710478,3.7101685,13.420955,0.0,-13.420955,16.579045,0.0,81.5075,0.0,38.56,28.08
3425,857,72.31,19.617325,10.382675,11.497403,0.0,9.234651,9.234651,20.765349,0.0,23.66,41.7,38.56,28.08
3426,857,92.16,19.617325,10.382675,19.284637,0.0,9.234651,9.234651,20.765349,0.0,7.68,62.78,38.56,28.08
3427,857,99.9,19.617325,10.382675,27.071871,0.0,9.234651,9.234651,20.765349,0.0,7.68,67.9875,38.56,28.08
3428,857,136.52,19.617325,10.382675,34.859105,0.0,9.234651,9.234651,20.765349,0.0,81.4325,30.689999999999998,38.56,28.08
3429,858,117.34,15.0,15.0,33.301658,0.0,0.0,0.0,30.0,0.0,263.6275,0.0,37.7,25.979999999999997
3430,858,99.69,15.0,15.0,31.744211,0.0,0.0,0.0,30.0,0.0,199.33499999999998,0.0,37.7,25.979999999999997
3431,858,87.74,15.0,15.0,30.186764,0.0,0.0,0.0,30.0,0.0,29.44,60.913333333333334,37.7,25.979999999999997
3432,858,75.34,15.0,15.0,28.629317,0.0,0.0,0.0,30.0,0.0,13.95,-5.310000000000002,37.7,25.979999999999997
3433,859,72.07,15.0,15.0,27.071871,0.0,0.0,0.0,30.0,0.0,0.0,-9.225,36.84,23.88
3434,859,66.47,15.0,15.0,25.514424,0.0,0.0,0.0,30.0,0.0,8.556666666666667,28.953333333333326,36.84,23.88
3435,859,69.31,15.0,15.0,23.956977,0.0,0.0,0.0,30.0,0.0,0.0,55.455,36.84,23.88
3436,859,68.91,15.0,15.0,22.39953,0.0,0.0,0.0,30.0,0.0,0.0,73.5225,36.84,23.88
3437,860,74.98,15.0,15.0,20.842083,0.0,0.0,0.0,30.0,0.0,101.25,73.96,36.84,23.88
3438,860,94.32,15.0,15.0,19.284637,0.0,0.0,0.0,30.0,0.0,54.192499999999995,0.0,36.84,23.88
3439,860,111.01,15.0,15.0,17.72719,0.0,0.0,0.0,30.0,0.0,87.9675,0.0,36.84,23.88
3440,860,95.92,15.0,15.0,16.169743,0.0,0.0,0.0,30.0,0.0,46.215,0.0,36.84,23.88
3441,861,75.15,15.0,15.0,14.612296,0.0,0.0,0.0,30.0,0.0,8.99,21.54333333333333,36.84,23.88
3442,861,71.03,15.0,15.0,13.054849,0.0,0.0,0.0,30.0,0.0,82.05499999999999,0.0,36.84,23.88
3443,861,61.02,15.0,15.0,11.497403,0.0,0.0,0.0,30.0,0.0,231.1375,0.0,36.84,23.88
3444,861,50.0,15.0,15.0,9.9399558,0.0,0.0,0.0,30.0,0.0,33.906666666666666,-16.14,36.84,23.88
3445,862,43.9,15.0,15.0,8.3825089,0.0,0.0,0.0,30.0,0.0,0.0,-6.775000000000002,36.84,23.88
3446,862,53.31,15.0,15.0,6.8250621,0.0,0.0,0.0,30.0,0.0,29.7975,68.95,36.84,23.88
3447,862,62.62,15.0,15.0,5.2676153,0.0,0.0,0.0,30.0,0.0,34.583333333333336,-47.825,36.84,23.88
3448,862,75.61,15.0,15.0,3.7101685,0.0,0.0,0.0,30.0,0.0,34.629999999999995,-153.6575,36.84,23.88
3449,863,88.29,15.769554,14.230446,3.7101685,0.0,1.5391085,1.5391085,28.460892,0.0,167.89333333333335,-7.792500000000004,36.84,23.88
3450,863,102.51,15.769554,14.230446,3.7101685,0.0,1.5391085,1.5391085,28.460892,0.0,223.47000000000003,77.29,36.84,23.88
3451,863,130.0,15.769554,14.230446,3.7101685,0.0,1.5391085,1.5391085,28.460892,0.0,127.22,75.04,36.84,23.88
3452,863,165.41,15.769554,14.230446,3.7101685,0.0,1.5391085,1.5391085,28.460892,0.0,70.12,0.0,36.84,23.88
3453,864,147.54,24.01914,5.9808595,20.405927,0.0,18.038281,18.038281,11.961719,0.0,42.4775,0.0,31.240000000000002,18.02
3454,864,123.54,24.01914,5.9808595,37.101685,0.0,18.038281,18.038281,11.961719,0.0,62.557500000000005,0.0,31.240000000000002,18.02
3455,864,103.37,24.01914,5.9808595,53.797444,0.0,18.038281,18.038281,11.961719,0.0,49.167500000000004,74.97,31.240000000000002,18.02
3456,864,101.43,24.01914,5.9808595,70.493202,0.0,18.038281,18.038281,11.961719,0.0,86.145,68.86,31.240000000000002,18.02
3457,865,92.73,15.0,15.0,68.935755,0.0,0.0,0.0,30.0,0.0,86.15666666666667,78.33,25.64,12.16
3458,865,88.86,15.0,15.0,67.378308,0.0,0.0,0.0,30.0,0.0,86.105,74.02333333333333,25.64,12.16
3459,865,89.44,15.0,15.0,65.820861,0.0,0.0,0.0,30.0,0.0,116.78,0.0,25.64,12.16
3460,865,94.31,15.0,15.0,64.263415,0.0,0.0,0.0,30.0,0.0,61.63666666666667,78.63499999999999,25.64,12.16
3461,866,100.77,15.0,15.0,62.705968,0.0,0.0,0.0,30.0,0.0,132.11,56.493333333333325,25.64,12.16
3462,866,119.32,15.0,15.0,61.148521,0.0,0.0,0.0,30.0,0.0,0.0,65.67,25.64,12.16
3463,866,117.43,15.0,15.0,59.591074,0.0,0.0,0.0,30.0,0.0,89.9,62.8,25.64,12.16
3464,866,110.78,15.0,15.0,58.033627,0.0,0.0,0.0,30.0,0.0,73.94749999999999,66.43,25.64,12.16
3465,867,102.0,15.0,15.0,56.476181,0.0,0.0,0.0,30.0,0.0,131.2025,26.39,25.64,12.16
3466,867,91.28,15.0,15.0,54.918734,0.0,0.0,0.0,30.0,0.0,0.88,72.285,25.64,12.16
3467,867,84.14,15.0,15.0,53.361287,0.0,0.0,0.0,30.0,0.0,162.85750000000002,0.0,25.64,12.16
3468,867,83.22,15.0,15.0,51.80384,0.0,0.0,0.0,30.0,0.0,99.055,0.0,25.64,12.16
3469,868,81.39,15.0,15.0,50.246393,0.0,0.0,0.0,30.0,0.0,52.2675,0.0,25.64,12.16
3470,868,81.23,15.0,15.0,48.688947,0.0,0.0,0.0,30.0,0.0,96.36,70.2825,25.64,12.16
3471,868,83.38,15.0,15.0,47.1315,0.0,0.0,0.0,30.0,0.0,136.5366666666667,59.185,25.64,12.16
3472,868,84.0,15.0,15.0,45.574053,0.0,0.0,0.0,30.0,0.0,73.67999999999999,50.57,25.64,12.16
3473,869,96.0,18.847771,11.152229,51.80384,0.0,7.6955425,7.6955425,22.304458,0.0,67.93666666666667,52.52,25.64,12.16
3474,869,107.8,18.847771,11.152229,58.033627,0.0,7.6955425,7.6955425,22.304458,0.0,62.51,55.81,25.64,12.16
3475,869,123.38,18.847771,11.152229,64.263415,0.0,7.6955425,7.6955425,22.304458,0.0,40.46,0.0,25.64,12.16
3476,869,120.86,18.847771,11.152229,70.493202,0.0,7.6955425,7.6955425,22.304458,0.0,0.0,0.0,25.64,12.16
3477,870,115.83,15.769554,14.230446,70.493202,0.0,1.5391085,1.5391085,28.460892,0.0,0.0,74.49333333333333,39.339999999999996,23.58
3478,870,109.67,15.769554,14.230446,70.493202,0.0,1.5391085,1.5391085,28.460892,0.0,9.97,72.3,39.339999999999996,23.58
3479,870,99.84,15.769554,14.230446,70.493202,0.0,1.5391085,1.5391085,28.460892,0.0,72.10666666666667,68.89333333333333,39.339999999999996,23.58
3480,870,94.88,15.769554,14.230446,70.493202,0.0,1.5391085,1.5391085,28.460892,0.0,420.26250000000005,0.0,39.339999999999996,23.58
3481,871,90.87,15.0,15.0,68.935755,0.0,0.0,0.0,30.0,0.0,150.185,0.0,53.04,35.0
3482,871,90.21,15.0,15.0,67.378308,0.0,0.0,0.0,30.0,0.0,109.34,0.0,53.04,35.0
3483,871,89.38,15.0,15.0,65.820861,0.0,0.0,0.0,30.0,0.0,138.21,52.9925,53.04,35.0
3484,871,89.29,15.0,15.0,64.263415,0.0,0.0,0.0,30.0,0.0,0.0,52.135,53.04,35.0
3485,872,90.0,15.0,15.0,62.705968,0.0,0.0,0.0,30.0,0.0,40.31333333333333,-11.402499999999996,53.04,35.0
3486,872,90.68,15.0,15.0,61.148521,30.0,30.0,0.0,30.0,0.0,90.53,63.99,53.04,35.0
3487,872,82.69,15.0,15.0,59.591074,0.0,0.0,0.0,30.0,0.0,82.14,56.486666666666665,53.04,35.0
3488,872,82.12,15.0,15.0,58.033627,0.0,0.0,0.0,30.0,0.0,0.0,-47.682500000000005,53.04,35.0
3489,873,87.4,15.0,15.0,56.476181,0.0,0.0,0.0,30.0,0.0,0.0,60.214999999999996,53.04,35.0
3490,873,54.23,15.0,15.0,54.918734,30.0,30.0,0.0,30.0,0.0,89.06,51.927499999999995,53.04,35.0
3491,873,9.34,15.0,15.0,53.361287,30.0,30.0,0.0,30.0,0.0,87.1,59.31666666666667,53.04,35.0
3492,873,3.24,15.0,15.0,51.80384,30.0,30.0,0.0,30.0,0.0,82.05000000000001,0.0,53.04,35.0
3493,874,0.04,10.598185,19.401815,41.337869,30.0,21.19637,-8.803629999999998,21.19637,0.0,437.53499999999997,10.370000000000001,53.04,35.0
3494,874,0.0,10.598185,19.401815,30.871898,8.80363,0.0,-8.80363,21.19637,0.0,0.0,30.474999999999994,53.04,35.0
3495,874,0.02,10.598185,19.401815,20.405927,30.0,21.19637,-8.803629999999998,21.19637,0.0,0.0,16.126666666666665,53.04,35.0
3496,874,12.87,10.598185,19.401815,9.9399558,30.0,21.19637,-8.803629999999998,21.19637,0.0,46.29,56.32666666666667,53.04,35.0
3497,875,65.22,15.0,15.0,8.3825089,0.0,0.0,0.0,30.0,0.0,0.0,-1.4525000000000006,53.04,35.0
3498,875,86.08,15.0,15.0,6.8250621,0.0,0.0,0.0,30.0,0.0,274.48,7.725000000000001,53.04,35.0
3499,875,105.0,15.0,15.0,5.2676153,0.0,0.0,0.0,30.0,0.0,112.195,55.42,53.04,35.0
3500,875,124.36,15.0,15.0,3.7101685,30.0,30.0,0.0,30.0,0.0,109.9225,0.0,53.04,35.0
3501,876,134.79,24.01914,5.9808595,20.405927,0.0,18.038281,18.038281,11.961719,0.0,90.8225,0.0,53.3,44.18
3502,876,113.32,24.01914,5.9808595,37.101685,0.0,18.038281,18.038281,11.961719,0.0,89.63,51.62,53.3,44.18
3503,876,103.23,24.01914,5.9808595,53.797444,0.0,18.038281,18.038281,11.961719,0.0,0.0,54.735,53.3,44.18
3504,876,117.12,24.01914,5.9808595,70.493202,0.0,18.038281,18.038281,11.961719,0.0,116.94,0.0,53.3,44.18
3505,877,99.2,15.0,15.0,68.935755,0.0,0.0,0.0,0.0,30.0,94.46333333333332,59.125,53.56,53.36
3506,877,94.05,15.0,15.0,67.378308,0.0,0.0,0.0,0.0,30.0,0.0,71.2825,53.56,53.36
3507,877,90.1,15.0,15.0,65.820861,0.0,0.0,0.0,0.0,30.0,0.0,20.795,53.56,53.36
3508,877,92.15,15.0,15.0,64.263415,0.0,0.0,0.0,0.0,30.0,0.0,-2.1475,53.56,53.36
3509,878,90.02,15.0,15.0,62.705968,30.0,30.0,0.0,30.0,0.0,0.0,8.719999999999999,53.56,53.36
3510,878,82.07,15.0,15.0,61.148521,0.0,0.0,0.0,30.0,0.0,0.0,-60.8875,53.56,53.36
3511,878,71.9,15.0,15.0,59.591074,0.0,0.0,0.0,30.0,0.0,10.313333333333334,-222.005,53.56,53.36
3512,878,13.25,15.0,15.0,58.033627,0.0,0.0,0.0,30.0,0.0,0.0,-46.5,53.56,53.36
3513,879,0.02,15.0,15.0,56.476181,30.0,30.0,0.0,0.0,30.0,0.0,-66.4075,53.56,53.36
3514,879,0.0,15.0,15.0,54.918734,0.0,0.0,0.0,0.0,30.0,0.0,32.635,53.56,53.36
3515,879,-0.09,15.0,15.0,53.361287,30.0,30.0,0.0,0.0,30.0,38.9775,58.96,53.56,53.36
3516,879,-2.12,15.0,15.0,51.80384,0.0,0.0,0.0,0.0,30.0,9.32,18.810000000000002,53.56,53.36
3517,880,-10.66,12.137294,17.862706,44.452763,5.725413,0.0,-5.725413,0.0,24.274587,0.3,4.282499999999999,53.56,53.36
3518,880,-23.89,12.137294,17.862706,37.101685,5.725413,0.0,-5.725413,0.0,24.274587,90.79666666666667,-31.8675,53.56,53.36
3519,880,-9.91,12.137294,17.862706,29.750608,5.725413,0.0,-5.725413,0.0,24.274587,68.34,54.195,53.56,53.36
3520,880,-0.6,12.137294,17.862706,22.39953,30.0,24.274587,-5.725413,0.0,24.274587,82.11333333333333,-32.10249999999999,53.56,53.36
3521,881,55.33,15.0,15.0,20.842083,0.0,0.0,0.0,30.0,0.0,80.4975,-171.98,53.56,53.36
3522,881,91.17,15.0,15.0,19.284637,0.0,0.0,0.0,30.0,0.0,182.44,0.0,53.56,53.36
3523,881,100.91,15.0,15.0,17.72719,0.0,0.0,0.0,30.0,0.0,100.725,-12.45,53.56,53.36
3524,881,113.49,15.0,15.0,16.169743,0.0,0.0,0.0,30.0,0.0,0.0,8.356666666666666,53.56,53.36
3525,882,108.96,15.0,15.0,14.612296,0.0,0.0,0.0,30.0,0.0,155.71,63.78,48.44,35.839999999999996
3526,882,98.41,15.0,15.0,13.054849,0.0,0.0,0.0,30.0,0.0,0.0,24.453333333333333,48.44,35.839999999999996
3527,882,87.5,15.0,15.0,11.497403,0.0,0.0,0.0,30.0,0.0,96.295,34.00333333333333,48.44,35.839999999999996
3528,882,70.29,15.0,15.0,9.9399558,0.0,0.0,0.0,30.0,0.0,86.14333333333333,-21.080000000000013,48.44,35.839999999999996
3529,883,68.96,15.0,15.0,8.3825089,0.0,0.0,0.0,30.0,0.0,111.00333333333334,58.01,43.32,18.32
3530,883,67.9,15.0,15.0,6.8250621,0.0,0.0,0.0,30.0,0.0,9.45,-12.887500000000001,43.32,18.32
3531,883,67.87,15.0,15.0,5.2676153,0.0,0.0,0.0,30.0,0.0,0.0,32.29249999999999,43.32,18.32
3532,883,70.3,15.0,15.0,3.7101685,0.0,0.0,0.0,30.0,0.0,0.0,53.955,43.32,18.32
3533,884,76.3,17.308663,12.691337,6.8250621,0.0,4.6173255,4.6173255,25.382675,0.0,0.0,12.655000000000001,43.32,18.32
3534,884,97.14,17.308663,12.691337,9.9399558,0.0,4.6173255,4.6173255,25.382675,0.0,52.325,63.84,43.32,18.32
3535,884,110.56,17.308663,12.691337,13.054849,0.0,4.6173255,4.6173255,25.382675,0.0,93.06,41.34,43.32,18.32
3536,884,105.03,17.308663,12.691337,16.169743,0.0,4.6173255,4.6173255,25.382675,0.0,0.0,-8.650000000000002,43.32,18.32
3537,885,91.76,15.0,15.0,14.612296,0.0,0.0,0.0,30.0,0.0,0.0,-42.565,43.32,18.32
3538,885,80.0,15.0,15.0,13.054849,0.0,0.0,0.0,30.0,0.0,0.0,-37.56,43.32,18.32
3539,885,77.3,15.0,15.0,11.497403,0.0,0.0,0.0,30.0,0.0,58.096666666666664,-64.695,43.32,18.32
3540,885,70.11,15.0,15.0,9.9399558,0.0,0.0,0.0,30.0,0.0,84.7225,-3.5450000000000017,43.32,18.32
3541,886,66.75,15.0,15.0,8.3825089,0.0,0.0,0.0,30.0,0.0,69.88,58.84,43.32,18.32
3542,886,64.97,15.0,15.0,6.8250621,0.0,0.0,0.0,30.0,0.0,0.0,21.347500000000004,43.32,18.32
3543,886,68.01,15.0,15.0,5.2676153,0.0,0.0,0.0,30.0,0.0,84.13,33.129999999999995,43.32,18.32
3544,886,72.49,15.0,15.0,3.7101685,0.0,0.0,0.0,30.0,0.0,50.8875,-54.0,43.32,18.32
3545,887,90.8,24.01914,5.9808595,20.405927,0.0,18.038281,18.038281,11.961719,0.0,93.77,78.5675,43.32,18.32
3546,887,106.29,24.01914,5.9808595,37.101685,0.0,18.038281,18.038281,11.961719,0.0,94.275,0.0,43.32,18.32
3547,887,130.44,24.01914,5.9808595,53.797444,0.0,18.038281,18.038281,11.961719,0.0,151.7675,0.0,43.32,18.32
3548,887,154.62,24.01914,5.9808595,70.493202,0.0,18.038281,18.038281,11.961719,0.0,9.0,0.0,43.32,18.32
3549,888,141.27,15.769554,14.230446,70.493202,0.0,1.5391085,1.5391085,28.460892,0.0,73.98750000000001,0.0,40.260000000000005,18.68
3550,888,114.64,15.769554,14.230446,70.493202,0.0,1.5391085,1.5391085,28.460892,0.0,82.86,0.0,40.260000000000005,18.68
3551,888,97.46,15.769554,14.230446,70.493202,0.0,1.5391085,1.5391085,28.460892,0.0,118.5325,70.565,40.260000000000005,18.68
3552,888,93.27,15.769554,14.230446,70.493202,0.0,1.5391085,1.5391085,28.460892,0.0,187.565,68.12666666666667,40.260000000000005,18.68
3553,889,94.0,15.0,15.0,68.935755,0.0,0.0,0.0,30.0,0.0,103.9925,-168.18666666666667,37.2,19.04
3554,889,87.64,15.0,15.0,67.378308,0.0,0.0,0.0,30.0,0.0,95.90333333333334,60.325,37.2,19.04
3555,889,85.22,15.0,15.0,65.820861,0.0,0.0,0.0,30.0,0.0,0.0,50.285000000000004,37.2,19.04
3556,889,83.96,15.0,15.0,64.263415,0.0,0.0,0.0,30.0,0.0,0.0,56.6025,37.2,19.04
3557,890,88.4,15.0,15.0,62.705968,0.0,0.0,0.0,30.0,0.0,0.0,66.47,37.2,19.04
3558,890,99.0,15.0,15.0,61.148521,0.0,0.0,0.0,30.0,0.0,0.0,67.5525,37.2,19.04
3559,890,105.24,15.0,15.0,59.591074,0.0,0.0,0.0,30.0,0.0,98.75,1.7299999999999969,37.2,19.04
3560,890,92.61,15.0,15.0,58.033627,0.0,0.0,0.0,30.0,0.0,46.364999999999995,72.88,37.2,19.04
3561,891,77.48,15.0,15.0,56.476181,0.0,0.0,0.0,30.0,0.0,73.65,50.425,37.2,19.04
3562,891,65.5,15.0,15.0,54.918734,0.0,0.0,0.0,30.0,0.0,8.69,-26.839999999999996,37.2,19.04
3563,891,58.2,15.0,15.0,53.361287,0.0,0.0,0.0,30.0,0.0,95.71,-83.3,37.2,19.04
3564,891,51.33,15.0,15.0,51.80384,0.0,0.0,0.0,30.0,0.0,98.21,-47.0,37.2,19.04
3565,892,46.44,15.0,15.0,50.246393,0.0,0.0,0.0,30.0,0.0,0.0,-196.065,37.2,19.04
3566,892,46.53,15.0,15.0,48.688947,30.0,30.0,0.0,30.0,0.0,78.08666666666667,-317.955,37.2,19.04
3567,892,54.94,15.0,15.0,47.1315,0.0,0.0,0.0,30.0,0.0,121.62,68.13,37.2,19.04
3568,892,60.89,15.0,15.0,45.574053,0.0,0.0,0.0,30.0,0.0,54.355,17.085,37.2,19.04
3569,893,73.07,18.847771,11.152229,51.80384,0.0,7.6955425,7.6955425,22.304458,0.0,112.46000000000001,-95.0025,37.2,19.04
3570,893,87.49,18.847771,11.152229,58.033627,0.0,7.6955425,7.6955425,22.304458,0.0,113.825,77.65,37.2,19.04
3571,893,117.65,18.847771,11.152229,64.263415,0.0,7.6955425,7.6955425,22.304458,0.0,116.84,71.53,37.2,19.04
3572,893,130.03,18.847771,11.152229,70.493202,0.0,7.6955425,7.6955425,22.304458,0.0,0.0,44.0475,37.2,19.04
3573,894,106.67,15.0,15.0,68.935755,0.0,0.0,0.0,30.0,0.0,99.76,73.76666666666667,43.54,29.12
3574,894,89.76,15.0,15.0,67.378308,0.0,0.0,0.0,30.0,0.0,150.39249999999998,27.190000000000005,43.54,29.12
3575,894,79.56,15.0,15.0,65.820861,0.0,0.0,0.0,30.0,0.0,0.0,46.565,43.54,29.12
3576,894,68.1,15.0,15.0,64.263415,0.0,0.0,0.0,30.0,0.0,48.160000000000004,43.556666666666665,43.54,29.12
3577,895,53.1,15.0,15.0,62.705968,0.0,0.0,0.0,30.0,0.0,49.9675,42.69,49.88,39.2
3578,895,49.54,15.0,15.0,61.148521,0.0,0.0,0.0,30.0,0.0,0.0,25.825,49.88,39.2
3579,895,44.2,15.0,15.0,59.591074,0.0,0.0,0.0,30.0,0.0,67.395,55.14,49.88,39.2
3580,895,42.14,15.0,15.0,58.033627,0.0,0.0,0.0,30.0,0.0,81.685,0.0,49.88,39.2
3581,896,41.87,15.0,15.0,56.476181,0.0,0.0,0.0,30.0,0.0,62.59,-6.286666666666669,49.88,39.2
3582,896,59.4,15.0,15.0,54.918734,0.0,0.0,0.0,30.0,0.0,72.5,-23.46,49.88,39.2
3583,896,80.05,15.0,15.0,53.361287,0.0,0.0,0.0,30.0,0.0,8.83,0.0,49.88,39.2
3584,896,85.64,15.0,15.0,51.80384,0.0,0.0,0.0,30.0,0.0,0.0,-11.8275,49.88,39.2
3585,897,64.49,15.0,15.0,50.246393,0.0,0.0,0.0,30.0,0.0,83.73,-26.4625,49.88,39.2
3586,897,49.9,15.0,15.0,48.688947,0.0,0.0,0.0,30.0,0.0,79.65,-132.1775,49.88,39.2
3587,897,41.59,15.0,15.0,47.1315,0.0,0.0,0.0,30.0,0.0,83.73,-16.8375,49.88,39.2
3588,897,35.16,15.0,15.0,45.574053,0.0,0.0,0.0,30.0,0.0,79.98,19.3575,49.88,39.2
3589,898,33.1,15.0,15.0,44.016606,0.0,0.0,0.0,30.0,0.0,115.34333333333333,76.69,49.88,39.2
3590,898,32.21,15.0,15.0,42.459159,0.0,0.0,0.0,30.0,0.0,80.86,-17.519999999999996,49.88,39.2
3591,898,43.2,15.0,15.0,40.901712,0.0,0.0,0.0,30.0,0.0,0.0,19.5975,49.88,39.2
3592,898,63.47,15.0,15.0,39.344266,0.0,0.0,0.0,30.0,0.0,0.0,-3.3699999999999974,49.88,39.2
3593,899,81.77,15.0,15.0,37.786819,0.0,0.0,0.0,30.0,0.0,86.71000000000001,-155.14749999999998,49.88,39.2
3594,899,84.95,15.0,15.0,36.229372,0.0,0.0,0.0,30.0,0.0,0.0,-140.195,49.88,39.2
3595,899,99.0,15.0,15.0,34.671925,0.0,0.0,0.0,30.0,0.0,199.6275,-166.45,49.88,39.2
3596,899,126.92,15.0,15.0,33.114478,0.0,0.0,0.0,30.0,0.0,111.8725,74.69,49.88,39.2
3597,900,133.5,20.38688,9.6131203,42.459159,0.0,10.773759,10.773759,19.226241,0.0,1.005,0.0,47.82,34.96
3598,900,113.3,20.38688,9.6131203,51.80384,0.0,10.773759,10.773759,19.226241,0.0,45.63,74.74,47.82,34.96
3599,900,101.83,20.38688,9.6131203,61.148521,0.0,10.773759,10.773759,19.226241,0.0,132.74,0.0,47.82,34.96
3600,900,98.45,20.38688,9.6131203,70.493202,19.226241,30.0,10.773758999999998,19.226241,0.0,247.1875,0.0,47.82,34.96
3601,901,96.3,15.0,15.0,68.935755,0.0,0.0,0.0,30.0,0.0,93.1675,0.0,45.76,30.72
3602,901,84.03,15.0,15.0,67.378308,0.0,0.0,0.0,30.0,0.0,226.28499999999997,0.0,45.76,30.72
3603,901,89.5,15.0,15.0,65.820861,0.0,0.0,0.0,30.0,0.0,129.8325,0.0,45.76,30.72
3604,901,83.96,15.0,15.0,64.263415,0.0,0.0,0.0,30.0,0.0,9.33,0.0,45.76,30.72
3605,902,88.63,15.0,15.0,62.705968,0.0,0.0,0.0,30.0,0.0,0.0,53.879999999999995,45.76,30.72
3606,902,95.47,15.0,15.0,61.148521,0.0,0.0,0.0,30.0,0.0,83.45,62.215,45.76,30.72
3607,902,96.04,15.0,15.0,59.591074,0.0,0.0,0.0,30.0,0.0,99.72749999999999,0.0,45.76,30.72
3608,902,87.68,15.0,15.0,58.033627,0.0,0.0,0.0,30.0,0.0,332.5,8.666666666666671,45.76,30.72
3609,903,82.78,15.0,15.0,56.476181,0.0,0.0,0.0,30.0,0.0,0.0,-5.8675,45.76,30.72
3610,903,72.3,15.0,15.0,54.918734,0.0,0.0,0.0,30.0,0.0,0.0,6.3125,45.76,30.72
3611,903,67.13,15.0,15.0,53.361287,0.0,0.0,0.0,30.0,0.0,0.0,25.824999999999996,45.76,30.72
3612,903,59.47,15.0,15.0,51.80384,0.0,0.0,0.0,30.0,0.0,244.9025,41.65,45.76,30.72
3613,904,52.2,15.0,15.0,50.246393,0.0,0.0,0.0,30.0,0.0,111.4525,69.15,45.76,30.72
3614,904,52.66,15.0,15.0,48.688947,0.0,0.0,0.0,30.0,0.0,99.015,23.18,45.76,30.72
3615,904,56.53,15.0,15.0,47.1315,0.0,0.0,0.0,30.0,0.0,0.0,13.337500000000006,45.76,30.72
3616,904,69.96,15.0,15.0,45.574053,0.0,0.0,0.0,30.0,0.0,0.0,-54.66,45.76,30.72
3617,905,75.12,15.0,15.0,44.016606,0.0,0.0,0.0,30.0,0.0,0.0,14.717500000000001,45.76,30.72
3618,905,93.9,15.0,15.0,42.459159,0.0,0.0,0.0,30.0,0.0,59.986666666666665,47.38,45.76,30.72
3619,905,116.45,15.0,15.0,40.901712,0.0,0.0,0.0,30.0,0.0,361.805,71.6175,45.76,30.72
3620,905,133.49,15.0,15.0,39.344266,0.0,0.0,0.0,30.0,0.0,74.625,0.0,45.76,30.72
3621,906,124.17,19.617325,10.382675,47.1315,20.765349,30.0,9.234651,20.765349,0.0,97.14500000000001,-3.4200000000000017,43.78,36.78
3622,906,99.3,19.617325,10.382675,54.918734,0.0,9.234651,9.234651,20.765349,0.0,0.0,-7.840000000000003,43.78,36.78
3623,906,90.24,19.617325,10.382675,62.705968,0.0,9.234651,9.234651,20.765349,0.0,67.455,60.72,43.78,36.78
3624,906,92.0,19.617325,10.382675,70.493202,0.0,9.234651,9.234651,20.765349,0.0,93.84,53.71,43.78,36.78
3625,907,78.77,15.0,15.0,68.935755,0.0,0.0,0.0,0.0,30.0,0.0,58.3375,41.8,42.84
3626,907,66.52,15.0,15.0,67.378308,0.0,0.0,0.0,0.0,30.0,0.0,40.980000000000004,41.8,42.84
3627,907,61.7,15.0,15.0,65.820861,0.0,0.0,0.0,0.0,30.0,86.7325,73.28,41.8,42.84
3628,907,62.01,15.0,15.0,64.263415,30.0,30.0,0.0,0.0,30.0,88.16333333333334,68.28,41.8,42.84
3629,908,75.19,16.539108,13.460892,65.820861,0.0,3.078217,3.078217,0.0,26.921783,97.69999999999999,77.28,41.8,42.84
3630,908,88.96,16.539108,13.460892,67.378308,0.0,3.078217,3.078217,0.0,26.921783,97.53666666666668,74.135,41.8,42.84
3631,908,91.51,16.539108,13.460892,68.935755,0.0,3.078217,3.078217,0.0,26.921783,0.0,75.95,41.8,42.84
3632,908,90.65,16.539108,13.460892,70.493202,0.0,3.078217,3.078217,0.0,26.921783,0.0,67.8775,41.8,42.84
3633,909,85.0,15.0,15.0,68.935755,0.0,0.0,0.0,0.0,30.0,155.165,80.69,41.8,42.84
3634,909,77.2,15.0,15.0,67.378308,0.0,0.0,0.0,0.0,30.0,184.35666666666665,8.14,41.8,42.84
3635,909,71.13,15.0,15.0,65.820861,0.0,0.0,0.0,0.0,30.0,0.0,42.8125,41.8,42.84
3636,909,62.66,15.0,15.0,64.263415,0.0,0.0,0.0,0.0,30.0,45.925,52.04,41.8,42.84
3637,910,56.69,15.0,15.0,62.705968,0.0,0.0,0.0,0.0,30.0,0.0,0.13500000000000156,41.8,42.84
3638,910,50.08,15.0,15.0,61.148521,0.0,0.0,0.0,0.0,30.0,0.0,31.6025,41.8,42.84
3639,910,41.84,15.0,15.0,59.591074,0.0,0.0,0.0,0.0,30.0,168.3625,55.63,41.8,42.84
3640,910,41.48,15.0,15.0,58.033627,30.0,30.0,0.0,0.0,30.0,85.73,80.69,41.8,42.84
3641,911,65.1,17.308663,12.691337,61.148521,0.0,4.6173255,4.6173255,0.0,25.382675,75.2425,0.0,41.8,42.84
3642,911,78.0,17.308663,12.691337,64.263415,0.0,4.6173255,4.6173255,0.0,25.382675,69.61,52.295,41.8,42.84
3643,911,90.84,17.308663,12.691337,67.378308,0.0,4.6173255,4.6173255,0.0,25.382675,121.01,0.0,41.8,42.84
3644,911,93.03,17.308663,12.691337,70.493202,0.0,4.6173255,4.6173255,0.0,25.382675,60.46666666666667,77.70666666666666,41.8,42.84
3645,912,83.14,15.769554,14.230446,70.493202,0.0,1.5391085,1.5391085,0.0,28.460892,93.82333333333334,78.85,55.14,61.94000000000001
3646,912,82.42,15.769554,14.230446,70.493202,0.0,1.5391085,1.5391085,0.0,28.460892,95.95,79.3475,55.14,61.94000000000001
3647,912,71.02,15.769554,14.230446,70.493202,0.0,1.5391085,1.5391085,0.0,28.460892,38.95666666666666,77.84,55.14,61.94000000000001
3648,912,67.86,15.769554,14.230446,70.493202,0.0,1.5391085,1.5391085,0.0,28.460892,70.395,0.0,55.14,61.94000000000001
3649,913,67.77,15.0,15.0,68.935755,0.0,0.0,0.0,0.0,30.0,80.7225,0.0,68.48,81.04
3650,913,70.3,15.0,15.0,67.378308,0.0,0.0,0.0,0.0,30.0,72.35499999999999,70.21000000000001,68.48,81.04
3651,913,57.93,0.0,0.0,67.378308,30.0,30.0,0.0,0.0,30.0,83.525,71.09,68.48,81.04
3652,913,63.27,0.0,0.0,67.378308,0.0,0.0,0.0,0.0,30.0,68.98,0.0,68.48,81.04
3653,914,65.62,15.0,15.0,65.820861,0.0,0.0,0.0,0.0,30.0,51.065,55.7,68.48,81.04
3654,914,65.9,15.0,15.0,64.263415,0.0,0.0,0.0,0.0,30.0,8.61,-7.22,68.48,81.04
3655,914,61.64,0.0,0.0,64.263415,30.0,30.0,0.0,0.0,30.0,67.0375,0.0,68.48,81.04
3656,914,60.0,0.0,0.0,64.263415,0.0,0.0,0.0,0.0,30.0,83.235,0.0,68.48,81.04
3657,915,50.85,15.0,15.0,62.705968,0.0,0.0,0.0,30.0,0.0,629.455,0.0,68.48,81.04
3658,915,37.97,15.0,15.0,61.148521,0.0,0.0,0.0,30.0,0.0,606.1074999999998,0.0,68.48,81.04
3659,915,33.74,15.0,15.0,59.591074,0.0,0.0,0.0,30.0,0.0,176.82999999999998,0.0,68.48,81.04
3660,915,17.1,15.0,15.0,58.033627,0.0,0.0,0.0,30.0,0.0,623.595,0.0,68.48,81.04
3661,916,5.96,15.0,15.0,56.476181,30.0,30.0,0.0,30.0,0.0,60.535,0.0,68.48,81.04
3662,916,-0.01,15.0,15.0,54.918734,30.0,30.0,0.0,30.0,0.0,526.0625,0.0,68.48,81.04
3663,916,0.0,15.0,15.0,53.361287,0.0,0.0,0.0,30.0,0.0,251.02249999999998,0.0,68.48,81.04
3664,916,10.32,15.0,15.0,51.80384,30.0,30.0,0.0,30.0,0.0,529.815,0.0,68.48,81.04
3665,917,41.89,15.0,15.0,50.246393,30.0,30.0,0.0,0.0,30.0,945.8974999999999,53.3,68.48,81.04
3666,917,54.0,15.0,15.0,48.688947,0.0,0.0,0.0,0.0,30.0,84.185,11.934999999999995,68.48,81.04
3667,917,64.78,15.0,15.0,47.1315,0.0,0.0,0.0,0.0,30.0,0.0,43.7525,68.48,81.04
3668,917,66.69,15.0,15.0,45.574053,0.0,0.0,0.0,0.0,30.0,72.68,16.2025,68.48,81.04
3669,918,63.26,15.0,15.0,44.016606,30.0,30.0,0.0,0.0,30.0,104.53,-70.465,85.18,132.82
3670,918,65.31,15.0,15.0,42.459159,0.0,0.0,0.0,0.0,30.0,0.0,45.4525,85.18,132.82
3671,918,55.62,15.0,15.0,40.901712,0.0,0.0,0.0,0.0,30.0,45.942499999999995,53.29333333333333,85.18,132.82
3672,918,30.62,15.0,15.0,39.344266,0.0,0.0,0.0,0.0,30.0,62.815,70.56,85.18,132.82
3673,919,23.92,15.0,15.0,37.786819,0.0,0.0,0.0,0.0,30.0,47.059999999999995,0.0,101.88,184.6
3674,919,12.03,15.0,15.0,36.229372,0.0,0.0,0.0,0.0,30.0,53.175,0.0,101.88,184.6
3675,919,5.0,15.0,15.0,34.671925,0.0,0.0,0.0,0.0,30.0,40.660000000000004,0.0,101.88,184.6
3676,919,8.92,15.0,15.0,33.114478,0.0,0.0,0.0,0.0,30.0,40.11,0.0,101.88,184.6
3677,920,5.17,15.0,15.0,31.557032,0.0,0.0,0.0,0.0,30.0,50.5075,0.0,101.88,184.6
3678,920,4.91,15.0,15.0,29.999585,0.0,0.0,0.0,0.0,30.0,70.2775,69.04,101.88,184.6
3679,920,4.11,15.0,15.0,28.442138,30.0,30.0,0.0,0.0,30.0,6.45,74.04,101.88,184.6
3680,920,0.97,15.0,15.0,26.884691,0.0,0.0,0.0,0.0,30.0,60.8475,0.0,101.88,184.6
3681,921,-0.04,15.0,15.0,25.327244,0.0,0.0,0.0,0.0,30.0,9.0,0.0,101.88,184.6
3682,921,-10.03,15.0,15.0,23.769798,0.0,0.0,0.0,0.0,30.0,64.1725,0.0,101.88,184.6
3683,921,-20.0,15.0,15.0,22.212351,30.0,30.0,0.0,0.0,30.0,98.22666666666667,0.0,101.88,184.6
3684,921,-30.0,15.0,15.0,20.654904,30.0,30.0,0.0,0.0,30.0,0.0,44.876666666666665,101.88,184.6
3685,922,-60.0,15.0,15.0,19.097457,0.0,0.0,0.0,0.0,30.0,0.0,16.202499999999993,101.88,184.6
3686,922,-75.0,15.0,15.0,17.54001,0.0,0.0,0.0,0.0,30.0,63.28,52.36,101.88,184.6
3687,922,-81.0,15.0,15.0,15.982564,0.0,0.0,0.0,0.0,30.0,0.0,-27.002499999999998,101.88,184.6
3688,922,-35.7,15.0,15.0,14.425117,0.0,0.0,0.0,0.0,30.0,0.0,3.262500000000003,101.88,184.6
3689,923,-1.27,15.0,15.0,12.86767,0.0,0.0,0.0,0.0,30.0,152.81666666666666,33.37,101.88,184.6
3690,923,10.0,15.0,15.0,11.310223,0.0,0.0,0.0,0.0,30.0,165.78500000000003,27.68,101.88,184.6
3691,923,54.76,15.0,15.0,9.7527763,30.0,30.0,0.0,0.0,30.0,41.63,52.983333333333334,101.88,184.6
3692,923,73.97,15.0,15.0,8.1953295,0.0,0.0,0.0,0.0,30.0,104.36999999999999,-312.63,101.88,184.6
3693,924,96.0,0.0,0.0,8.1953295,0.0,0.0,0.0,0.0,30.0,180.05249999999998,81.66,69.97999999999999,105.52
3694,924,93.6,13.197247,13.197247,6.8250621,0.0,0.0,0.0,0.0,30.0,114.3575,0.0,69.97999999999999,105.52
3695,924,85.16,15.0,15.0,5.2676153,0.0,0.0,0.0,0.0,30.0,108.63499999999999,0.0,69.97999999999999,105.52
3696,924,95.2,15.0,15.0,3.7101685,0.0,0.0,0.0,0.0,30.0,97.47,74.10666666666667,69.97999999999999,105.52
3697,925,82.55,15.769554,14.230446,3.7101685,0.0,1.5391085,1.5391085,28.460892,0.0,0.0,65.95333333333333,38.08,26.44
3698,925,89.91,15.769554,14.230446,3.7101685,0.0,1.5391085,1.5391085,28.460892,0.0,85.45,69.11500000000001,38.08,26.44
3699,925,75.48,15.769554,14.230446,3.7101685,0.0,1.5391085,1.5391085,28.460892,0.0,234.805,71.14500000000001,38.08,26.44
3700,925,71.02,15.769554,14.230446,3.7101685,0.0,1.5391085,1.5391085,28.460892,0.0,0.0,69.0325,38.08,26.44
3701,926,81.7,15.769554,14.230446,3.7101685,0.0,1.5391085,1.5391085,24.356602,0.0,97.86666666666666,77.41499999999999,38.08,26.44
3702,926,114.14,17.821699,12.178301,7.86336,24.356602,30.0,5.643398000000001,24.356602,0.0,71.09,0.0,38.08,26.44
3703,926,160.18,17.821699,12.178301,12.016551,0.0,5.6433978,5.6433978,24.356602,0.0,96.095,0.0,38.08,26.44
3704,926,142.73,17.821699,12.178301,16.169743,0.0,5.6433978,5.6433978,24.356602,0.0,149.8175,0.0,38.08,26.44
3705,927,110.33,15.0,15.0,14.612296,0.0,0.0,0.0,30.0,0.0,104.78,-41.519999999999996,38.08,26.44
3706,927,85.49,15.0,15.0,13.054849,0.0,0.0,0.0,30.0,0.0,97.03,-29.4375,38.08,26.44
3707,927,78.8,15.0,15.0,11.497403,0.0,0.0,0.0,30.0,0.0,0.0,30.0475,38.08,26.44
3708,927,68.27,15.0,15.0,9.9399558,0.0,0.0,0.0,30.0,0.0,118.04,-67.16500000000002,38.08,26.44
3709,928,61.7,15.0,15.0,8.3825089,30.0,30.0,0.0,30.0,0.0,82.04,-59.2325,38.08,26.44
3710,928,55.2,15.0,15.0,6.8250621,0.0,0.0,0.0,30.0,0.0,0.0,69.57249999999999,38.08,26.44
3711,928,58.48,15.0,15.0,5.2676153,0.0,0.0,0.0,30.0,0.0,71.55,66.565,38.08,26.44
3712,928,63.72,15.0,15.0,3.7101685,0.0,0.0,0.0,30.0,0.0,94.55,0.0,38.08,26.44
3713,929,89.0,15.769554,14.230446,3.7101685,0.0,1.5391085,1.5391085,24.356602,0.0,124.44,0.0,38.08,26.44
3714,929,111.38,17.821699,12.178301,7.86336,0.0,5.6433978,5.6433978,24.356602,0.0,140.19,59.7175,38.08,26.44
3715,929,156.92,17.821699,12.178301,12.016551,0.0,5.6433978,5.6433978,24.356602,0.0,137.405,-10.353333333333353,38.08,26.44
3716,929,187.7,17.821699,12.178301,16.169743,0.0,5.6433978,5.6433978,24.356602,0.0,441.5325,0.0,38.08,26.44
3717,930,173.67,15.0,15.0,14.612296,0.0,0.0,0.0,30.0,0.0,97.4625,55.89,37.44,25.36
3718,930,135.51,15.0,15.0,13.054849,0.0,0.0,0.0,30.0,0.0,89.445,0.0,37.44,25.36
3719,930,105.91,15.0,15.0,11.497403,0.0,0.0,0.0,30.0,0.0,78.84,0.0,37.44,25.36
3720,930,105.51,15.0,15.0,9.9399558,0.0,0.0,0.0,30.0,0.0,82.465,0.0,37.44,25.36
3721,931,97.78,15.0,15.0,8.3825089,0.0,0.0,0.0,30.0,0.0,0.0,58.53,36.8,24.28
3722,931,91.89,15.0,15.0,6.8250621,0.0,0.0,0.0,30.0,0.0,81.5075,0.0,36.8,24.28
3723,931,83.88,15.0,15.0,5.2676153,0.0,0.0,0.0,30.0,0.0,66.03,0.0,36.8,24.28
3724,931,80.78,15.0,15.0,3.7101685,0.0,0.0,0.0,30.0,0.0,85.925,0.0,36.8,24.28
3725,932,94.28,15.769554,14.230446,3.7101685,0.0,1.5391085,1.5391085,6.4619949,0.0,86.59,48.4,36.8,24.28
3726,932,145.22,26.769003,3.2309975,25.97118,0.0,23.538005,23.538005,6.4619949,0.0,78.1175,82.12,36.8,24.28
3727,932,163.88,26.769003,3.2309975,48.232191,0.0,23.538005,23.538005,6.4619949,0.0,162.5875,0.0,36.8,24.28
3728,932,136.66,26.769003,3.2309975,70.493202,0.0,23.538005,23.538005,6.4619949,0.0,54.504999999999995,65.94,36.8,24.28
3729,933,108.52,15.0,15.0,68.935755,0.0,0.0,0.0,30.0,0.0,428.75333333333333,68.46333333333334,36.8,24.28
3730,933,89.79,15.0,15.0,67.378308,0.0,0.0,0.0,30.0,0.0,82.97,-33.57666666666667,36.8,24.28
3731,933,72.39,15.0,15.0,65.820861,0.0,0.0,0.0,30.0,0.0,0.0,-265.23,36.8,24.28
3732,933,61.17,15.0,15.0,64.263415,30.0,30.0,0.0,30.0,0.0,0.0,-62.202499999999986,36.8,24.28
3733,934,47.53,15.0,15.0,62.705968,30.0,30.0,0.0,30.0,0.0,223.2733333333333,0.0,36.8,24.28
3734,934,35.7,15.0,15.0,61.148521,30.0,30.0,0.0,30.0,0.0,0.0,9.910000000000004,36.8,24.28
3735,934,38.3,15.0,15.0,59.591074,0.0,0.0,0.0,30.0,0.0,0.0,-23.675,36.8,24.28
3736,934,43.4,15.0,15.0,58.033627,30.0,30.0,0.0,30.0,0.0,87.555,-52.5,36.8,24.28
3737,935,57.09,15.0,15.0,56.476181,0.0,0.0,0.0,30.0,0.0,87.65,12.719999999999999,36.8,24.28
3738,935,86.2,15.0,15.0,54.918734,0.0,0.0,0.0,30.0,0.0,233.3,0.0,36.8,24.28
3739,935,94.0,15.0,15.0,53.361287,0.0,0.0,0.0,30.0,0.0,110.52250000000001,0.0,36.8,24.28
3740,935,105.0,15.0,15.0,51.80384,0.0,0.0,0.0,30.0,0.0,8.75,38.013333333333335,36.8,24.28
3741,936,112.77,15.0,15.0,50.246393,0.0,0.0,0.0,30.0,0.0,88.18,19.5975,50.22,31.939999999999998
3742,936,96.62,15.0,15.0,48.688947,0.0,0.0,0.0,30.0,0.0,103.89666666666666,-9.85666666666667,50.22,31.939999999999998
3743,936,70.01,15.0,15.0,47.1315,0.0,0.0,0.0,30.0,0.0,40.25666666666666,-86.9075,50.22,31.939999999999998
3744,936,57.48,15.0,15.0,45.574053,0.0,0.0,0.0,30.0,0.0,8.71,5.826666666666664,50.22,31.939999999999998
3745,937,45.01,15.0,15.0,44.016606,0.0,0.0,0.0,30.0,0.0,89.77,-21.08,63.64,39.6
3746,937,45.67,15.0,15.0,42.459159,0.0,0.0,0.0,30.0,0.0,9.6,-86.49999999999999,63.64,39.6
3747,937,48.36,15.0,15.0,40.901712,0.0,0.0,0.0,30.0,0.0,86.65,23.242500000000007,63.64,39.6
3748,937,48.66,15.0,15.0,39.344266,0.0,0.0,0.0,30.0,0.0,75.27,-62.47,63.64,39.6
3749,938,67.26,15.0,15.0,37.786819,0.0,0.0,0.0,30.0,0.0,0.0,14.337499999999999,63.64,39.6
3750,938,92.44,15.0,15.0,36.229372,0.0,0.0,0.0,30.0,0.0,0.0,-53.1375,63.64,39.6
3751,938,121.22,15.0,15.0,34.671925,0.0,0.0,0.0,30.0,0.0,85.56,37.445,63.64,39.6
3752,938,99.22,15.0,15.0,33.114478,0.0,0.0,0.0,30.0,0.0,0.0,-19.46,63.64,39.6
3753,939,73.44,15.0,15.0,31.557032,0.0,0.0,0.0,30.0,0.0,0.0,-52.2875,63.64,39.6
3754,939,56.64,15.0,15.0,29.999585,0.0,0.0,0.0,30.0,0.0,0.0,-32.89,63.64,39.6
3755,939,45.83,15.0,15.0,28.442138,0.0,0.0,0.0,30.0,0.0,4.845,-57.8675,63.64,39.6
3756,939,37.54,15.0,15.0,26.884691,0.0,0.0,0.0,30.0,0.0,3.6399999999999997,-54.185,63.64,39.6
3757,940,24.26,15.0,15.0,25.327244,0.0,0.0,0.0,30.0,0.0,0.3,-50.8075,63.64,39.6
3758,940,20.93,15.0,15.0,23.769798,0.0,0.0,0.0,30.0,0.0,0.9033333333333333,-109.8425,63.64,39.6
3759,940,25.0,15.0,15.0,22.212351,30.0,30.0,0.0,30.0,0.0,54.415,-752.5,63.64,39.6
3760,940,49.56,15.0,15.0,20.654904,30.0,30.0,0.0,30.0,0.0,17.062500000000004,-54.6625,63.64,39.6
3761,941,67.36,15.0,15.0,19.097457,0.0,0.0,0.0,30.0,0.0,332.14,-307.855,63.64,39.6
3762,941,93.76,15.0,15.0,17.54001,0.0,0.0,0.0,30.0,0.0,171.2866666666667,-463.85999999999996,63.64,39.6
3763,941,118.48,15.0,15.0,15.982564,0.0,0.0,0.0,30.0,0.0,101.23,44.98,63.64,39.6
3764,941,140.28,15.0,15.0,14.425117,0.0,0.0,0.0,30.0,0.0,140.43,-68.75,63.64,39.6
3765,942,144.45,18.293727,11.706273,19.533614,0.0,6.587455,6.587455,23.412545,0.0,94.33,0.0,57.36,35.08
3766,942,131.54,18.293727,11.706273,24.642111,0.0,6.587455,6.587455,23.412545,0.0,91.285,0.0,57.36,35.08
3767,942,103.65,18.293727,11.706273,29.750608,0.0,6.587455,6.587455,23.412545,0.0,62.410000000000004,23.506666666666668,57.36,35.08
3768,942,87.18,18.293727,11.706273,34.859105,0.0,6.587455,6.587455,23.412545,0.0,88.56333333333333,68.16,57.36,35.08
3769,943,80.6,15.0,15.0,33.301658,0.0,0.0,0.0,30.0,0.0,86.545,63.843333333333334,51.08,30.56
3770,943,76.92,15.0,15.0,31.744211,0.0,0.0,0.0,30.0,0.0,0.0,53.19,51.08,30.56
3771,943,74.65,15.0,15.0,30.186764,0.0,0.0,0.0,30.0,0.0,0.0,13.775000000000006,51.08,30.56
3772,943,79.83,15.0,15.0,28.629317,0.0,0.0,0.0,30.0,0.0,0.0,70.9825,51.08,30.56
3773,944,89.31,15.0,15.0,27.071871,0.0,0.0,0.0,30.0,0.0,0.0,64.9525,51.08,30.56
3774,944,112.0,15.0,15.0,25.514424,30.0,30.0,0.0,30.0,0.0,0.0,68.94749999999999,51.08,30.56
3775,944,117.3,15.0,15.0,23.956977,0.0,0.0,0.0,30.0,0.0,124.53,24.924999999999997,51.08,30.56
3776,944,96.83,15.0,15.0,22.39953,0.0,0.0,0.0,30.0,0.0,0.0,-30.272499999999997,51.08,30.56
3777,945,71.24,15.0,15.0,20.842083,0.0,0.0,0.0,30.0,0.0,0.0,-53.925,51.08,30.56
3778,945,57.8,15.0,15.0,19.284637,0.0,0.0,0.0,30.0,0.0,0.0,37.745,51.08,30.56
3779,945,30.3,15.0,15.0,17.72719,0.0,0.0,0.0,30.0,0.0,182.24,55.89,51.08,30.56
3780,945,25.2,15.0,15.0,16.169743,0.0,0.0,0.0,30.0,0.0,108.26500000000001,0.0,51.08,30.56
3781,946,19.67,15.0,15.0,14.612296,0.0,0.0,0.0,30.0,0.0,229.065,0.0,51.08,30.56
3782,946,20.93,15.0,15.0,13.054849,0.0,0.0,0.0,30.0,0.0,135.6425,65.72,51.08,30.56
3783,946,30.98,15.0,15.0,11.497403,30.0,30.0,0.0,30.0,0.0,80.69,51.58333333333333,51.08,30.56
3784,946,53.75,15.0,15.0,9.9399558,0.0,0.0,0.0,30.0,0.0,87.97,-49.333333333333336,51.08,30.56
3785,947,74.62,15.0,15.0,8.3825089,0.0,0.0,0.0,30.0,0.0,88.455,13.64,51.08,30.56
3786,947,89.92,15.0,15.0,6.8250621,0.0,0.0,0.0,30.0,0.0,81.17,34.4075,51.08,30.56
3787,947,111.5,15.0,15.0,5.2676153,0.0,0.0,0.0,30.0,0.0,0.0,35.2875,51.08,30.56
3788,947,148.44,15.0,15.0,3.7101685,0.0,0.0,0.0,30.0,0.0,129.145,69.60666666666667,51.08,30.56
3789,948,150.02,24.01914,5.9808595,20.405927,0.0,18.038281,18.038281,11.961719,0.0,155.3225,0.0,49.52,29.36
3790,948,123.77,24.01914,5.9808595,37.101685,0.0,18.038281,18.038281,11.961719,0.0,95.4,0.0,49.52,29.36
3791,948,100.0,24.01914,5.9808595,53.797444,0.0,18.038281,18.038281,11.961719,0.0,86.25666666666666,69.945,49.52,29.36
3792,948,97.72,24.01914,5.9808595,70.493202,0.0,18.038281,18.038281,11.961719,0.0,91.77,52.94,49.52,29.36
3793,949,93.11,15.0,15.0,68.935755,0.0,0.0,0.0,30.0,0.0,99.05,0.0,47.96,28.16
3794,949,91.0,15.0,15.0,67.378308,0.0,0.0,0.0,30.0,0.0,77.43,56.645,47.96,28.16
3795,949,90.09,15.0,15.0,65.820861,0.0,0.0,0.0,30.0,0.0,0.0,59.875,47.96,28.16
3796,949,90.11,15.0,15.0,64.263415,0.0,0.0,0.0,30.0,0.0,0.0,72.4275,47.96,28.16
3797,950,86.04,16.539108,13.460892,65.820861,0.0,3.078217,3.078217,26.921783,0.0,0.0,52.093333333333334,47.96,28.16
3798,950,107.96,16.539108,13.460892,67.378308,0.0,3.078217,3.078217,26.921783,0.0,84.60000000000001,47.9,47.96,28.16
3799,950,109.36,16.539108,13.460892,68.935755,0.0,3.078217,3.078217,26.921783,0.0,122.92666666666668,77.6,47.96,28.16
3800,950,98.6,16.539108,13.460892,70.493202,0.0,3.078217,3.078217,26.921783,0.0,78.525,48.39999999999999,47.96,28.16
3801,951,77.4,15.0,15.0,68.935755,0.0,0.0,0.0,30.0,0.0,109.675,0.5233333333333334,47.96,28.16
3802,951,58.56,15.0,15.0,67.378308,0.0,0.0,0.0,30.0,0.0,0.0,-28.0,47.96,28.16
3803,951,41.39,15.0,15.0,65.820861,0.0,0.0,0.0,30.0,0.0,0.0,11.707500000000003,47.96,28.16
3804,951,33.91,15.0,15.0,64.263415,0.0,0.0,0.0,30.0,0.0,184.0975,0.0,47.96,28.16
3805,952,25.36,15.0,15.0,62.705968,0.0,0.0,0.0,30.0,0.0,39.58,-13.193333333333342,47.96,28.16
3806,952,17.41,15.0,15.0,61.148521,0.0,0.0,0.0,30.0,0.0,92.12,48.465,47.96,28.16
3807,952,14.1,15.0,15.0,59.591074,0.0,0.0,0.0,30.0,0.0,79.48,-44.2,47.96,28.16
3808,952,26.0,15.0,15.0,58.033627,0.0,0.0,0.0,30.0,0.0,72.78999999999999,-800.155,47.96,28.16
3809,953,60.09,15.0,15.0,56.476181,0.0,0.0,0.0,30.0,0.0,89.29,-525.0,47.96,28.16
3810,953,81.13,15.0,15.0,54.918734,0.0,0.0,0.0,30.0,0.0,44.53,-254.435,47.96,28.16
3811,953,102.0,15.0,15.0,53.361287,0.0,0.0,0.0,30.0,0.0,45.15,-29.230000000000018,47.96,28.16
3812,953,119.67,15.0,15.0,51.80384,0.0,0.0,0.0,30.0,0.0,173.0575,66.02,47.96,28.16
3813,954,133.87,18.078217,11.921783,56.476181,0.0,6.156434,6.156434,23.843566,0.0,45.47,0.0,50.9,37.32
3814,954,112.69,18.078217,11.921783,61.148521,0.0,6.156434,6.156434,23.843566,0.0,141.92499999999998,76.23,50.9,37.32
3815,954,90.0,18.078217,11.921783,65.820861,0.0,6.156434,6.156434,23.843566,0.0,0.0,69.49000000000001,50.9,37.32
3816,954,94.35,18.078217,11.921783,70.493202,0.0,6.156434,6.156434,23.843566,0.0,683.6399999999999,38.39,50.9,37.32
3817,955,81.15,15.21551,14.78449,69.371912,0.0,0.431021,0.431021,29.568979,0.0,63.38000000000001,44.495000000000005,53.84,46.48
3818,955,74.02,15.21551,14.78449,68.250621,0.0,0.431021,0.431021,29.568979,0.0,10.77,14.599999999999994,53.84,46.48
3819,955,72.58,15.21551,14.78449,67.129331,0.0,0.431021,0.431021,29.568979,0.0,86.495,11.754999999999995,53.84,46.48
3820,955,67.07,15.21551,14.78449,66.008041,0.0,0.431021,0.431021,29.568979,0.0,0.0,10.5625,53.84,46.48
3821,956,69.25,15.0,15.0,64.450594,0.0,0.0,0.0,30.0,0.0,59.352500000000006,-366.2125,53.84,46.48
3822,956,68.75,15.0,15.0,62.893147,0.0,0.0,0.0,30.0,0.0,0.0,-12.96,53.84,46.48
3823,956,53.53,15.0,15.0,61.3357,0.0,0.0,0.0,30.0,0.0,54.94,12.006666666666668,53.84,46.48
3824,956,38.6,15.0,15.0,59.778254,30.0,30.0,0.0,30.0,0.0,0.0,-29.442500000000003,53.84,46.48
3825,957,12.46,15.0,15.0,58.220807,0.0,0.0,0.0,30.0,0.0,53.64,-333.39666666666665,53.84,46.48
3826,957,0.0,15.0,15.0,56.66336,0.0,0.0,0.0,30.0,0.0,0.0,-77.1525,53.84,46.48
3827,957,-2.25,15.0,15.0,55.105913,0.0,0.0,0.0,30.0,0.0,0.0,-24.53,53.84,46.48
3828,957,-9.9,15.0,15.0,53.548466,30.0,30.0,0.0,30.0,0.0,0.0,36.836666666666666,53.84,46.48
3829,958,-23.0,15.0,15.0,51.99102,0.0,0.0,0.0,30.0,0.0,0.0,-12.642499999999998,53.84,46.48
3830,958,-29.31,15.0,15.0,50.433573,0.0,0.0,0.0,30.0,0.0,0.0,-45.5,53.84,46.48
3831,958,-20.0,15.0,15.0,48.876126,0.0,0.0,0.0,30.0,0.0,0.0,-49.72,53.84,46.48
3832,958,-7.46,15.0,15.0,47.318679,0.0,0.0,0.0,30.0,0.0,43.615,1.4733333333333363,53.84,46.48
3833,959,2.0,15.0,15.0,45.761232,0.0,0.0,0.0,30.0,0.0,79.03,22.994999999999997,53.84,46.48
3834,959,44.38,15.0,15.0,44.203786,0.0,0.0,0.0,30.0,0.0,0.0,-39.3625,53.84,46.48
3835,959,66.37,15.0,15.0,42.646339,0.0,0.0,0.0,30.0,0.0,72.68,-5.133333333333333,53.84,46.48
3836,959,93.11,15.0,15.0,41.088892,0.0,0.0,0.0,30.0,0.0,106.34,-18.7825,53.84,46.48
3837,960,99.9,15.0,15.0,39.531445,0.0,0.0,0.0,30.0,0.0,0.0,47.677499999999995,72.78,59.0
3838,960,108.24,15.0,15.0,37.973998,0.0,0.0,0.0,30.0,0.0,0.0,60.666666666666664,72.78,59.0
3839,960,83.6,15.0,15.0,36.416551,0.0,0.0,0.0,30.0,0.0,0.0,50.58,72.78,59.0
3840,960,69.02,15.0,15.0,34.859105,0.0,0.0,0.0,30.0,0.0,9.12,-203.51750000000004,72.78,59.0
3841,961,55.96,15.0,15.0,33.301658,0.0,0.0,0.0,30.0,0.0,91.62,-32.64,91.72,71.52
3842,961,37.58,15.0,15.0,31.744211,0.0,0.0,0.0,30.0,0.0,9.12,-56.32000000000001,91.72,71.52
3843,961,15.48,15.0,15.0,30.186764,0.0,0.0,0.0,30.0,0.0,0.0,-64.7,91.72,71.52
3844,961,17.63,15.0,15.0,28.629317,0.0,0.0,0.0,30.0,0.0,80.14,-37.865,91.72,71.52
3845,962,12.55,15.0,15.0,27.071871,0.0,0.0,0.0,30.0,0.0,0.0,-37.989999999999995,91.72,71.52
3846,962,9.32,15.0,15.0,25.514424,0.0,0.0,0.0,30.0,0.0,0.0,-64.07,91.72,71.52
3847,962,3.0,15.0,15.0,23.956977,0.0,0.0,0.0,30.0,0.0,46.614999999999995,-57.46000000000001,91.72,71.52
3848,962,0.02,15.0,15.0,22.39953,30.0,30.0,0.0,30.0,0.0,0.0,-46.6925,91.72,71.52
3849,963,-1.97,15.0,15.0,20.842083,0.0,0.0,0.0,30.0,0.0,0.3,-32.5775,91.72,71.52
3850,963,-7.48,15.0,15.0,19.284637,0.0,0.0,0.0,30.0,0.0,49.2375,-129.3,91.72,71.52
3851,963,-15.42,15.0,15.0,17.72719,0.0,0.0,0.0,30.0,0.0,89.4125,-348.99,91.72,71.52
3852,963,-36.21,15.0,15.0,16.169743,0.0,0.0,0.0,30.0,0.0,42.6775,-177.315,91.72,71.52
3853,964,-46.16,15.0,15.0,14.612296,0.0,0.0,0.0,30.0,0.0,56.11999999999999,-74.66,91.72,71.52
3854,964,-45.78,15.0,15.0,13.054849,0.0,0.0,0.0,30.0,0.0,73.815,-105.58250000000001,91.72,71.52
3855,964,-28.68,15.0,15.0,11.497403,0.0,0.0,0.0,30.0,0.0,70.24000000000001,-123.37,91.72,71.52
3856,964,-5.38,15.0,15.0,9.9399558,0.0,0.0,0.0,30.0,0.0,31.43,-52.74000000000001,91.72,71.52
3857,965,0.52,15.0,15.0,8.3825089,0.0,0.0,0.0,30.0,0.0,107.3725,-50.5,91.72,71.52
3858,965,40.0,15.0,15.0,6.8250621,0.0,0.0,0.0,30.0,0.0,94.04499999999999,-366.5675,91.72,71.52
3859,965,87.29,15.0,15.0,5.2676153,0.0,0.0,0.0,30.0,0.0,67.89750000000001,54.89,91.72,71.52
3860,965,102.43,15.0,15.0,3.7101685,0.0,0.0,0.0,30.0,0.0,66.02,4.857499999999995,91.72,71.52
3861,966,121.48,16.539108,13.460892,5.2676153,0.0,3.078217,3.078217,26.921783,0.0,0.0,22.995000000000005,67.39999999999999,46.74
3862,966,117.03,16.539108,13.460892,6.8250621,26.921783,30.0,3.0782169999999986,26.921783,0.0,0.0,17.32,67.39999999999999,46.74
3863,966,96.18,16.539108,13.460892,8.3825089,0.0,3.078217,3.078217,26.921783,0.0,0.0,1.8674999999999997,67.39999999999999,46.74
3864,966,75.92,16.539108,13.460892,9.9399558,0.0,3.078217,3.078217,26.921783,0.0,87.2775,-10.0,67.39999999999999,46.74
3865,967,65.11,15.0,15.0,8.3825089,0.0,0.0,0.0,30.0,0.0,69.005,0.0,43.08,21.96
3866,967,66.21,15.0,15.0,6.8250621,0.0,0.0,0.0,30.0,0.0,88.2125,0.0,43.08,21.96
3867,967,61.52,15.0,15.0,5.2676153,0.0,0.0,0.0,30.0,0.0,77.19,55.946666666666665,43.08,21.96
3868,967,59.57,15.0,15.0,3.7101685,0.0,0.0,0.0,30.0,0.0,47.13,62.88,43.08,21.96
3869,968,74.75,15.769554,14.230446,3.7101685,0.0,1.5391085,1.5391085,6.4619949,0.0,49.3025,0.0,43.08,21.96
3870,968,105.27,26.769003,3.2309975,25.97118,0.0,23.538005,23.538005,6.4619949,0.0,96.11,46.025000000000006,43.08,21.96
3871,968,177.36,26.769003,3.2309975,48.232191,0.0,23.538005,23.538005,6.4619949,0.0,82.7075,23.96,43.08,21.96
3872,968,158.81,26.769003,3.2309975,70.493202,0.0,23.538005,23.538005,6.4619949,0.0,0.0,-26.345,43.08,21.96
3873,969,126.03,15.769554,14.230446,70.493202,0.0,1.5391085,1.5391085,28.460892,0.0,0.0,-49.64,43.08,21.96
3874,969,105.0,15.769554,14.230446,70.493202,0.0,1.5391085,1.5391085,28.460892,0.0,0.0,-33.095,43.08,21.96
3875,969,101.3,15.769554,14.230446,70.493202,0.0,1.5391085,1.5391085,28.460892,0.0,96.22,-6.73,43.08,21.96
3876,969,88.1,15.769554,14.230446,70.493202,0.0,1.5391085,1.5391085,28.460892,0.0,0.0,-16.597499999999997,43.08,21.96
3877,970,70.0,15.0,15.0,68.935755,0.0,0.0,0.0,30.0,0.0,56.33333333333333,-72.575,43.08,21.96
3878,970,59.9,15.0,15.0,67.378308,0.0,0.0,0.0,30.0,0.0,7.8533333333333335,-11.142499999999998,43.08,21.96
3879,970,58.11,15.0,15.0,65.820861,0.0,0.0,0.0,30.0,0.0,0.0,-156.83499999999998,43.08,21.96
3880,970,61.8,15.0,15.0,64.263415,0.0,0.0,0.0,30.0,0.0,39.97,-53.677499999999995,43.08,21.96
3881,971,71.8,15.0,15.0,62.705968,0.0,0.0,0.0,30.0,0.0,86.11500000000001,35.73,43.08,21.96
3882,971,89.07,15.0,15.0,61.148521,0.0,0.0,0.0,30.0,0.0,0.0,59.775,43.08,21.96
3883,971,109.89,15.0,15.0,59.591074,0.0,0.0,0.0,30.0,0.0,94.275,-7.125,43.08,21.96
3884,971,113.8,15.0,15.0,58.033627,0.0,0.0,0.0,30.0,0.0,0.0,67.07,43.08,21.96
3885,972,104.0,15.0,15.0,56.476181,0.0,0.0,0.0,30.0,0.0,49.975,41.63250000000001,48.699999999999996,25.28
3886,972,97.16,15.0,15.0,54.918734,0.0,0.0,0.0,30.0,0.0,0.0,-68.215,48.699999999999996,25.28
3887,972,77.0,15.0,15.0,53.361287,0.0,0.0,0.0,30.0,0.0,0.0,-23.715000000000003,48.699999999999996,25.28
3888,972,60.44,15.0,15.0,51.80384,0.0,0.0,0.0,30.0,0.0,130.575,-42.989999999999995,48.699999999999996,25.28
3889,973,57.12,15.0,15.0,50.246393,0.0,0.0,0.0,30.0,0.0,105.65,-9.504999999999999,54.32,28.6
3890,973,61.12,15.0,15.0,48.688947,0.0,0.0,0.0,30.0,0.0,0.0,-4.715,54.32,28.6
3891,973,55.0,15.0,15.0,47.1315,0.0,0.0,0.0,30.0,0.0,0.0,0.0,54.32,28.6
3892,973,58.07,15.0,15.0,45.574053,0.0,0.0,0.0,30.0,0.0,0.0,0.0,54.32,28.6
3893,974,59.17,15.0,15.0,44.016606,0.0,0.0,0.0,30.0,0.0,77.5625,-40.0,54.32,28.6
3894,974,77.93,15.0,15.0,42.459159,0.0,0.0,0.0,30.0,0.0,71.745,-36.15666666666667,54.32,28.6
3895,974,97.67,15.0,15.0,40.901712,0.0,0.0,0.0,30.0,0.0,148.05,16.3375,54.32,28.6
3896,974,87.75,15.0,15.0,39.344266,0.0,0.0,0.0,30.0,0.0,0.0,-47.0275,54.32,28.6
3897,975,68.23,15.0,15.0,37.786819,0.0,0.0,0.0,30.0,0.0,114.23,-60.4,54.32,28.6
3898,975,48.71,15.0,15.0,36.229372,0.0,0.0,0.0,30.0,0.0,76.1375,-261.61,54.32,28.6
3899,975,33.35,15.0,15.0,34.671925,0.0,0.0,0.0,30.0,0.0,94.79,-77.29250000000002,54.32,28.6
3900,975,13.31,15.0,15.0,33.114478,30.0,30.0,0.0,30.0,0.0,0.0,-40.42,54.32,28.6
3901,976,1.84,14.445956,15.554044,30.435741,1.1080875,0.0,-1.1080875,28.891913,0.0,0.0,-51.0,54.32,28.6
3902,976,0.86,14.445956,15.554044,27.757004,30.0,28.891913,-1.1080870000000012,28.891913,0.0,7.48,-310.1075,54.32,28.6
3903,976,2.1,14.445956,15.554044,25.078267,1.1080875,0.0,-1.1080875,28.891913,0.0,33.663333333333334,-358.80500000000006,54.32,28.6
3904,976,13.14,14.445956,15.554044,22.39953,1.1080875,0.0,-1.1080875,28.891913,0.0,85.83,-45.195,54.32,28.6
3905,977,52.68,15.0,15.0,20.842083,0.0,0.0,0.0,30.0,0.0,96.16333333333333,31.700000000000003,54.32,28.6
3906,977,72.89,15.0,15.0,19.284637,0.0,0.0,0.0,30.0,0.0,118.96333333333334,-233.58249999999998,54.32,28.6
3907,977,101.05,15.0,15.0,17.72719,0.0,0.0,0.0,30.0,0.0,54.31999999999999,18.345,54.32,28.6
3908,977,125.83,15.0,15.0,16.169743,0.0,0.0,0.0,30.0,0.0,9.54,17.652499999999996,54.32,28.6
3909,978,123.43,15.0,15.0,14.612296,30.0,30.0,0.0,30.0,0.0,83.11,15.557500000000005,50.04,26.62
3910,978,107.05,15.0,15.0,13.054849,0.0,0.0,0.0,30.0,0.0,0.0,-33.2825,50.04,26.62
3911,978,89.9,15.0,15.0,11.497403,0.0,0.0,0.0,30.0,0.0,83.11500000000001,27.275,50.04,26.62
3912,978,85.16,15.0,15.0,9.9399558,0.0,0.0,0.0,30.0,0.0,56.86,-119.00999999999999,50.04,26.62
3913,979,86.03,15.0,15.0,8.3825089,0.0,0.0,0.0,30.0,0.0,87.64333333333333,43.0925,45.76,24.64
3914,979,86.0,15.0,15.0,6.8250621,0.0,0.0,0.0,30.0,0.0,0.0,19.73,45.76,24.64
3915,979,79.74,15.0,15.0,5.2676153,0.0,0.0,0.0,30.0,0.0,0.0,31.7875,45.76,24.64
3916,979,86.3,15.0,15.0,3.7101685,0.0,0.0,0.0,30.0,0.0,0.0,56.035,45.76,24.64
3917,980,94.18,18.078217,11.921783,8.3825089,0.0,6.156434,6.156434,23.843566,0.0,84.26,60.045,45.76,24.64
3918,980,120.22,18.078217,11.921783,13.054849,0.0,6.156434,6.156434,23.843566,0.0,97.68,2.01,45.76,24.64
3919,980,114.9,18.078217,11.921783,17.72719,0.0,6.156434,6.156434,23.843566,0.0,0.0,2.6724999999999994,45.76,24.64
3920,980,104.01,18.078217,11.921783,22.39953,0.0,6.156434,6.156434,23.843566,0.0,82.45,-13.685000000000002,45.76,24.64
3921,981,69.89,15.0,15.0,20.842083,0.0,0.0,0.0,30.0,0.0,187.16250000000002,-552.9,45.76,24.64
3922,981,55.42,15.0,15.0,19.284637,0.0,0.0,0.0,30.0,0.0,87.34,-287.5,45.76,24.64
3923,981,50.0,15.0,15.0,17.72719,0.0,0.0,0.0,30.0,0.0,38.99,1.9725000000000001,45.76,24.64
3924,981,36.61,15.0,15.0,16.169743,0.0,0.0,0.0,30.0,0.0,53.457499999999996,29.800000000000004,45.76,24.64
3925,982,37.83,15.0,15.0,14.612296,30.0,30.0,0.0,30.0,0.0,30.0,-12.807500000000001,45.76,24.64
3926,982,38.04,15.0,15.0,13.054849,30.0,30.0,0.0,30.0,0.0,83.94,-7.987499999999997,45.76,24.64
3927,982,39.89,15.0,15.0,11.497403,0.0,0.0,0.0,30.0,0.0,0.0,-16.0,45.76,24.64
3928,982,54.02,15.0,15.0,9.9399558,30.0,30.0,0.0,30.0,0.0,0.0,9.8525,45.76,24.64
3929,983,71.42,15.0,15.0,8.3825089,0.0,0.0,0.0,30.0,0.0,101.09666666666666,-12.840000000000003,45.76,24.64
3930,983,89.06,15.0,15.0,6.8250621,0.0,0.0,0.0,30.0,0.0,96.97333333333333,32.03666666666666,45.76,24.64
3931,983,119.86,15.0,15.0,5.2676153,0.0,0.0,0.0,30.0,0.0,69.845,56.01,45.76,24.64
3932,983,147.69,15.0,15.0,3.7101685,0.0,0.0,0.0,30.0,0.0,88.5,56.01,45.76,24.64
3933,984,151.86,24.01914,5.9808595,20.405927,0.0,18.038281,18.038281,11.961719,0.0,74.8825,56.01,42.78,22.64
3934,984,128.3,24.01914,5.9808595,37.101685,0.0,18.038281,18.038281,11.961719,0.0,0.0,57.7925,42.78,22.64
3935,984,107.07,24.01914,5.9808595,53.797444,0.0,18.038281,18.038281,11.961719,0.0,0.0,65.125,42.78,22.64
3936,984,103.11,24.01914,5.9808595,70.493202,0.0,18.038281,18.038281,11.961719,0.0,81.1375,78.09,42.78,22.64
3937,985,89.63,15.0,15.0,68.935755,0.0,0.0,0.0,30.0,0.0,89.38,68.785,39.8,20.64
3938,985,83.62,15.0,15.0,67.378308,0.0,0.0,0.0,30.0,0.0,58.53,60.7175,39.8,20.64
3939,985,80.35,15.0,15.0,65.820861,0.0,0.0,0.0,30.0,0.0,0.0,65.32333333333334,39.8,20.64
3940,985,78.68,15.0,15.0,64.263415,0.0,0.0,0.0,30.0,0.0,0.0,75.89750000000001,39.8,20.64
3941,986,92.7,15.0,15.0,62.705968,0.0,0.0,0.0,30.0,0.0,86.69666666666667,52.9,39.8,20.64
3942,986,114.03,15.0,15.0,61.148521,0.0,0.0,0.0,30.0,0.0,92.85,0.0,39.8,20.64
3943,986,124.25,15.0,15.0,59.591074,0.0,0.0,0.0,30.0,0.0,9.39,74.19,39.8,20.64
3944,986,104.17,15.0,15.0,58.033627,0.0,0.0,0.0,30.0,0.0,0.0,-56.3575,39.8,20.64
3945,987,73.79,15.0,15.0,56.476181,0.0,0.0,0.0,30.0,0.0,0.0,-13.175,39.8,20.64
3946,987,56.95,15.0,15.0,54.918734,0.0,0.0,0.0,30.0,0.0,0.0,-10.0,39.8,20.64
3947,987,51.02,15.0,15.0,53.361287,0.0,0.0,0.0,30.0,0.0,9.27,43.35666666666667,39.8,20.64
3948,987,44.15,15.0,15.0,51.80384,0.0,0.0,0.0,30.0,0.0,87.3475,0.0,39.8,20.64
3949,988,38.93,15.0,15.0,50.246393,30.0,30.0,0.0,30.0,0.0,0.0,-46.682500000000005,39.8,20.64
3950,988,35.96,15.0,15.0,48.688947,0.0,0.0,0.0,30.0,0.0,0.0,-52.45,39.8,20.64
3951,988,44.91,15.0,15.0,47.1315,0.0,0.0,0.0,30.0,0.0,0.0,-52.7675,39.8,20.64
3952,988,67.3,15.0,15.0,45.574053,0.0,0.0,0.0,30.0,0.0,87.88,-40.0,39.8,20.64
3953,989,70.85,18.847771,11.152229,51.80384,0.0,7.6955425,7.6955425,22.304458,0.0,29.189999999999998,-22.33333333333333,39.8,20.64
3954,989,90.9,18.847771,11.152229,58.033627,0.0,7.6955425,7.6955425,22.304458,0.0,90.33250000000001,-12.2025,39.8,20.64
3955,989,121.65,18.847771,11.152229,64.263415,0.0,7.6955425,7.6955425,22.304458,0.0,131.025,75.28999999999999,39.8,20.64
3956,989,166.14,18.847771,11.152229,70.493202,0.0,7.6955425,7.6955425,22.304458,0.0,128.08,0.0,39.8,20.64
3957,990,139.05,15.0,15.0,68.935755,0.0,0.0,0.0,30.0,0.0,113.4075,0.0,45.839999999999996,22.18
3958,990,99.6,15.0,15.0,67.378308,0.0,0.0,0.0,30.0,0.0,288.7775,0.0,45.839999999999996,22.18
3959,990,80.0,15.0,15.0,65.820861,0.0,0.0,0.0,30.0,0.0,200.85500000000002,69.35249999999999,45.839999999999996,22.18
3960,990,69.94,15.0,15.0,64.263415,0.0,0.0,0.0,30.0,0.0,78.22,0.0,45.839999999999996,22.18
3961,991,58.94,15.0,15.0,62.705968,0.0,0.0,0.0,30.0,0.0,72.54666666666665,23.6,51.88,23.72
3962,991,53.39,15.0,15.0,61.148521,0.0,0.0,0.0,30.0,0.0,86.66,60.4475,51.88,23.72
3963,991,50.44,15.0,15.0,59.591074,0.0,0.0,0.0,30.0,0.0,51.4475,0.0,51.88,23.72
3964,991,47.29,15.0,15.0,58.033627,0.0,0.0,0.0,30.0,0.0,95.83500000000001,0.0,51.88,23.72
3965,992,52.72,15.0,15.0,56.476181,0.0,0.0,0.0,30.0,0.0,0.0,-8.605,51.88,23.72
3966,992,72.22,15.0,15.0,54.918734,0.0,0.0,0.0,30.0,0.0,85.61500000000001,74.67,51.88,23.72
3967,992,92.0,15.0,15.0,53.361287,0.0,0.0,0.0,30.0,0.0,91.07749999999999,0.0,51.88,23.72
3968,992,97.55,15.0,15.0,51.80384,0.0,0.0,0.0,30.0,0.0,86.26333333333334,13.344999999999999,51.88,23.72
3969,993,92.59,15.0,15.0,50.246393,0.0,0.0,0.0,30.0,0.0,88.495,-17.432500000000005,51.88,23.72
3970,993,71.08,15.0,15.0,48.688947,0.0,0.0,0.0,30.0,0.0,91.73,-11.2,51.88,23.72
3971,993,59.2,15.0,15.0,47.1315,0.0,0.0,0.0,30.0,0.0,9.0,0.0,51.88,23.72
3972,993,51.75,15.0,15.0,45.574053,0.0,0.0,0.0,30.0,0.0,83.32,20.4,51.88,23.72
3973,994,39.88,15.0,15.0,44.016606,30.0,30.0,0.0,30.0,0.0,103.92,-10.11,51.88,23.72
3974,994,34.17,15.0,15.0,42.459159,30.0,30.0,0.0,30.0,0.0,92.4375,-10.0,51.88,23.72
3975,994,34.39,15.0,15.0,40.901712,30.0,30.0,0.0,30.0,0.0,91.53333333333333,-4.4325000000000045,51.88,23.72
3976,994,48.79,15.0,15.0,39.344266,0.0,0.0,0.0,30.0,0.0,106.32,-44.666666666666664,51.88,23.72
3977,995,75.0,19.617325,10.382675,47.1315,0.0,9.234651,9.234651,20.765349,0.0,0.0,-45.7575,51.88,23.72
3978,995,90.98,19.617325,10.382675,54.918734,0.0,9.234651,9.234651,20.765349,0.0,0.0,49.72,51.88,23.72
3979,995,113.07,19.617325,10.382675,62.705968,0.0,9.234651,9.234651,20.765349,0.0,92.49,0.0,51.88,23.72
3980,995,127.31,19.617325,10.382675,70.493202,0.0,9.234651,9.234651,20.765349,0.0,86.32,43.56666666666666,51.88,23.72
3981,996,119.6,15.769554,14.230446,70.493202,0.0,1.5391085,1.5391085,28.460892,0.0,108.9675,0.0,66.0,48.88
3982,996,111.4,15.769554,14.230446,70.493202,0.0,1.5391085,1.5391085,28.460892,0.0,73.9075,65.32,66.0,48.88
3983,996,108.0,15.769554,14.230446,70.493202,0.0,1.5391085,1.5391085,28.460892,0.0,98.22,56.32,66.0,48.88
3984,996,106.85,15.769554,14.230446,70.493202,0.0,1.5391085,1.5391085,28.460892,0.0,135.89,0.0,66.0,48.88
3985,997,104.0,15.21551,14.78449,69.371912,0.0,0.431021,0.431021,29.568979,0.0,34.38250000000001,64.455,80.12,74.04
3986,997,94.0,15.21551,14.78449,68.250621,0.0,0.431021,0.431021,29.568979,0.0,40.0575,0.0,80.12,74.04
3987,997,87.0,15.21551,14.78449,67.129331,0.0,0.431021,0.431021,29.568979,0.0,228.56249999999997,0.0,80.12,74.04
3988,997,56.6,15.21551,14.78449,66.008041,0.0,0.431021,0.431021,29.568979,0.0,22.9575,-10.0,80.12,74.04
3989,998,19.89,15.0,15.0,64.450594,0.0,0.0,0.0,30.0,0.0,1241.935,-90.19666666666666,80.12,74.04
3990,998,1.54,15.0,15.0,62.893147,0.0,0.0,0.0,30.0,0.0,1245.5649999999998,-138.0475,80.12,74.04
3991,998,0.09,15.0,15.0,61.3357,30.0,30.0,0.0,30.0,0.0,15.68,-0.6000000000000014,80.12,74.04
3992,998,0.0,15.0,15.0,59.778254,0.0,0.0,0.0,30.0,0.0,0.0,-50.5,80.12,74.04
3993,999,-0.06,15.0,15.0,58.220807,30.0,30.0,0.0,30.0,0.0,153.845,-8.499999999999993,80.12,74.04
3994,999,-10.08,15.0,15.0,56.66336,0.0,0.0,0.0,30.0,0.0,1244.7766666666666,-29.33,80.12,74.04
3995,999,-28.99,15.0,15.0,55.105913,0.0,0.0,0.0,30.0,0.0,240.57333333333335,-140.565,80.12,74.04
3996,999,-44.87,15.0,15.0,53.548466,0.0,0.0,0.0,30.0,0.0,0.0,-30.79,80.12,74.04
3997,1000,-65.44,15.0,15.0,51.99102,0.0,0.0,0.0,30.0,0.0,90.47,-78.5875,80.12,74.04
3998,1000,-79.99,15.0,15.0,50.433573,0.0,0.0,0.0,30.0,0.0,333.2625,-54.015,80.12,74.04
3999,1000,-56.17,15.0,15.0,48.876126,0.0,0.0,0.0,30.0,0.0,219.48250000000002,-43.7375,80.12,74.04
4000,1000,-29.17,15.0,15.0,47.318679,0.0,0.0,0.0,30.0,0.0,164.92333333333335,-265.30500000000006,80.12,74.04
4001,1001,-4.5,15.0,15.0,45.761232,0.0,0.0,0.0,30.0,0.0,67.23333333333333,-388.18,80.12,74.04
4002,1001,-0.01,15.0,15.0,44.203786,30.0,30.0,0.0,30.0,0.0,51.425000000000004,31.986666666666665,80.12,74.04
4003,1001,32.09,15.0,15.0,42.646339,0.0,0.0,0.0,30.0,0.0,15.68,13.700000000000003,80.12,74.04
4004,1001,70.0,15.0,15.0,41.088892,0.0,0.0,0.0,30.0,0.0,0.0,11.8275,80.12,74.04
4005,1002,67.77,15.0,15.0,39.531445,0.0,0.0,0.0,30.0,0.0,78.05,9.11,77.53999999999999,75.74000000000001
4006,1002,63.25,15.0,15.0,37.973998,0.0,0.0,0.0,30.0,0.0,17.536666666666665,-41.3575,77.53999999999999,75.74000000000001
4007,1002,40.72,15.0,15.0,36.416551,0.0,0.0,0.0,30.0,0.0,85.38666666666667,-195.2925,77.53999999999999,75.74000000000001
4008,1002,25.01,15.0,15.0,34.859105,0.0,0.0,0.0,30.0,0.0,0.0,-137.64249999999998,77.53999999999999,75.74000000000001
4009,1003,10.25,15.0,15.0,33.301658,0.0,0.0,0.0,30.0,0.0,0.0,-77.1575,74.96,77.44
4010,1003,4.92,15.0,15.0,31.744211,0.0,0.0,0.0,30.0,0.0,0.0,-25.195,74.96,77.44
4011,1003,2.92,15.0,15.0,30.186764,0.0,0.0,0.0,30.0,0.0,0.0,-52.835,74.96,77.44
4012,1003,2.19,15.0,15.0,28.629317,0.0,0.0,0.0,30.0,0.0,84.97,-77.3025,74.96,77.44
4013,1004,2.53,15.0,15.0,27.071871,0.0,0.0,0.0,30.0,0.0,0.0,-55.7025,74.96,77.44
4014,1004,2.95,15.0,15.0,25.514424,0.0,0.0,0.0,30.0,0.0,0.0,-87.1325,74.96,77.44
4015,1004,0.47,15.0,15.0,23.956977,0.0,0.0,0.0,30.0,0.0,5.68,-189.18,74.96,77.44
4016,1004,-0.02,15.0,15.0,22.39953,30.0,30.0,0.0,30.0,0.0,9.57,-35.912499999999994,74.96,77.44
4017,1005,-1.27,15.0,15.0,20.842083,0.0,0.0,0.0,30.0,0.0,0.0,-53.5,74.96,77.44
4018,1005,-10.0,15.0,15.0,19.284637,0.0,0.0,0.0,30.0,0.0,0.0,-40.5,74.96,77.44
4019,1005,-13.33,15.0,15.0,17.72719,0.0,0.0,0.0,30.0,0.0,0.0,-49.5,74.96,77.44
4020,1005,-20.0,15.0,15.0,16.169743,0.0,0.0,0.0,30.0,0.0,0.0,-43.405,74.96,77.44
4021,1006,-30.0,15.0,15.0,14.612296,0.0,0.0,0.0,30.0,0.0,0.0,3.625,74.96,77.44
4022,1006,-35.66,15.0,15.0,13.054849,0.0,0.0,0.0,30.0,0.0,57.45,-86.795,74.96,77.44
4023,1006,-29.03,15.0,15.0,11.497403,30.0,30.0,0.0,30.0,0.0,10.31,-39.91,74.96,77.44
4024,1006,-10.02,15.0,15.0,9.9399558,0.0,0.0,0.0,30.0,0.0,73.84,-125.61000000000001,74.96,77.44
4025,1007,-1.99,15.0,15.0,8.3825089,30.0,30.0,0.0,30.0,0.0,78.03,-184.78750000000002,74.96,77.44
4026,1007,52.41,15.0,15.0,6.8250621,0.0,0.0,0.0,30.0,0.0,44.824999999999996,-76.53999999999999,74.96,77.44
4027,1007,92.26,15.0,15.0,5.2676153,0.0,0.0,0.0,30.0,0.0,42.805,-87.98333333333333,74.96,77.44
4028,1007,111.04,15.0,15.0,3.7101685,0.0,0.0,0.0,30.0,0.0,30.7425,0.0,74.96,77.44
4029,1008,117.7,16.539108,13.460892,5.2676153,0.0,3.078217,3.078217,26.921783,0.0,857.6766666666665,0.0,61.46,49.519999999999996
4030,1008,118.27,16.539108,13.460892,6.8250621,0.0,3.078217,3.078217,26.921783,0.0,100.4025,64.06,61.46,49.519999999999996
4031,1008,91.6,16.539108,13.460892,8.3825089,0.0,3.078217,3.078217,26.921783,0.0,94.56,64.06,61.46,49.519999999999996
4032,1008,70.16,16.539108,13.460892,9.9399558,0.0,3.078217,3.078217,26.921783,0.0,100.615,57.31333333333333,61.46,49.519999999999996
4033,1009,60.78,15.0,15.0,8.3825089,0.0,0.0,0.0,30.0,0.0,28.1025,-23.229999999999997,47.96,21.6
4034,1009,63.7,15.0,15.0,6.8250621,0.0,0.0,0.0,30.0,0.0,46.63,-24.33666666666667,47.96,21.6
4035,1009,70.0,15.0,15.0,5.2676153,0.0,0.0,0.0,30.0,0.0,92.7375,-32.542500000000004,47.96,21.6
4036,1009,69.41,15.0,15.0,3.7101685,0.0,0.0,0.0,30.0,0.0,68.16499999999999,0.0,47.96,21.6
4037,1010,84.9,17.308663,12.691337,6.8250621,0.0,4.6173255,4.6173255,25.382675,0.0,61.2075,0.0,47.96,21.6
4038,1010,108.7,17.308663,12.691337,9.9399558,0.0,4.6173255,4.6173255,25.382675,0.0,44.055,70.98,47.96,21.6
4039,1010,126.0,17.308663,12.691337,13.054849,0.0,4.6173255,4.6173255,25.382675,0.0,324.53,0.0,47.96,21.6
4040,1010,117.85,17.308663,12.691337,16.169743,0.0,4.6173255,4.6173255,25.382675,0.0,77.5525,23.416666666666664,47.96,21.6
4041,1011,84.73,15.0,15.0,14.612296,0.0,0.0,0.0,30.0,0.0,55.22,-103.22750000000002,47.96,21.6
4042,1011,63.48,15.0,15.0,13.054849,0.0,0.0,0.0,30.0,0.0,113.10666666666667,-52.4775,47.96,21.6
4043,1011,46.9,15.0,15.0,11.497403,0.0,0.0,0.0,30.0,0.0,0.0,-42.0,47.96,21.6
4044,1011,36.54,15.0,15.0,9.9399558,0.0,0.0,0.0,30.0,0.0,0.0,-95.92750000000001,47.96,21.6
4045,1012,34.59,15.0,15.0,8.3825089,30.0,30.0,0.0,30.0,0.0,70.8625,-387.13,47.96,21.6
4046,1012,39.45,15.0,15.0,6.8250621,0.0,0.0,0.0,30.0,0.0,0.0,-171.655,47.96,21.6
4047,1012,46.15,15.0,15.0,5.2676153,0.0,0.0,0.0,30.0,0.0,111.85249999999999,-14.07,47.96,21.6
4048,1012,54.07,15.0,15.0,3.7101685,0.0,0.0,0.0,30.0,0.0,0.0,-203.02500000000003,47.96,21.6
4049,1013,77.54,15.769554,14.230446,3.7101685,0.0,1.5391085,1.5391085,28.460892,0.0,71.55666666666667,-327.92,47.96,21.6
4050,1013,101.36,15.769554,14.230446,3.7101685,0.0,1.5391085,1.5391085,28.460892,0.0,121.36,-11.510000000000005,47.96,21.6
4051,1013,139.0,15.769554,14.230446,3.7101685,0.0,1.5391085,1.5391085,28.460892,0.0,79.36,60.99,47.96,21.6
4052,1013,181.54,15.769554,14.230446,3.7101685,0.0,1.5391085,1.5391085,28.460892,0.0,58.91,-156.50749999999994,47.96,21.6
4053,1014,196.93,18.847771,11.152229,9.9399558,0.0,7.6955425,7.6955425,22.304458,0.0,123.96,-188.39333333333326,41.260000000000005,18.080000000000002
4054,1014,126.61,18.847771,11.152229,16.169743,0.0,7.6955425,7.6955425,22.304458,0.0,227.40250000000003,69.98,41.260000000000005,18.080000000000002
4055,1014,103.39,18.847771,11.152229,22.39953,0.0,7.6955425,7.6955425,22.304458,0.0,95.0825,51.5125,41.260000000000005,18.080000000000002
4056,1014,88.07,18.847771,11.152229,28.629317,0.0,7.6955425,7.6955425,22.304458,0.0,87.535,64.98,41.260000000000005,18.080000000000002
4057,1015,84.9,15.0,15.0,27.071871,0.0,0.0,0.0,30.0,0.0,82.19666666666667,76.545,34.56,14.56
4058,1015,87.27,15.0,15.0,25.514424,0.0,0.0,0.0,30.0,0.0,0.0,71.92,34.56,14.56
4059,1015,84.6,15.0,15.0,23.956977,0.0,0.0,0.0,30.0,0.0,0.0,71.0025,34.56,14.56
4060,1015,86.6,15.0,15.0,22.39953,0.0,0.0,0.0,30.0,0.0,82.895,77.54,34.56,14.56
4061,1016,94.9,15.0,15.0,20.842083,0.0,0.0,0.0,30.0,0.0,0.0,62.5075,34.56,14.56
4062,1016,117.44,15.0,15.0,19.284637,0.0,0.0,0.0,30.0,0.0,87.83500000000001,53.98,34.56,14.56
4063,1016,115.89,15.0,15.0,17.72719,0.0,0.0,0.0,30.0,0.0,66.7575,85.06,34.56,14.56
4064,1016,90.0,15.0,15.0,16.169743,0.0,0.0,0.0,30.0,0.0,80.8425,75.98,34.56,14.56
4065,1017,87.05,15.0,15.0,14.612296,0.0,0.0,0.0,30.0,0.0,9.42,69.5875,34.56,14.56
4066,1017,81.01,15.0,15.0,13.054849,0.0,0.0,0.0,30.0,0.0,106.79,74.35,34.56,14.56
4067,1017,68.34,15.0,15.0,11.497403,0.0,0.0,0.0,30.0,0.0,211.48000000000002,73.7,34.56,14.56
4068,1017,66.91,15.0,15.0,9.9399558,0.0,0.0,0.0,30.0,0.0,79.39,0.0,34.56,14.56
4069,1018,77.1,15.0,15.0,8.3825089,0.0,0.0,0.0,30.0,0.0,0.0,73.2,34.56,14.56
4070,1018,85.05,15.0,15.0,6.8250621,0.0,0.0,0.0,30.0,0.0,98.0725,80.69,34.56,14.56
4071,1018,90.0,15.0,15.0,5.2676153,0.0,0.0,0.0,30.0,0.0,86.05,66.825,34.56,14.56
4072,1018,91.0,15.0,15.0,3.7101685,0.0,0.0,0.0,30.0,0.0,29.112499999999997,63.269999999999996,34.56,14.56
4073,1019,94.65,24.01914,5.9808595,20.405927,0.0,18.038281,18.038281,11.961719,0.0,393.98,77.98,34.56,14.56
4074,1019,115.17,24.01914,5.9808595,37.101685,0.0,18.038281,18.038281,11.961719,0.0,110.10249999999999,73.58,34.56,14.56
4075,1019,141.6,24.01914,5.9808595,53.797444,0.0,18.038281,18.038281,11.961719,0.0,94.74000000000001,0.0,34.56,14.56
4076,1019,150.8,24.01914,5.9808595,70.493202,0.0,18.038281,18.038281,11.961719,0.0,114.5475,0.0,34.56,14.56
4077,1020,113.09,15.0,15.0,68.935755,0.0,0.0,0.0,30.0,0.0,83.67,76.48,39.540000000000006,20.52
4078,1020,95.19,15.0,15.0,67.378308,0.0,0.0,0.0,30.0,0.0,5.7925,77.98,39.540000000000006,20.52
4079,1020,86.35,15.0,15.0,65.820861,0.0,0.0,0.0,30.0,0.0,107.1725,0.0,39.540000000000006,20.52
4080,1020,100.05,15.0,15.0,64.263415,0.0,0.0,0.0,30.0,0.0,69.3375,0.0,39.540000000000006,20.52
4081,1021,89.24,15.0,15.0,62.705968,0.0,0.0,0.0,30.0,0.0,45.275,69.98,44.52,26.48
4082,1021,79.7,15.0,15.0,61.148521,0.0,0.0,0.0,30.0,0.0,93.83333333333333,69.82666666666667,44.52,26.48
4083,1021,77.06,15.0,15.0,59.591074,0.0,0.0,0.0,30.0,0.0,77.51,0.0,44.52,26.48
4084,1021,81.17,15.0,15.0,58.033627,0.0,0.0,0.0,30.0,0.0,201.66,0.0,44.52,26.48
4085,1022,77.32,15.0,15.0,56.476181,30.0,30.0,0.0,30.0,0.0,105.715,0.0,44.52,26.48
4086,1022,101.9,15.0,15.0,54.918734,0.0,0.0,0.0,30.0,0.0,10.05,66.35,44.52,26.48
4087,1022,112.14,15.0,15.0,53.361287,0.0,0.0,0.0,30.0,0.0,101.97,71.6675,44.52,26.48
4088,1022,104.23,15.0,15.0,51.80384,0.0,0.0,0.0,30.0,0.0,47.18,48.92,44.52,26.48
4089,1023,81.73,15.0,15.0,50.246393,30.0,30.0,0.0,30.0,0.0,0.0,-19.814999999999998,44.52,26.48
4090,1023,72.49,15.0,15.0,48.688947,0.0,0.0,0.0,30.0,0.0,62.07,-36.7925,44.52,26.48
4091,1023,60.26,15.0,15.0,47.1315,0.0,0.0,0.0,30.0,0.0,0.0,34.155,44.52,26.48
4092,1023,45.0,15.0,15.0,45.574053,0.0,0.0,0.0,30.0,0.0,80.13,42.98,44.52,26.48
4093,1024,33.56,15.0,15.0,44.016606,0.0,0.0,0.0,30.0,0.0,56.3125,37.879999999999995,44.52,26.48
4094,1024,21.87,15.0,15.0,42.459159,0.0,0.0,0.0,30.0,0.0,0.0,8.427500000000002,44.52,26.48
4095,1024,13.44,15.0,15.0,40.901712,0.0,0.0,0.0,30.0,0.0,66.8225,-35.7625,44.52,26.48
4096,1024,30.03,15.0,15.0,39.344266,30.0,30.0,0.0,30.0,0.0,98.84,-24.255000000000003,44.52,26.48
4097,1025,64.16,15.0,15.0,37.786819,0.0,0.0,0.0,30.0,0.0,0.0,-11.235,44.52,26.48
4098,1025,79.78,15.0,15.0,36.229372,0.0,0.0,0.0,30.0,0.0,71.02666666666667,18.747500000000002,44.52,26.48
4099,1025,99.89,15.0,15.0,34.671925,0.0,0.0,0.0,30.0,0.0,106.44749999999999,64.18,44.52,26.48
4100,1025,122.69,15.0,15.0,33.114478,0.0,0.0,0.0,30.0,0.0,91.86,72.245,44.52,26.48
4101,1026,117.7,15.0,15.0,31.557032,0.0,0.0,0.0,30.0,0.0,99.7675,78.14,42.9,23.9
4102,1026,109.2,15.0,15.0,29.999585,0.0,0.0,0.0,30.0,0.0,129.4875,74.85,42.9,23.9
4103,1026,93.31,15.0,15.0,28.442138,0.0,0.0,0.0,30.0,0.0,0.0,65.66499999999999,42.9,23.9
4104,1026,86.09,15.0,15.0,26.884691,0.0,0.0,0.0,30.0,0.0,87.66,72.42,42.9,23.9
4105,1027,81.56,15.0,15.0,25.327244,0.0,0.0,0.0,30.0,0.0,93.99,72.6425,41.28,21.32
4106,1027,78.96,15.0,15.0,23.769798,0.0,0.0,0.0,30.0,0.0,0.0,73.1025,41.28,21.32
4107,1027,79.05,15.0,15.0,22.212351,0.0,0.0,0.0,30.0,0.0,0.0,62.86,41.28,21.32
4108,1027,83.6,15.0,15.0,20.654904,0.0,0.0,0.0,30.0,0.0,49.019999999999996,73.66,41.28,21.32
4109,1028,87.72,15.21551,14.78449,19.533614,0.0,0.431021,0.431021,29.568979,0.0,78.95,74.8775,41.28,21.32
4110,1028,111.36,15.21551,14.78449,18.412323,0.0,0.431021,0.431021,29.568979,0.0,0.0,51.055,41.28,21.32
4111,1028,112.63,15.21551,14.78449,17.291033,0.0,0.431021,0.431021,29.568979,0.0,84.47999999999999,0.0,41.28,21.32
4112,1028,102.99,15.21551,14.78449,16.169743,0.0,0.431021,0.431021,29.568979,0.0,192.35,-7.415000000000006,41.28,21.32
4113,1029,81.09,15.0,15.0,14.612296,0.0,0.0,0.0,30.0,0.0,332.64,-4.784999999999997,41.28,21.32
4114,1029,70.0,15.0,15.0,13.054849,0.0,0.0,0.0,30.0,0.0,0.0,-48.5,41.28,21.32
4115,1029,60.08,15.0,15.0,11.497403,0.0,0.0,0.0,30.0,0.0,0.0,-6.07,41.28,21.32
4116,1029,56.87,15.0,15.0,9.9399558,0.0,0.0,0.0,30.0,0.0,60.405,0.0,41.28,21.32
4117,1030,55.21,15.0,15.0,8.3825089,0.0,0.0,0.0,30.0,0.0,151.9075,0.0,41.28,21.32
4118,1030,58.59,15.0,15.0,6.8250621,0.0,0.0,0.0,30.0,0.0,93.25,67.9,41.28,21.32
4119,1030,67.72,15.0,15.0,5.2676153,0.0,0.0,0.0,30.0,0.0,0.0,69.275,41.28,21.32
4120,1030,76.39,15.0,15.0,3.7101685,0.0,0.0,0.0,30.0,0.0,86.86333333333333,0.0,41.28,21.32
4121,1031,89.04,24.01914,5.9808595,20.405927,0.0,18.038281,18.038281,11.961719,0.0,53.295,0.0,41.28,21.32
4122,1031,107.48,24.01914,5.9808595,37.101685,0.0,18.038281,18.038281,11.961719,0.0,86.14,0.0,41.28,21.32
4123,1031,138.38,24.01914,5.9808595,53.797444,0.0,18.038281,18.038281,11.961719,0.0,9.9,0.0,41.28,21.32
4124,1031,170.48,24.01914,5.9808595,70.493202,0.0,18.038281,18.038281,11.961719,0.0,267.5725,76.98,41.28,21.32
4125,1032,129.93,15.769554,14.230446,70.493202,0.0,1.5391085,1.5391085,28.460892,0.0,74.245,0.0,39.019999999999996,20.06
4126,1032,112.2,15.769554,14.230446,70.493202,0.0,1.5391085,1.5391085,28.460892,0.0,52.395,0.0,39.019999999999996,20.06
4127,1032,95.32,15.769554,14.230446,70.493202,0.0,1.5391085,1.5391085,28.460892,0.0,69.64666666666668,72.42,39.019999999999996,20.06
4128,1032,100.94,15.769554,14.230446,70.493202,0.0,1.5391085,1.5391085,28.460892,0.0,156.21,75.91,39.019999999999996,20.06
4129,1033,90.88,15.0,15.0,68.935755,0.0,0.0,0.0,30.0,0.0,145.96,0.0,36.76,18.8
4130,1033,89.95,15.0,15.0,67.378308,0.0,0.0,0.0,30.0,0.0,83.1675,0.0,36.76,18.8
4131,1033,87.46,15.0,15.0,65.820861,0.0,0.0,0.0,30.0,0.0,89.495,0.0,36.76,18.8
4132,1033,84.5,15.0,15.0,64.263415,0.0,0.0,0.0,30.0,0.0,88.84,75.14,36.76,18.8
4133,1034,85.38,16.539108,13.460892,65.820861,0.0,3.078217,3.078217,26.921783,0.0,0.0,67.375,36.76,18.8
4134,1034,96.0,16.539108,13.460892,67.378308,0.0,3.078217,3.078217,26.921783,0.0,92.16,71.94333333333333,36.76,18.8
4135,1034,120.9,16.539108,13.460892,68.935755,0.0,3.078217,3.078217,26.921783,0.0,122.2125,0.0,36.76,18.8
4136,1034,120.85,16.539108,13.460892,70.493202,0.0,3.078217,3.078217,26.921783,0.0,114.0,71.52333333333333,36.76,18.8
4137,1035,111.67,15.0,15.0,68.935755,0.0,0.0,0.0,30.0,0.0,10.01,36.652499999999996,36.76,18.8
4138,1035,100.65,15.0,15.0,67.378308,0.0,0.0,0.0,30.0,0.0,71.39,75.41999999999999,36.76,18.8
4139,1035,89.94,15.0,15.0,65.820861,0.0,0.0,0.0,30.0,0.0,135.29749999999999,65.75750000000001,36.76,18.8
4140,1035,88.54,15.0,15.0,64.263415,0.0,0.0,0.0,30.0,0.0,131.505,56.00666666666667,36.76,18.8
4141,1036,81.9,15.0,15.0,62.705968,0.0,0.0,0.0,30.0,0.0,7.825,0.0,36.76,18.8
4142,1036,73.77,15.0,15.0,61.148521,0.0,0.0,0.0,30.0,0.0,365.69,0.0,36.76,18.8
4143,1036,74.32,15.0,15.0,59.591074,0.0,0.0,0.0,30.0,0.0,89.6,0.0,36.76,18.8
4144,1036,78.75,15.0,15.0,58.033627,0.0,0.0,0.0,30.0,0.0,94.9,76.29,36.76,18.8
4145,1037,91.72,17.308663,12.691337,61.148521,0.0,4.6173255,4.6173255,25.382675,0.0,129.49,0.0,36.76,18.8
4146,1037,99.74,17.308663,12.691337,64.263415,0.0,4.6173255,4.6173255,25.382675,0.0,124.11,0.0,36.76,18.8
4147,1037,109.56,17.308663,12.691337,67.378308,0.0,4.6173255,4.6173255,25.382675,0.0,88.06,71.295,36.76,18.8
4148,1037,112.0,17.308663,12.691337,70.493202,0.0,4.6173255,4.6173255,25.382675,0.0,88.06,68.015,36.76,18.8
4149,1038,105.53,15.0,15.0,68.935755,30.0,30.0,0.0,30.0,0.0,88.06,42.870000000000005,41.72,30.700000000000003
4150,1038,96.3,15.0,15.0,67.378308,0.0,0.0,0.0,30.0,0.0,85.8475,71.54333333333334,41.72,30.700000000000003
4151,1038,82.69,15.0,15.0,65.820861,0.0,0.0,0.0,30.0,0.0,105.27,58.14,41.72,30.700000000000003
4152,1038,80.78,15.0,15.0,64.263415,0.0,0.0,0.0,30.0,0.0,9.556666666666667,42.915,41.72,30.700000000000003
4153,1039,70.87,15.0,15.0,62.705968,0.0,0.0,0.0,30.0,0.0,8.96,0.6750000000000007,46.68,42.6
4154,1039,61.8,15.0,15.0,61.148521,0.0,0.0,0.0,30.0,0.0,0.0,-54.4675,46.68,42.6
4155,1039,50.5,15.0,15.0,59.591074,0.0,0.0,0.0,30.0,0.0,0.0,-137.6125,46.68,42.6
4156,1039,49.62,15.0,15.0,58.033627,0.0,0.0,0.0,30.0,0.0,0.0,-6.649999999999998,46.68,42.6
4157,1040,46.47,15.0,15.0,56.476181,0.0,0.0,0.0,30.0,0.0,14.84,55.44,46.68,42.6
4158,1040,58.15,15.0,15.0,54.918734,0.0,0.0,0.0,30.0,0.0,0.0,38.76333333333333,46.68,42.6
4159,1040,48.71,15.0,15.0,53.361287,0.0,0.0,0.0,30.0,0.0,0.0,-67.4625,46.68,42.6
4160,1040,43.79,15.0,15.0,51.80384,0.0,0.0,0.0,30.0,0.0,0.0,-241.14249999999993,46.68,42.6
4161,1041,34.65,15.0,15.0,50.246393,0.0,0.0,0.0,30.0,0.0,5.156666666666666,70.98,46.68,42.6
4162,1041,12.54,15.0,15.0,48.688947,30.0,30.0,0.0,30.0,0.0,0.0,-46.28,46.68,42.6
4163,1041,3.59,15.0,15.0,47.1315,0.0,0.0,0.0,30.0,0.0,0.0,-52.5,46.68,42.6
4164,1041,2.65,15.0,15.0,45.574053,30.0,30.0,0.0,30.0,0.0,0.0,-323.14,46.68,42.6
4165,1042,0.03,11.367739,18.632261,36.665529,7.2645215,0.0,-7.2645215,22.735479,0.0,0.0,-308.3825,46.68,42.6
4166,1042,-0.01,11.367739,18.632261,27.757004,30.0,22.735479,-7.2645209999999985,22.735479,0.0,0.0,-58.74,46.68,42.6
4167,1042,0.08,11.367739,18.632261,18.84848,30.0,22.735479,-7.2645209999999985,22.735479,0.0,0.0,-66.735,46.68,42.6
4168,1042,4.51,11.367739,18.632261,9.9399558,30.0,22.735479,-7.2645209999999985,22.735479,0.0,81.36500000000001,-244.64500000000004,46.68,42.6
4169,1043,38.48,15.0,15.0,8.3825089,0.0,0.0,0.0,30.0,0.0,53.660000000000004,8.479999999999997,46.68,42.6
4170,1043,75.3,15.0,15.0,6.8250621,0.0,0.0,0.0,30.0,0.0,82.25666666666666,70.0,46.68,42.6
4171,1043,107.8,15.0,15.0,5.2676153,0.0,0.0,0.0,30.0,0.0,0.0,-128.1475,46.68,42.6
4172,1043,122.36,15.0,15.0,3.7101685,0.0,0.0,0.0,30.0,0.0,106.97,9.396666666666661,46.68,42.6
4173,1044,124.05,19.617325,10.382675,11.497403,0.0,9.234651,9.234651,0.0,20.765349,78.5025,0.0,52.26,47.64
4174,1044,111.25,19.617325,10.382675,19.284637,0.0,9.234651,9.234651,0.0,20.765349,60.337500000000006,0.0,52.26,47.64
4175,1044,90.99,19.617325,10.382675,27.071871,0.0,9.234651,9.234651,0.0,20.765349,79.83333333333333,65.98,52.26,47.64
4176,1044,98.06,19.617325,10.382675,34.859105,0.0,9.234651,9.234651,0.0,20.765349,97.93333333333334,60.156666666666666,52.26,47.64
4177,1045,85.26,15.0,15.0,33.301658,0.0,0.0,0.0,30.0,0.0,95.72,-2.92,57.84,52.68
4178,1045,84.96,15.0,15.0,31.744211,0.0,0.0,0.0,30.0,0.0,67.16,0.0,57.84,52.68
4179,1045,80.19,15.0,15.0,30.186764,0.0,0.0,0.0,30.0,0.0,88.1275,0.0,57.84,52.68
4180,1045,78.3,15.0,15.0,28.629317,0.0,0.0,0.0,30.0,0.0,80.92333333333333,67.53,57.84,52.68
4181,1046,75.6,15.0,15.0,27.071871,0.0,0.0,0.0,30.0,0.0,8.67,57.333333333333336,57.84,52.68
4182,1046,71.45,15.0,15.0,25.514424,0.0,0.0,0.0,30.0,0.0,51.935,-15.752500000000005,57.84,52.68
4183,1046,48.15,15.0,15.0,23.956977,0.0,0.0,0.0,30.0,0.0,7.843333333333333,-235.98999999999995,57.84,52.68
4184,1046,17.97,15.0,15.0,22.39953,0.0,0.0,0.0,30.0,0.0,28.88333333333333,-71.0,57.84,52.68
4185,1047,4.24,15.0,15.0,20.842083,0.0,0.0,0.0,30.0,0.0,55.74,-749.975,57.84,52.68
4186,1047,0.0,15.0,15.0,19.284637,0.0,0.0,0.0,30.0,0.0,156.13666666666666,-74.0,57.84,52.68
4187,1047,-0.05,15.0,15.0,17.72719,30.0,30.0,0.0,30.0,0.0,66.6675,-21.5925,57.84,52.68
4188,1047,-0.1,15.0,15.0,16.169743,30.0,30.0,0.0,30.0,0.0,35.4,0.0,57.84,52.68
4189,1048,-1.03,15.0,15.0,14.612296,30.0,30.0,0.0,30.0,0.0,140.47250000000003,-4.792499999999997,57.84,52.68
4190,1048,-2.21,15.0,15.0,13.054849,30.0,30.0,0.0,30.0,0.0,160.435,-311.70000000000005,57.84,52.68
4191,1048,-2.04,15.0,15.0,11.497403,0.0,0.0,0.0,30.0,0.0,76.81,-288.62,57.84,52.68
4192,1048,-0.23,15.0,15.0,9.9399558,30.0,30.0,0.0,30.0,0.0,187.76,-540.99,57.84,52.68
4193,1049,18.97,15.0,15.0,8.3825089,0.0,0.0,0.0,30.0,0.0,141.20499999999998,-1000.0,57.84,52.68
4194,1049,63.6,15.0,15.0,6.8250621,0.0,0.0,0.0,30.0,0.0,82.81666666666666,-365.71333333333325,57.84,52.68
4195,1049,91.72,15.0,15.0,5.2676153,0.0,0.0,0.0,30.0,0.0,55.082499999999996,-203.9066666666667,57.84,52.68
4196,1049,113.5,15.0,15.0,3.7101685,30.0,30.0,0.0,30.0,0.0,250.32,-461.74,57.84,52.68
4197,1050,125.01,16.539108,13.460892,5.2676153,0.0,3.078217,3.078217,26.921783,0.0,88.08250000000001,71.6,48.739999999999995,35.519999999999996
4198,1050,120.1,16.539108,13.460892,6.8250621,0.0,3.078217,3.078217,26.921783,0.0,76.265,0.0,48.739999999999995,35.519999999999996
4199,1050,99.9,16.539108,13.460892,8.3825089,0.0,3.078217,3.078217,26.921783,0.0,8.8225,73.97,48.739999999999995,35.519999999999996
4200,1050,105.63,16.539108,13.460892,9.9399558,0.0,3.078217,3.078217,26.921783,0.0,78.2375,46.86,48.739999999999995,35.519999999999996
4201,1051,95.1,15.0,15.0,8.3825089,0.0,0.0,0.0,30.0,0.0,72.8125,74.71,39.64,18.36
4202,1051,89.93,15.0,15.0,6.8250621,0.0,0.0,0.0,30.0,0.0,91.41666666666666,73.745,39.64,18.36
4203,1051,84.9,15.0,15.0,5.2676153,0.0,0.0,0.0,30.0,0.0,51.0625,79.84,39.64,18.36
4204,1051,87.45,15.0,15.0,3.7101685,0.0,0.0,0.0,30.0,0.0,103.615,0.0,39.64,18.36
4205,1052,98.71,17.308663,12.691337,6.8250621,0.0,4.6173255,4.6173255,25.382675,0.0,48.4,76.79666666666667,39.64,18.36
4206,1052,133.14,17.308663,12.691337,9.9399558,0.0,4.6173255,4.6173255,25.382675,0.0,86.34,65.54,39.64,18.36
4207,1052,129.35,17.308663,12.691337,13.054849,0.0,4.6173255,4.6173255,25.382675,0.0,24.53,0.0,39.64,18.36
4208,1052,98.64,17.308663,12.691337,16.169743,0.0,4.6173255,4.6173255,25.382675,0.0,90.215,0.0,39.64,18.36
4209,1053,75.6,15.0,15.0,14.612296,0.0,0.0,0.0,30.0,0.0,76.42,23.685000000000002,39.64,18.36
4210,1053,50.62,15.0,15.0,13.054849,0.0,0.0,0.0,30.0,0.0,585.79,-33.230000000000004,39.64,18.36
4211,1053,34.3,15.0,15.0,11.497403,0.0,0.0,0.0,30.0,0.0,37.33,-10.23,39.64,18.36
4212,1053,31.08,15.0,15.0,9.9399558,30.0,30.0,0.0,30.0,0.0,131.515,-30.0,39.64,18.36
4213,1054,27.54,15.0,15.0,8.3825089,30.0,30.0,0.0,30.0,0.0,109.12,-32.1875,39.64,18.36
4214,1054,26.0,15.0,15.0,6.8250621,30.0,30.0,0.0,30.0,0.0,43.286666666666676,-71.37,39.64,18.36
4215,1054,31.84,15.0,15.0,5.2676153,0.0,0.0,0.0,30.0,0.0,101.93,-112.0575,39.64,18.36
4216,1054,62.23,15.0,15.0,3.7101685,0.0,0.0,0.0,30.0,0.0,59.25,-306.0,39.64,18.36
4217,1055,79.89,15.769554,14.230446,3.7101685,0.0,1.5391085,1.5391085,0.0,0.0,33.935,-23.377500000000005,39.64,18.36
4218,1055,93.1,20.307008,9.6929924,12.893202,0.0,10.614015,10.614015,0.0,0.0,11.02,66.31,39.64,18.36
4219,1055,151.9,30.0,0.0,41.693202,0.0,30.0,30.0,0.0,0.0,17.07,71.27,39.64,18.36
4220,1055,203.34,30.0,0.0,70.493202,0.0,30.0,30.0,0.0,0.0,40.7575,0.0,39.64,18.36
4221,1056,156.07,15.769554,14.230446,70.493202,0.0,1.5391085,1.5391085,28.460892,0.0,27.61,78.0,40.72,18.36
4222,1056,117.4,15.769554,14.230446,70.493202,0.0,1.5391085,1.5391085,28.460892,0.0,73.8525,72.76,40.72,18.36
4223,1056,92.35,15.769554,14.230446,70.493202,0.0,1.5391085,1.5391085,28.460892,0.0,49.78,71.165,40.72,18.36
4224,1056,88.8,15.769554,14.230446,70.493202,0.0,1.5391085,1.5391085,28.460892,0.0,49.46,-6.06,40.72,18.36
4225,1057,84.8,15.0,15.0,68.935755,0.0,0.0,0.0,30.0,0.0,84.71000000000001,52.56,41.8,18.36
4226,1057,84.78,15.0,15.0,67.378308,0.0,0.0,0.0,30.0,0.0,0.0,57.06,41.8,18.36
4227,1057,85.22,15.0,15.0,65.820861,0.0,0.0,0.0,30.0,0.0,95.3925,77.34,41.8,18.36
4228,1057,85.5,15.0,15.0,64.263415,0.0,0.0,0.0,30.0,0.0,81.82333333333334,0.0,41.8,18.36
4229,1058,94.9,16.539108,13.460892,65.820861,0.0,3.078217,3.078217,26.921783,0.0,84.61,0.0,41.8,18.36
4230,1058,114.8,16.539108,13.460892,67.378308,0.0,3.078217,3.078217,26.921783,0.0,162.3875,0.0,41.8,18.36
4231,1058,122.0,16.539108,13.460892,68.935755,0.0,3.078217,3.078217,26.921783,0.0,109.1825,0.0,41.8,18.36
4232,1058,103.8,16.539108,13.460892,70.493202,0.0,3.078217,3.078217,26.921783,0.0,53.555,53.565,41.8,18.36
4233,1059,74.64,15.0,15.0,68.935755,0.0,0.0,0.0,30.0,0.0,0.0,26.795,41.8,18.36
4234,1059,35.69,15.0,15.0,67.378308,0.0,0.0,0.0,30.0,0.0,91.9875,14.349999999999994,41.8,18.36
4235,1059,11.8,15.0,15.0,65.820861,30.0,30.0,0.0,30.0,0.0,143.12666666666667,-36.1,41.8,18.36
4236,1059,-9.1,15.0,15.0,64.263415,30.0,30.0,0.0,30.0,0.0,0.0,-37.1175,41.8,18.36
4237,1060,-20.0,8.2895223,21.710478,49.125103,13.420955,0.0,-13.420955,16.579045,0.0,0.0,-0.10000000000000142,41.8,18.36
4238,1060,-12.89,8.2895223,21.710478,33.986792,30.0,16.579045,-13.420955,16.579045,0.0,74.47,-12.8275,41.8,18.36
4239,1060,9.5,8.2895223,21.710478,18.84848,13.420955,0.0,-13.420955,16.579045,0.0,0.0,-75.115,41.8,18.36
4240,1060,25.0,8.2895223,21.710478,3.7101685,13.420955,0.0,-13.420955,16.579045,0.0,51.675,-78.8375,41.8,18.36
4241,1061,62.9,15.769554,14.230446,3.7101685,28.460892,30.0,1.5391079999999988,28.460892,0.0,99.03999999999999,24.95333333333333,41.8,18.36
4242,1061,78.9,15.769554,14.230446,3.7101685,0.0,1.5391085,1.5391085,28.460892,0.0,104.1675,0.0,41.8,18.36
4243,1061,107.74,15.769554,14.230446,3.7101685,28.460892,30.0,1.5391079999999988,28.460892,0.0,180.93666666666667,70.05,41.8,18.36
4244,1061,125.89,15.769554,14.230446,3.7101685,0.0,1.5391085,1.5391085,28.460892,0.0,98.75750000000001,0.0,41.8,18.36
4245,1062,122.09,16.539108,13.460892,5.2676153,0.0,3.078217,3.078217,26.921783,0.0,243.86666666666667,67.11,41.68,18.82
4246,1062,106.57,16.539108,13.460892,6.8250621,0.0,3.078217,3.078217,26.921783,0.0,88.86,62.709999999999994,41.68,18.82
4247,1062,89.95,16.539108,13.460892,8.3825089,0.0,3.078217,3.078217,26.921783,0.0,0.0,69.40333333333334,41.68,18.82
4248,1062,107.27,16.539108,13.460892,9.9399558,0.0,3.078217,3.078217,26.921783,0.0,96.315,0.0,41.68,18.82
4249,1063,99.91,15.0,15.0,8.3825089,0.0,0.0,0.0,30.0,0.0,61.582499999999996,0.0,41.56,19.28
4250,1063,95.32,15.0,15.0,6.8250621,0.0,0.0,0.0,30.0,0.0,41.669999999999995,0.0,41.56,19.28
4251,1063,95.46,15.0,15.0,5.2676153,0.0,0.0,0.0,30.0,0.0,35.8225,0.0,41.56,19.28
4252,1063,91.69,15.0,15.0,3.7101685,0.0,0.0,0.0,30.0,0.0,6.74,0.0,41.56,19.28
4253,1064,97.05,17.308663,12.691337,6.8250621,0.0,4.6173255,4.6173255,25.382675,0.0,37.949999999999996,69.78,41.56,19.28
4254,1064,108.74,17.308663,12.691337,9.9399558,0.0,4.6173255,4.6173255,25.382675,0.0,13.335,0.0,41.56,19.28
4255,1064,130.0,17.308663,12.691337,13.054849,0.0,4.6173255,4.6173255,25.382675,0.0,196.5525,0.0,41.56,19.28
4256,1064,121.1,17.308663,12.691337,16.169743,0.0,4.6173255,4.6173255,25.382675,0.0,418.51666666666665,57.95,41.56,19.28
4257,1065,101.76,15.0,15.0,14.612296,0.0,0.0,0.0,30.0,0.0,11.27,38.13666666666667,41.56,19.28
4258,1065,89.88,15.0,15.0,13.054849,0.0,0.0,0.0,30.0,0.0,88.36,68.965,41.56,19.28
4259,1065,84.17,15.0,15.0,11.497403,0.0,0.0,0.0,30.0,0.0,50.94,14.689999999999998,41.56,19.28
4260,1065,78.64,15.0,15.0,9.9399558,0.0,0.0,0.0,30.0,0.0,80.86,-13.379999999999999,41.56,19.28
4261,1066,76.54,15.0,15.0,8.3825089,0.0,0.0,0.0,30.0,0.0,87.9225,28.252499999999998,41.56,19.28
4262,1066,80.0,15.0,15.0,6.8250621,0.0,0.0,0.0,30.0,0.0,0.0,24.57,41.56,19.28
4263,1066,90.49,15.0,15.0,5.2676153,0.0,0.0,0.0,30.0,0.0,91.16,12.674999999999997,41.56,19.28
4264,1066,99.91,15.0,15.0,3.7101685,0.0,0.0,0.0,30.0,0.0,41.013333333333335,-3.515,41.56,19.28
4265,1067,105.86,24.01914,5.9808595,20.405927,0.0,18.038281,18.038281,11.961719,0.0,119.0675,-37.15,41.56,19.28
4266,1067,107.31,24.01914,5.9808595,37.101685,0.0,18.038281,18.038281,11.961719,0.0,76.53,67.01,41.56,19.28
4267,1067,134.26,24.01914,5.9808595,53.797444,0.0,18.038281,18.038281,11.961719,0.0,352.66999999999996,0.0,41.56,19.28
4268,1067,144.06,24.01914,5.9808595,70.493202,0.0,18.038281,18.038281,11.961719,0.0,447.53,0.0,41.56,19.28
4269,1068,130.48,15.769554,14.230446,70.493202,0.0,1.5391085,1.5391085,28.460892,0.0,13.149999999999999,0.0,41.56,18.8
4270,1068,117.48,15.769554,14.230446,70.493202,0.0,1.5391085,1.5391085,28.460892,0.0,77.7825,0.0,41.56,18.8
4271,1068,110.0,15.769554,14.230446,70.493202,0.0,1.5391085,1.5391085,28.460892,0.0,119.53,0.0,41.56,18.8
4272,1068,96.0,15.769554,14.230446,70.493202,0.0,1.5391085,1.5391085,28.460892,0.0,45.125,0.0,41.56,18.8
4273,1069,86.91,15.0,15.0,68.935755,0.0,0.0,0.0,30.0,0.0,82.8475,59.24,41.56,18.32
4274,1069,80.5,15.0,15.0,67.378308,0.0,0.0,0.0,30.0,0.0,121.66,0.0,41.56,18.32
4275,1069,82.84,15.0,15.0,65.820861,0.0,0.0,0.0,30.0,0.0,93.435,0.0,41.56,18.32
4276,1069,78.0,15.0,15.0,64.263415,0.0,0.0,0.0,30.0,0.0,92.62,74.72999999999999,41.56,18.32
4277,1070,83.24,16.539108,13.460892,65.820861,0.0,3.078217,3.078217,26.921783,0.0,0.0,60.222500000000004,41.56,18.32
4278,1070,114.0,16.539108,13.460892,67.378308,0.0,3.078217,3.078217,26.921783,0.0,91.98333333333333,68.19,41.56,18.32
4279,1070,124.01,16.539108,13.460892,68.935755,0.0,3.078217,3.078217,26.921783,0.0,62.63666666666667,74.37666666666667,41.56,18.32
4280,1070,115.0,16.539108,13.460892,70.493202,0.0,3.078217,3.078217,26.921783,0.0,85.635,0.0,41.56,18.32
4281,1071,88.88,15.0,15.0,68.935755,0.0,0.0,0.0,30.0,0.0,94.07,0.0,41.56,18.32
4282,1071,67.08,15.0,15.0,67.378308,0.0,0.0,0.0,30.0,0.0,90.68333333333334,13.765,41.56,18.32
4283,1071,49.61,15.0,15.0,65.820861,30.0,30.0,0.0,30.0,0.0,130.95,-45.08,41.56,18.32
4284,1071,25.0,15.0,15.0,64.263415,0.0,0.0,0.0,30.0,0.0,9.04,-40.906666666666666,41.56,18.32
4285,1072,0.0,9.0590765,20.940923,50.68255,11.881847,0.0,-11.881847,18.118153,0.0,115.01,-45.07,41.56,18.32
4286,1072,-0.07,9.0590765,20.940923,37.101685,30.0,18.118153,-11.881847,18.118153,0.0,89.7725,-19.16,41.56,18.32
4287,1072,0.0,9.0590765,20.940923,23.52082,11.881847,0.0,-11.881847,18.118153,0.0,57.04666666666667,-40.44,41.56,18.32
4288,1072,19.52,9.0590765,20.940923,9.9399558,11.881847,0.0,-11.881847,18.118153,0.0,75.8675,-26.79666666666666,41.56,18.32
4289,1073,45.44,15.0,15.0,8.3825089,0.0,0.0,0.0,30.0,0.0,30.402500000000003,42.15,41.56,18.32
4290,1073,70.73,15.0,15.0,6.8250621,0.0,0.0,0.0,30.0,0.0,13.05,71.64333333333333,41.56,18.32
4291,1073,99.0,15.0,15.0,5.2676153,0.0,0.0,0.0,30.0,0.0,0.0,9.342500000000001,41.56,18.32
4292,1073,132.0,15.0,15.0,3.7101685,0.0,0.0,0.0,30.0,0.0,133.1275,42.61749999999999,41.56,18.32
4293,1074,125.0,24.01914,5.9808595,20.405927,0.0,18.038281,18.038281,11.961719,0.0,0.0,75.5925,49.86,25.14
4294,1074,106.9,24.01914,5.9808595,37.101685,0.0,18.038281,18.038281,11.961719,0.0,227.825,86.3,49.86,25.14
4295,1074,99.48,24.01914,5.9808595,53.797444,0.0,18.038281,18.038281,11.961719,0.0,77.94250000000001,0.0,49.86,25.14
4296,1074,90.71,24.01914,5.9808595,70.493202,0.0,18.038281,18.038281,11.961719,0.0,93.84,0.0,49.86,25.14
4297,1075,89.91,15.0,15.0,68.935755,0.0,0.0,0.0,30.0,0.0,150.8375,0.0,58.16,31.96
4298,1075,80.45,15.0,15.0,67.378308,0.0,0.0,0.0,30.0,0.0,36.31666666666667,66.48,58.16,31.96
4299,1075,74.77,15.0,15.0,65.820861,0.0,0.0,0.0,30.0,0.0,0.0,84.38,58.16,31.96
4300,1075,78.3,15.0,15.0,64.263415,0.0,0.0,0.0,30.0,0.0,33.772499999999994,0.0,58.16,31.96
4301,1076,84.9,15.0,15.0,62.705968,0.0,0.0,0.0,30.0,0.0,117.3725,72.35,58.16,31.96
4302,1076,110.75,15.0,15.0,61.148521,0.0,0.0,0.0,30.0,0.0,75.2475,47.8,58.16,31.96
4303,1076,90.92,15.0,15.0,59.591074,0.0,0.0,0.0,30.0,0.0,55.65,0.22999999999999687,58.16,31.96
4304,1076,75.57,15.0,15.0,58.033627,30.0,30.0,0.0,30.0,0.0,144.92,-31.419999999999998,58.16,31.96
4305,1077,25.8,15.0,15.0,56.476181,30.0,30.0,0.0,30.0,0.0,81.65333333333335,-27.69,58.16,31.96
4306,1077,0.0,15.0,15.0,54.918734,0.0,0.0,0.0,30.0,0.0,6.0,3.305000000000007,58.16,31.96
4307,1077,-10.06,15.0,15.0,53.361287,30.0,30.0,0.0,30.0,0.0,8.736666666666666,-55.6725,58.16,31.96
4308,1077,-20.0,15.0,15.0,51.80384,0.0,0.0,0.0,30.0,0.0,37.11750000000001,16.805,58.16,31.96
4309,1078,-30.0,10.598185,19.401815,41.337869,8.80363,0.0,-8.80363,21.19637,0.0,40.769999999999996,-57.11750000000001,58.16,31.96
4310,1078,-30.0,10.598185,19.401815,30.871898,8.80363,0.0,-8.80363,21.19637,0.0,0.0,-63.0,58.16,31.96
4311,1078,-15.1,10.598185,19.401815,20.405927,30.0,21.19637,-8.803629999999998,21.19637,0.0,63.167500000000004,-52.5,58.16,31.96
4312,1078,-7.92,10.598185,19.401815,9.9399558,30.0,21.19637,-8.803629999999998,21.19637,0.0,27.75,1.6025000000000063,58.16,31.96
4313,1079,1.0,15.0,15.0,8.3825089,0.0,0.0,0.0,30.0,0.0,45.56999999999999,-15.620000000000005,58.16,31.96
4314,1079,45.0,15.0,15.0,6.8250621,0.0,0.0,0.0,30.0,0.0,11.07,-29.323333333333338,58.16,31.96
4315,1079,87.02,15.0,15.0,5.2676153,0.0,0.0,0.0,30.0,0.0,69.05,0.0,58.16,31.96
4316,1079,110.13,15.0,15.0,3.7101685,0.0,0.0,0.0,30.0,0.0,105.935,0.0,58.16,31.96
4317,1080,137.48,24.01914,5.9808595,20.405927,0.0,18.038281,18.038281,11.961719,0.0,28.5625,0.0,55.019999999999996,38.1
4318,1080,126.2,24.01914,5.9808595,37.101685,0.0,18.038281,18.038281,11.961719,0.0,75.835,0.0,55.019999999999996,38.1
4319,1080,108.85,24.01914,5.9808595,53.797444,0.0,18.038281,18.038281,11.961719,0.0,86.8225,76.72,55.019999999999996,38.1
4320,1080,110.71,24.01914,5.9808595,70.493202,0.0,18.038281,18.038281,11.961719,0.0,134.2975,76.7,55.019999999999996,38.1
4321,1081,108.29,15.0,15.0,68.935755,0.0,0.0,0.0,30.0,0.0,86.83250000000001,0.0,51.88,44.24
4322,1081,107.95,15.0,15.0,67.378308,0.0,0.0,0.0,30.0,0.0,55.6575,0.0,51.88,44.24
4323,1081,107.19,15.0,15.0,65.820861,0.0,0.0,0.0,30.0,0.0,122.61500000000001,0.0,51.88,44.24
4324,1081,105.34,15.0,15.0,64.263415,0.0,0.0,0.0,30.0,0.0,90.88499999999999,0.0,51.88,44.24
4325,1082,102.13,15.0,15.0,62.705968,0.0,0.0,0.0,30.0,0.0,9.26,57.2,51.88,44.24
4326,1082,94.97,15.0,15.0,61.148521,0.0,0.0,0.0,30.0,0.0,44.155,62.97,51.88,44.24
4327,1082,82.2,15.0,15.0,59.591074,0.0,0.0,0.0,30.0,0.0,94.67666666666666,64.89,51.88,44.24
4328,1082,65.86,15.0,15.0,58.033627,0.0,0.0,0.0,30.0,0.0,0.0,9.8675,51.88,44.24
4329,1083,29.58,15.0,15.0,56.476181,30.0,30.0,0.0,30.0,0.0,0.0,2.4575000000000102,51.88,44.24
4330,1083,5.04,15.0,15.0,54.918734,30.0,30.0,0.0,30.0,0.0,0.0,-37.442499999999995,51.88,44.24
4331,1083,0.04,15.0,15.0,53.361287,30.0,30.0,0.0,30.0,0.0,0.0,-16.0325,51.88,44.24
4332,1083,-0.01,15.0,15.0,51.80384,0.0,0.0,0.0,30.0,0.0,0.0,55.59,51.88,44.24
4333,1084,-0.24,15.0,15.0,50.246393,30.0,30.0,0.0,30.0,0.0,0.0,25.555,51.88,44.24
4334,1084,-0.08,15.0,15.0,48.688947,30.0,30.0,0.0,30.0,0.0,0.0,29.39666666666666,51.88,44.24
4335,1084,1.36,15.0,15.0,47.1315,30.0,30.0,0.0,30.0,0.0,0.0,-3.907499999999999,51.88,44.24
4336,1084,12.1,15.0,15.0,45.574053,0.0,0.0,0.0,30.0,0.0,0.0,23.650000000000006,51.88,44.24
4337,1085,68.34,16.754619,13.245381,47.567656,0.0,3.509238,3.509238,26.490762,0.0,96.92666666666666,53.83,51.88,44.24
4338,1085,103.25,16.754619,13.245381,49.56126,0.0,3.509238,3.509238,26.490762,0.0,49.41499999999999,0.0,51.88,44.24
4339,1085,126.93,16.754619,13.245381,51.554863,0.0,3.509238,3.509238,26.490762,0.0,149.4925,0.0,51.88,44.24
4340,1085,139.0,16.754619,13.245381,53.548466,0.0,3.509238,3.509238,26.490762,0.0,62.64666666666667,73.45666666666666,51.88,44.24
4341,1086,113.5,15.0,15.0,51.99102,0.0,0.0,0.0,0.0,30.0,62.09,75.2975,54.44,58.34
4342,1086,100.1,15.0,15.0,50.433573,0.0,0.0,0.0,0.0,30.0,77.6425,76.63666666666667,54.44,58.34
4343,1086,93.81,15.0,15.0,48.876126,0.0,0.0,0.0,0.0,30.0,41.14666666666666,72.41,54.44,58.34
4344,1086,80.7,15.0,15.0,47.318679,0.0,0.0,0.0,0.0,30.0,7.5,0.0,54.44,58.34
4345,1087,83.0,15.0,15.0,45.761232,0.0,0.0,0.0,0.0,30.0,94.38250000000001,0.0,57.0,72.44
4346,1087,75.3,15.0,15.0,44.203786,0.0,0.0,0.0,0.0,30.0,81.3625,63.120000000000005,57.0,72.44
4347,1087,67.05,15.0,15.0,42.646339,0.0,0.0,0.0,0.0,30.0,70.6925,0.0,57.0,72.44
4348,1087,64.36,15.0,15.0,41.088892,0.0,0.0,0.0,0.0,30.0,80.87,6.336666666666666,57.0,72.44
4349,1088,51.39,15.0,15.0,39.531445,0.0,0.0,0.0,0.0,30.0,81.7,61.26,57.0,72.44
4350,1088,51.56,15.0,15.0,37.973998,0.0,0.0,0.0,0.0,30.0,55.18500000000001,0.0,57.0,72.44
4351,1088,20.42,15.0,15.0,36.416551,0.0,0.0,0.0,0.0,30.0,43.832499999999996,0.0,57.0,72.44
4352,1088,6.83,15.0,15.0,34.859105,0.0,0.0,0.0,0.0,30.0,10.806666666666668,71.98,57.0,72.44
4353,1089,0.82,15.0,15.0,33.301658,30.0,30.0,0.0,0.0,30.0,0.0,-17.927499999999995,57.0,72.44
4354,1089,0.0,15.0,15.0,31.744211,0.0,0.0,0.0,0.0,30.0,0.0,-321.805,57.0,72.44
4355,1089,0.0,15.0,15.0,30.186764,0.0,0.0,0.0,0.0,30.0,0.0,-58.2625,57.0,72.44
4356,1089,-0.02,15.0,15.0,28.629317,30.0,30.0,0.0,0.0,30.0,0.0,7.729999999999997,57.0,72.44
4357,1090,-1.51,15.0,15.0,27.071871,0.0,0.0,0.0,30.0,0.0,0.0,-5.664999999999999,57.0,72.44
4358,1090,-1.09,15.0,15.0,25.514424,30.0,30.0,0.0,30.0,0.0,0.0,-76.80250000000001,57.0,72.44
4359,1090,0.0,15.0,15.0,23.956977,0.0,0.0,0.0,30.0,0.0,51.64,26.070000000000007,57.0,72.44
4360,1090,0.92,15.0,15.0,22.39953,0.0,0.0,0.0,30.0,0.0,30.034999999999997,0.0,57.0,72.44
4361,1091,30.92,15.0,15.0,20.842083,0.0,0.0,0.0,0.0,30.0,8.45,-134.17499999999995,57.0,72.44
4362,1091,75.75,15.0,15.0,19.284637,0.0,0.0,0.0,0.0,30.0,92.81,71.98,57.0,72.44
4363,1091,87.26,15.0,15.0,17.72719,0.0,0.0,0.0,0.0,30.0,111.82666666666667,72.41,57.0,72.44
4364,1091,99.9,15.0,15.0,16.169743,0.0,0.0,0.0,0.0,30.0,0.0,69.2625,57.0,72.44
4365,1092,104.0,15.0,15.0,14.612296,0.0,0.0,0.0,30.0,0.0,0.0,71.38,49.64,45.879999999999995
4366,1092,107.28,15.0,15.0,13.054849,0.0,0.0,0.0,30.0,0.0,0.0,16.972499999999997,49.64,45.879999999999995
4367,1092,93.2,15.0,15.0,11.497403,0.0,0.0,0.0,30.0,0.0,0.0,39.1175,49.64,45.879999999999995
4368,1092,94.73,15.0,15.0,9.9399558,0.0,0.0,0.0,30.0,0.0,56.93333333333334,-217.82666666666665,49.64,45.879999999999995
4369,1093,85.7,15.0,15.0,8.3825089,0.0,0.0,0.0,30.0,0.0,0.0,63.29,42.28,19.32
4370,1093,78.19,15.0,15.0,6.8250621,0.0,0.0,0.0,30.0,0.0,78.04,-284.40500000000003,42.28,19.32
4371,1093,78.01,15.0,15.0,5.2676153,0.0,0.0,0.0,30.0,0.0,0.0,-229.22500000000002,42.28,19.32
4372,1093,79.04,15.0,15.0,3.7101685,0.0,0.0,0.0,30.0,0.0,0.0,36.79750000000001,42.28,19.32
4373,1094,80.23,22.695542,7.3044575,17.72719,0.0,15.391085,15.391085,14.608915,0.0,18.665,75.59,42.28,19.32
4374,1094,121.66,22.695542,7.3044575,31.744211,0.0,15.391085,15.391085,14.608915,0.0,34.3225,72.41,42.28,19.32
4375,1094,136.51,22.695542,7.3044575,45.761232,0.0,15.391085,15.391085,14.608915,0.0,0.0,15.270000000000003,42.28,19.32
4376,1094,132.4,22.695542,7.3044575,59.778254,0.0,15.391085,15.391085,14.608915,0.0,0.0,34.985,42.28,19.32
4377,1095,109.6,15.0,15.0,58.220807,0.0,0.0,0.0,30.0,0.0,0.0,60.8525,42.28,19.32
4378,1095,100.6,15.0,15.0,56.66336,0.0,0.0,0.0,30.0,0.0,13.04,37.91,42.28,19.32
4379,1095,86.09,15.0,15.0,55.105913,0.0,0.0,0.0,30.0,0.0,85.97,-37.46,42.28,19.32
4380,1095,73.79,15.0,15.0,53.548466,0.0,0.0,0.0,30.0,0.0,41.805,-263.96000000000004,42.28,19.32
4381,1096,66.63,15.0,15.0,51.99102,0.0,0.0,0.0,30.0,0.0,80.33333333333334,-59.5,42.28,19.32
4382,1096,37.74,15.0,15.0,50.433573,30.0,30.0,0.0,30.0,0.0,90.0125,0.0,42.28,19.32
4383,1096,29.46,15.0,15.0,48.876126,0.0,0.0,0.0,30.0,0.0,10.01,0.0,42.28,19.32
4384,1096,31.06,15.0,15.0,47.318679,30.0,30.0,0.0,30.0,0.0,88.22,-29.169999999999995,42.28,19.32
4385,1097,55.0,15.0,15.0,45.761232,30.0,30.0,0.0,30.0,0.0,10.07,-27.7575,42.28,19.32
4386,1097,71.91,15.0,15.0,44.203786,0.0,0.0,0.0,30.0,0.0,10.59,-18.0,42.28,19.32
4387,1097,98.72,15.0,15.0,42.646339,0.0,0.0,0.0,30.0,0.0,86.97,63.7375,42.28,19.32
4388,1097,162.52,15.0,15.0,41.088892,0.0,0.0,0.0,30.0,0.0,0.0,62.2375,42.28,19.32
4389,1098,126.36,15.0,15.0,39.531445,30.0,30.0,0.0,30.0,0.0,45.57333333333334,76.98,41.14,18.7
4390,1098,108.2,15.0,15.0,37.973998,0.0,0.0,0.0,30.0,0.0,115.85,74.97333333333333,41.14,18.7
4391,1098,87.65,15.0,15.0,36.416551,0.0,0.0,0.0,30.0,0.0,31.006666666666668,65.73,41.14,18.7
4392,1098,83.0,15.0,15.0,34.859105,0.0,0.0,0.0,30.0,0.0,11.23,27.75,41.14,18.7
4393,1099,76.36,15.0,15.0,33.301658,0.0,0.0,0.0,30.0,0.0,77.91,65.885,40.0,18.08
4394,1099,76.38,15.0,15.0,31.744211,0.0,0.0,0.0,30.0,0.0,56.023333333333326,36.98,40.0,18.08
4395,1099,75.74,15.0,15.0,30.186764,0.0,0.0,0.0,30.0,0.0,8.05,62.943333333333335,40.0,18.08
4396,1099,76.37,15.0,15.0,28.629317,0.0,0.0,0.0,30.0,0.0,50.7025,0.0,40.0,18.08
4397,1100,77.09,15.0,15.0,27.071871,0.0,0.0,0.0,30.0,0.0,45.915000000000006,56.980000000000004,40.0,18.08
4398,1100,91.6,15.0,15.0,25.514424,0.0,0.0,0.0,30.0,0.0,82.36,6.164999999999992,40.0,18.08
4399,1100,98.23,15.0,15.0,23.956977,0.0,0.0,0.0,30.0,0.0,0.0,57.9325,40.0,18.08
4400,1100,102.84,15.0,15.0,22.39953,0.0,0.0,0.0,30.0,0.0,0.0,-37.4925,40.0,18.08
4401,1101,100.0,15.0,15.0,20.842083,0.0,0.0,0.0,30.0,0.0,0.0,45.05,40.0,18.08
4402,1101,87.81,15.0,15.0,19.284637,0.0,0.0,0.0,30.0,0.0,0.0,-8.33,40.0,18.08
4403,1101,71.0,15.0,15.0,17.72719,0.0,0.0,0.0,30.0,0.0,0.0,-70.0,40.0,18.08
4404,1101,63.75,15.0,15.0,16.169743,0.0,0.0,0.0,30.0,0.0,12.72,-196.32,40.0,18.08
4405,1102,60.36,15.0,15.0,14.612296,0.0,0.0,0.0,30.0,0.0,177.69,15.245000000000005,40.0,18.08
4406,1102,52.32,15.0,15.0,13.054849,0.0,0.0,0.0,30.0,0.0,32.95333333333333,-65.81333333333333,40.0,18.08
4407,1102,50.72,15.0,15.0,11.497403,0.0,0.0,0.0,30.0,0.0,90.04,-796.37,40.0,18.08
4408,1102,62.7,15.0,15.0,9.9399558,0.0,0.0,0.0,30.0,0.0,81.89999999999999,-680.5350000000001,40.0,18.08
4409,1103,64.84,15.0,15.0,8.3825089,0.0,0.0,0.0,30.0,0.0,43.44,-108.41250000000002,40.0,18.08
4410,1103,78.16,15.0,15.0,6.8250621,0.0,0.0,0.0,30.0,0.0,78.99,-79.38,40.0,18.08
4411,1103,99.95,15.0,15.0,5.2676153,0.0,0.0,0.0,30.0,0.0,0.0,51.355,40.0,18.08
4412,1103,111.45,15.0,15.0,3.7101685,0.0,0.0,0.0,30.0,0.0,0.0,46.3425,40.0,18.08
4413,1104,110.25,24.01914,5.9808595,20.405927,0.0,18.038281,18.038281,0.0,11.961719,86.1,72.27,28.72,27.240000000000002
4414,1104,108.94,24.01914,5.9808595,37.101685,0.0,18.038281,18.038281,0.0,11.961719,81.72666666666666,21.8,28.72,27.240000000000002
4415,1104,98.65,24.01914,5.9808595,53.797444,0.0,18.038281,18.038281,0.0,11.961719,0.0,39.60249999999999,28.72,27.240000000000002
4416,1104,167.25,24.01914,5.9808595,70.493202,0.0,18.038281,18.038281,0.0,11.961719,95.435,73.87,28.72,27.240000000000002
4417,1105,109.9,15.0,15.0,68.935755,0.0,0.0,0.0,0.0,30.0,82.49000000000001,76.45,17.44,36.4
4418,1105,94.9,15.0,15.0,67.378308,0.0,0.0,0.0,0.0,30.0,0.0,70.99000000000001,17.44,36.4
4419,1105,82.7,15.0,15.0,65.820861,0.0,0.0,0.0,0.0,30.0,0.0,64.605,17.44,36.4
4420,1105,82.7,15.0,15.0,64.263415,0.0,0.0,0.0,0.0,30.0,0.0,59.625,17.44,36.4
4421,1106,79.9,15.0,15.0,62.705968,0.0,0.0,0.0,0.0,30.0,0.0,36.9725,17.44,36.4
4422,1106,95.68,15.0,15.0,61.148521,0.0,0.0,0.0,0.0,30.0,93.54,-356.66499999999996,17.44,36.4
4423,1106,113.29,15.0,15.0,59.591074,0.0,0.0,0.0,0.0,30.0,0.0,-23.16749999999999,17.44,36.4
4424,1106,113.0,15.0,15.0,58.033627,0.0,0.0,0.0,0.0,30.0,0.0,27.6,17.44,36.4
4425,1107,98.0,15.0,15.0,56.476181,0.0,0.0,0.0,0.0,30.0,43.13,58.66,17.44,36.4
4426,1107,87.88,15.0,15.0,54.918734,0.0,0.0,0.0,0.0,30.0,0.0,59.895,17.44,36.4
4427,1107,90.41,15.0,15.0,53.361287,0.0,0.0,0.0,0.0,30.0,49.865,67.615,17.44,36.4
4428,1107,89.9,15.0,15.0,51.80384,0.0,0.0,0.0,0.0,30.0,0.0,17.92,17.44,36.4
4429,1108,80.0,15.0,15.0,50.246393,0.0,0.0,0.0,0.0,30.0,0.0,-43.28499999999999,17.44,36.4
4430,1108,61.64,15.0,15.0,48.688947,0.0,0.0,0.0,0.0,30.0,0.0,-528.6,17.44,36.4
4431,1108,59.47,15.0,15.0,47.1315,0.0,0.0,0.0,0.0,30.0,0.0,15.357500000000002,17.44,36.4
4432,1108,60.09,15.0,15.0,45.574053,0.0,0.0,0.0,0.0,30.0,77.05,50.035,17.44,36.4
4433,1109,79.17,18.847771,11.152229,51.80384,0.0,7.6955425,7.6955425,0.0,22.304458,8.73,45.48,17.44,36.4
4434,1109,93.56,18.847771,11.152229,58.033627,0.0,7.6955425,7.6955425,0.0,22.304458,82.11666666666666,0.0,17.44,36.4
4435,1109,111.45,18.847771,11.152229,64.263415,0.0,7.6955425,7.6955425,0.0,22.304458,25.339999999999996,0.0,17.44,36.4
4436,1109,154.18,18.847771,11.152229,70.493202,0.0,7.6955425,7.6955425,0.0,22.304458,83.63666666666667,67.34,17.44,36.4
4437,1110,105.13,15.769554,14.230446,70.493202,0.0,1.5391085,1.5391085,28.460892,0.0,0.0,-23.38499999999999,54.379999999999995,45.3
4438,1110,87.39,15.769554,14.230446,70.493202,0.0,1.5391085,1.5391085,28.460892,0.0,66.09,37.76750000000001,54.379999999999995,45.3
4439,1110,69.37,15.769554,14.230446,70.493202,0.0,1.5391085,1.5391085,28.460892,0.0,0.0,64.81,54.379999999999995,45.3
4440,1110,58.5,15.769554,14.230446,70.493202,0.0,1.5391085,1.5391085,28.460892,0.0,10.77,-126.515,54.379999999999995,45.3
4441,1111,35.0,0.0,0.0,70.493202,0.0,0.0,0.0,30.0,0.0,57.7175,-43.56,91.32,54.2
4442,1111,16.35,0.0,0.0,70.493202,0.0,0.0,0.0,30.0,0.0,42.46,-45.9025,91.32,54.2
4443,1111,10.0,0.0,0.0,70.493202,0.0,0.0,0.0,30.0,0.0,87.075,-32.36,91.32,54.2
4444,1111,7.43,0.0,0.0,70.493202,0.0,0.0,0.0,30.0,0.0,30.297500000000003,-47.12,91.32,54.2
4445,1112,7.35,0.0,0.0,70.493202,0.0,0.0,0.0,30.0,0.0,62.730000000000004,-98.6125,91.32,54.2
4446,1112,31.25,0.0,0.0,70.493202,0.0,0.0,0.0,30.0,0.0,28.695,-160.39000000000001,91.32,54.2
4447,1112,34.91,0.0,0.0,70.493202,0.0,0.0,0.0,30.0,0.0,25.0325,-183.12333333333333,91.32,54.2
4448,1112,32.86,0.0,0.0,70.493202,0.0,0.0,0.0,30.0,0.0,38.285000000000004,-280.875,91.32,54.2
4449,1113,22.23,0.0,0.0,70.493202,0.0,0.0,0.0,30.0,0.0,26.127499999999998,-293.4575,91.32,54.2
4450,1113,-10.0,0.0,0.0,70.493202,0.0,0.0,0.0,30.0,0.0,24.2825,-261.03499999999997,91.32,54.2
4451,1113,-35.69,0.0,0.0,70.493202,0.0,0.0,0.0,30.0,0.0,75.8375,-171.25,91.32,54.2
4452,1113,-70.0,0.0,0.0,70.493202,0.0,0.0,0.0,30.0,0.0,36.29666666666667,-30.03,91.32,54.2
4453,1114,-137.8,0.0,15.694013,53.797444,15.694013,0.0,-15.694013,14.305987,0.0,29.53,-47.0,91.32,54.2
4454,1114,-149.0,0.0,15.694013,37.101685,15.694013,0.0,-15.694013,14.305987,0.0,0.0,-49.35,91.32,54.2
4455,1114,-80.0,0.0,15.694013,20.405927,15.694013,0.0,-15.694013,14.305987,0.0,0.0,-19.2075,91.32,54.2
4456,1114,-51.34,0.0,15.694013,3.7101685,15.694013,0.0,-15.694013,14.305987,0.0,136.43,-184.175,91.32,54.2
4457,1115,-31.18,0.0,0.0,3.7101685,0.0,0.0,0.0,30.0,0.0,56.839999999999996,-171.78,91.32,54.2
4458,1115,-5.0,0.0,0.0,3.7101685,0.0,0.0,0.0,30.0,0.0,21.86,-58.5,91.32,54.2
4459,1115,40.77,0.0,0.0,3.7101685,0.0,0.0,0.0,30.0,0.0,43.736666666666665,-182.22749999999996,91.32,54.2
4460,1115,81.86,0.0,0.0,3.7101685,0.0,0.0,0.0,30.0,0.0,64.03,-63.33,91.32,54.2
4461,1116,107.98,0.0,0.0,3.7101685,30.0,30.0,0.0,30.0,0.0,33.4,-26.830000000000005,87.1,47.32
4462,1116,82.8,0.0,0.0,3.7101685,0.0,0.0,0.0,30.0,0.0,116.87333333333333,-8.379999999999995,87.1,47.32
4463,1116,61.27,0.0,0.0,3.7101685,0.0,0.0,0.0,30.0,0.0,45.035,-145.805,87.1,47.32
4464,1116,13.54,0.0,0.0,3.7101685,0.0,0.0,0.0,30.0,0.0,115.405,-59.0,87.1,47.32
4465,1117,6.37,0.0,0.0,3.7101685,0.0,0.0,0.0,30.0,0.0,78.3525,-36.07,82.88,40.44
4466,1117,4.0,0.0,0.0,3.7101685,0.0,0.0,0.0,30.0,0.0,89.095,-25.43,82.88,40.44
4467,1117,2.67,0.0,0.0,3.7101685,0.0,0.0,0.0,30.0,0.0,50.33,6.68,82.88,40.44
4468,1117,2.92,0.0,0.0,3.7101685,0.0,0.0,0.0,30.0,0.0,0.0,-23.285,82.88,40.44
4469,1118,5.72,0.0,0.0,3.7101685,0.0,0.0,0.0,30.0,0.0,11.01,-43.85,82.88,40.44
4470,1118,20.18,0.0,0.0,3.7101685,0.0,0.0,0.0,30.0,0.0,31.825000000000003,-30.0,82.88,40.44
4471,1118,30.95,0.0,0.0,3.7101685,0.0,0.0,0.0,30.0,0.0,138.29000000000002,-24.9625,82.88,40.44
4472,1118,39.7,0.0,0.0,3.7101685,0.0,0.0,0.0,30.0,0.0,270.69500000000005,23.375,82.88,40.44
4473,1119,18.56,0.0,0.0,3.7101685,0.0,0.0,0.0,30.0,0.0,9.83,-32.666666666666664,82.88,40.44
4474,1119,2.96,0.0,0.0,3.7101685,0.0,0.0,0.0,30.0,0.0,82.03666666666666,-72.5,82.88,40.44
4475,1119,0.42,0.0,0.0,3.7101685,30.0,30.0,0.0,30.0,0.0,0.0,-56.6625,82.88,40.44
4476,1119,0.1,0.0,0.0,3.7101685,0.0,0.0,0.0,30.0,0.0,0.0,-44.875,82.88,40.44
4477,1120,-0.55,0.0,0.0,3.7101685,30.0,30.0,0.0,30.0,0.0,0.0,-30.07,82.88,40.44
4478,1120,-0.77,0.0,0.0,3.7101685,0.0,0.0,0.0,30.0,0.0,89.19,-55.9275,82.88,40.44
4479,1120,-0.01,0.0,0.0,3.7101685,0.0,0.0,0.0,30.0,0.0,51.3575,-43.695,82.88,40.44
4480,1120,1.97,0.0,0.0,3.7101685,0.0,0.0,0.0,30.0,0.0,62.743333333333325,-47.406666666666666,82.88,40.44
4481,1121,16.97,0.0,0.0,3.7101685,0.0,0.0,0.0,30.0,0.0,52.2525,-32.87,82.88,40.44
4482,1121,64.26,0.0,0.0,3.7101685,0.0,0.0,0.0,30.0,0.0,36.57666666666667,15.64,82.88,40.44
4483,1121,90.81,0.0,0.0,3.7101685,0.0,0.0,0.0,30.0,0.0,74.84,-7.3199999999999985,82.88,40.44
4484,1121,132.64,0.0,0.0,3.7101685,0.0,0.0,0.0,30.0,0.0,93.17333333333333,73.185,82.88,40.44
4485,1122,132.12,24.01914,5.9808595,20.405927,0.0,18.038281,18.038281,11.961719,0.0,37.9725,0.0,84.28,47.7
4486,1122,105.65,24.01914,5.9808595,37.101685,0.0,18.038281,18.038281,11.961719,0.0,120.17666666666665,48.46,84.28,47.7
4487,1122,85.29,24.01914,5.9808595,53.797444,0.0,18.038281,18.038281,11.961719,0.0,0.0,52.989999999999995,84.28,47.7
4488,1122,85.52,24.01914,5.9808595,70.493202,0.0,18.038281,18.038281,11.961719,0.0,6.91,29.669999999999995,84.28,47.7
4489,1123,66.06,15.0,15.0,68.935755,30.0,30.0,0.0,30.0,0.0,51.0975,0.0,85.68,54.96
4490,1123,58.94,15.0,15.0,67.378308,0.0,0.0,0.0,30.0,0.0,86.75750000000001,0.0,85.68,54.96
4491,1123,43.35,15.0,15.0,65.820861,0.0,0.0,0.0,30.0,0.0,3.8049999999999997,-35.0,85.68,54.96
4492,1123,35.82,15.0,15.0,64.263415,0.0,0.0,0.0,30.0,0.0,65.0525,0.0,85.68,54.96
4493,1124,15.03,15.0,15.0,62.705968,0.0,0.0,0.0,30.0,0.0,67.135,0.0,85.68,54.96
4494,1124,5.93,15.0,15.0,61.148521,0.0,0.0,0.0,30.0,0.0,282.94500000000005,-38.334999999999994,85.68,54.96
4495,1124,5.37,15.0,15.0,59.591074,0.0,0.0,0.0,30.0,0.0,0.0,-40.5775,85.68,54.96
4496,1124,3.4,15.0,15.0,58.033627,0.0,0.0,0.0,30.0,0.0,77.42500000000001,-22.035,85.68,54.96
4497,1125,0.0,15.0,15.0,56.476181,0.0,0.0,0.0,30.0,0.0,36.11,-15.0,85.68,54.96
4498,1125,-10.0,15.0,15.0,54.918734,0.0,0.0,0.0,30.0,0.0,40.535,-10.0,85.68,54.96
4499,1125,-29.03,15.0,15.0,53.361287,0.0,0.0,0.0,30.0,0.0,0.0,-14.375,85.68,54.96
4500,1125,-34.32,15.0,15.0,51.80384,0.0,0.0,0.0,30.0,0.0,614.4925,-511.25,85.68,54.96
4501,1126,-52.74,15.0,15.0,50.246393,0.0,0.0,0.0,30.0,0.0,74.565,-51.0,85.68,54.96
4502,1126,-69.79,15.0,15.0,48.688947,0.0,0.0,0.0,30.0,0.0,0.0,1.25,85.68,54.96
4503,1126,-116.61,15.0,15.0,47.1315,0.0,0.0,0.0,30.0,0.0,0.0,-52.25,85.68,54.96
4504,1126,-92.44,13.197247,13.197247,45.761232,0.0,0.0,0.0,30.0,0.0,31.616666666666667,-41.6925,85.68,54.96
4505,1127,-49.71,15.0,15.0,44.203786,0.0,0.0,0.0,30.0,0.0,231.36,-184.03999999999996,85.68,54.96
4506,1127,-10.0,15.0,15.0,42.646339,0.0,0.0,0.0,30.0,0.0,38.5325,-61.239999999999995,85.68,54.96
4507,1127,-2.5,15.0,15.0,41.088892,0.0,0.0,0.0,30.0,0.0,81.25,-112.4425,85.68,54.96
4508,1127,6.61,15.0,15.0,39.531445,0.0,0.0,0.0,30.0,0.0,77.2775,-103.56,85.68,54.96
4509,1128,9.59,15.0,15.0,37.973998,0.0,0.0,0.0,30.0,0.0,80.52250000000001,-80.245,84.36000000000001,56.019999999999996
4510,1128,18.47,15.0,15.0,36.416551,0.0,0.0,0.0,30.0,0.0,57.31,-83.52,84.36000000000001,56.019999999999996
4511,1128,14.92,0.0,0.0,36.416551,0.0,0.0,0.0,30.0,0.0,82.51,-45.333333333333336,84.36000000000001,56.019999999999996
4512,1128,0.46,15.0,15.0,34.859105,0.0,0.0,0.0,30.0,0.0,38.037499999999994,-62.87,84.36000000000001,56.019999999999996
4513,1129,0.35,15.0,15.0,33.301658,0.0,0.0,0.0,30.0,0.0,85.36,-40.260000000000005,83.04,57.08
4514,1129,-0.32,15.0,15.0,31.744211,0.0,0.0,0.0,30.0,0.0,0.0,-51.305,83.04,57.08
4515,1129,0.0,15.0,15.0,30.186764,0.0,0.0,0.0,30.0,0.0,0.0,-24.35,83.04,57.08
4516,1129,0.34,15.0,15.0,28.629317,0.0,0.0,0.0,30.0,0.0,83.73,-0.9299999999999997,83.04,57.08
4517,1130,0.25,15.0,15.0,27.071871,0.0,0.0,0.0,30.0,0.0,6.3149999999999995,-34.84,83.04,57.08
4518,1130,0.04,15.0,15.0,25.514424,0.0,0.0,0.0,30.0,0.0,0.0,-30.517499999999995,83.04,57.08
4519,1130,0.0,15.0,15.0,23.956977,0.0,0.0,0.0,30.0,0.0,0.0,-55.265,83.04,57.08
4520,1130,-0.6,15.0,15.0,22.39953,0.0,0.0,0.0,30.0,0.0,46.69,-125.465,83.04,57.08
4521,1131,-6.61,15.0,15.0,20.842083,0.0,0.0,0.0,30.0,0.0,0.0,-58.8125,83.04,57.08
4522,1131,-10.1,15.0,15.0,19.284637,0.0,0.0,0.0,30.0,0.0,0.0,-43.5,83.04,57.08
4523,1131,-12.92,15.0,15.0,17.72719,0.0,0.0,0.0,30.0,0.0,0.0,-52.0,83.04,57.08
4524,1131,-13.65,15.0,15.0,16.169743,0.0,0.0,0.0,30.0,0.0,37.185,-58.666666666666664,83.04,57.08
4525,1132,-22.62,15.0,15.0,14.612296,0.0,0.0,0.0,30.0,0.0,85.53,-0.23249999999999993,83.04,57.08
4526,1132,-21.0,15.0,15.0,13.054849,0.0,0.0,0.0,30.0,0.0,32.73,-14.04,83.04,57.08
4527,1132,-12.21,15.0,15.0,11.497403,0.0,0.0,0.0,30.0,0.0,51.394999999999996,15.64,83.04,57.08
4528,1132,-6.28,15.0,15.0,9.9399558,0.0,0.0,0.0,30.0,0.0,115.57666666666667,61.28,83.04,57.08
4529,1133,-1.59,15.0,15.0,8.3825089,30.0,30.0,0.0,30.0,0.0,8.11,-195.57750000000001,83.04,57.08
4530,1133,58.56,15.0,15.0,6.8250621,0.0,0.0,0.0,30.0,0.0,69.24000000000001,-56.925,83.04,57.08
4531,1133,86.31,15.0,15.0,5.2676153,0.0,0.0,0.0,30.0,0.0,54.2375,0.0,83.04,57.08
4532,1133,119.05,15.0,15.0,3.7101685,0.0,0.0,0.0,30.0,0.0,71.68,0.0,83.04,57.08
4533,1134,127.05,16.539108,13.460892,5.2676153,26.921783,30.0,3.0782169999999986,26.921783,0.0,48.754999999999995,0.0,62.84,39.339999999999996
4534,1134,114.44,16.539108,13.460892,6.8250621,0.0,3.078217,3.078217,26.921783,0.0,14.82,-2.75,62.84,39.339999999999996
4535,1134,96.86,16.539108,13.460892,8.3825089,0.0,3.078217,3.078217,26.921783,0.0,0.0,27.03,62.84,39.339999999999996
4536,1134,81.67,16.539108,13.460892,9.9399558,0.0,3.078217,3.078217,26.921783,0.0,90.71000000000001,38.94499999999999,62.84,39.339999999999996
4537,1135,76.65,15.0,15.0,8.3825089,0.0,0.0,0.0,30.0,0.0,45.2175,47.8,42.64,21.6
4538,1135,73.3,15.0,15.0,6.8250621,0.0,0.0,0.0,30.0,0.0,82.2125,0.0,42.64,21.6
4539,1135,76.59,15.0,15.0,5.2676153,0.0,0.0,0.0,30.0,0.0,56.14666666666666,0.0,42.64,21.6
4540,1135,75.49,15.0,15.0,3.7101685,0.0,0.0,0.0,30.0,0.0,60.0925,0.0,42.64,21.6
4541,1136,79.44,17.308663,12.691337,6.8250621,0.0,4.6173255,4.6173255,25.382675,0.0,79.85,54.89,42.64,21.6
4542,1136,110.0,17.308663,12.691337,9.9399558,0.0,4.6173255,4.6173255,25.382675,0.0,6.77,0.0,42.64,21.6
4543,1136,123.36,17.308663,12.691337,13.054849,0.0,4.6173255,4.6173255,25.382675,0.0,98.185,0.0,42.64,21.6
4544,1136,101.24,17.308663,12.691337,16.169743,0.0,4.6173255,4.6173255,25.382675,0.0,8.899999999999999,48.769999999999996,42.64,21.6
4545,1137,77.86,15.0,15.0,14.612296,0.0,0.0,0.0,30.0,0.0,0.0,-7.314999999999991,42.64,21.6
4546,1137,54.2,15.0,15.0,13.054849,0.0,0.0,0.0,30.0,0.0,8.83,-66.59,42.64,21.6
4547,1137,38.98,15.0,15.0,11.497403,0.0,0.0,0.0,30.0,0.0,56.44666666666666,-74.0,42.64,21.6
4548,1137,32.14,15.0,15.0,9.9399558,0.0,0.0,0.0,30.0,0.0,3.1766666666666667,-275.0,42.64,21.6
4549,1138,29.87,15.0,15.0,8.3825089,30.0,30.0,0.0,30.0,0.0,27.406666666666666,-33.995000000000005,42.64,21.6
4550,1138,29.9,15.0,15.0,6.8250621,30.0,30.0,0.0,30.0,0.0,66.28,-8.99666666666667,42.64,21.6
4551,1138,37.27,15.0,15.0,5.2676153,0.0,0.0,0.0,30.0,0.0,46.7925,-393.66666666666663,42.64,21.6
4552,1138,63.42,15.0,15.0,3.7101685,0.0,0.0,0.0,30.0,0.0,104.2125,-533.005,42.64,21.6
4553,1139,81.37,15.769554,14.230446,3.7101685,0.0,1.5391085,1.5391085,0.0,0.0,77.0575,54.545,42.64,21.6
4554,1139,101.52,20.307008,9.6929924,12.893202,0.0,10.614015,10.614015,0.0,0.0,118.58,0.0,42.64,21.6
4555,1139,135.0,30.0,0.0,41.693202,0.0,30.0,30.0,0.0,0.0,31.897499999999997,0.0,42.64,21.6
4556,1139,249.01,30.0,0.0,70.493202,0.0,30.0,30.0,0.0,0.0,81.9125,0.0,42.64,21.6
4557,1140,169.23,15.769554,14.230446,70.493202,0.0,1.5391085,1.5391085,28.460892,0.0,75.09,76.8,44.42,22.38
4558,1140,113.73,15.769554,14.230446,70.493202,0.0,1.5391085,1.5391085,28.460892,0.0,37.126666666666665,73.48666666666666,44.42,22.38
4559,1140,91.88,15.769554,14.230446,70.493202,0.0,1.5391085,1.5391085,28.460892,0.0,49.025,57.7925,44.42,22.38
4560,1140,101.69,15.769554,14.230446,70.493202,0.0,1.5391085,1.5391085,28.460892,0.0,4.535,28.417500000000004,44.42,22.38
4561,1141,91.07,15.0,15.0,68.935755,0.0,0.0,0.0,30.0,0.0,66.46,58.72,46.2,23.16
4562,1141,86.98,15.0,15.0,67.378308,0.0,0.0,0.0,30.0,0.0,117.60000000000001,0.0,46.2,23.16
4563,1141,83.52,15.0,15.0,65.820861,0.0,0.0,0.0,30.0,0.0,0.89,46.46,46.2,23.16
4564,1141,80.17,15.0,15.0,64.263415,0.0,0.0,0.0,30.0,0.0,72.96333333333334,63.96,46.2,23.16
4565,1142,88.89,15.0,15.0,62.705968,0.0,0.0,0.0,30.0,0.0,81.85,60.2,46.2,23.16
4566,1142,101.92,15.0,15.0,61.148521,0.0,0.0,0.0,30.0,0.0,0.0,43.88249999999999,46.2,23.16
4567,1142,100.12,15.0,15.0,59.591074,0.0,0.0,0.0,30.0,0.0,0.0,46.9825,46.2,23.16
4568,1142,91.7,15.0,15.0,58.033627,0.0,0.0,0.0,30.0,0.0,0.0,37.7575,46.2,23.16
4569,1143,67.02,15.0,15.0,56.476181,0.0,0.0,0.0,30.0,0.0,35.33,48.985,46.2,23.16
4570,1143,46.63,15.0,15.0,54.918734,0.0,0.0,0.0,30.0,0.0,0.0,-23.25,46.2,23.16
4571,1143,33.71,15.0,15.0,53.361287,0.0,0.0,0.0,30.0,0.0,0.0,-55.4625,46.2,23.16
4572,1143,21.95,15.0,15.0,51.80384,30.0,30.0,0.0,30.0,0.0,35.735,-49.0075,46.2,23.16
4573,1144,6.57,15.0,15.0,50.246393,30.0,30.0,0.0,30.0,0.0,0.3,-47.3,46.2,23.16
4574,1144,4.34,15.0,15.0,48.688947,0.0,0.0,0.0,30.0,0.0,56.43,-59.5,46.2,23.16
4575,1144,11.17,15.0,15.0,47.1315,0.0,0.0,0.0,30.0,0.0,85.03,-2.083333333333332,46.2,23.16
4576,1144,49.32,15.0,15.0,45.574053,0.0,0.0,0.0,30.0,0.0,121.69,-312.32,46.2,23.16
4577,1145,79.47,15.21551,14.78449,44.452763,0.0,0.431021,0.431021,29.568979,0.0,52.38999999999999,-44.09,46.2,23.16
4578,1145,101.49,15.21551,14.78449,43.331472,0.0,0.431021,0.431021,29.568979,0.0,34.3825,0.0,46.2,23.16
4579,1145,143.6,15.21551,14.78449,42.210182,0.0,0.431021,0.431021,29.568979,0.0,636.16,0.0,46.2,23.16
4580,1145,143.13,15.21551,14.78449,41.088892,0.0,0.431021,0.431021,29.568979,0.0,354.1533333333333,66.64,46.2,23.16
4581,1146,108.68,15.0,15.0,39.531445,0.0,0.0,0.0,30.0,0.0,78.395,29.69,46.64,24.380000000000003
4582,1146,87.39,15.0,15.0,37.973998,0.0,0.0,0.0,30.0,0.0,36.085,0.0,46.64,24.380000000000003
4583,1146,100.0,15.0,15.0,36.416551,0.0,0.0,0.0,30.0,0.0,454.5625,0.0,46.64,24.380000000000003
4584,1146,99.9,15.0,15.0,34.859105,0.0,0.0,0.0,30.0,0.0,85.735,62.24666666666666,46.64,24.380000000000003
4585,1147,79.9,15.0,15.0,33.301658,0.0,0.0,0.0,30.0,0.0,0.0,30.95,47.08,25.6
4586,1147,95.0,15.0,15.0,31.744211,0.0,0.0,0.0,30.0,0.0,60.212500000000006,49.254999999999995,47.08,25.6
4587,1147,76.3,15.0,15.0,30.186764,0.0,0.0,0.0,30.0,0.0,58.362500000000004,72.53,47.08,25.6
4588,1147,60.1,15.0,15.0,28.629317,0.0,0.0,0.0,30.0,0.0,61.8425,0.0,47.08,25.6
4589,1148,65.32,15.0,15.0,27.071871,0.0,0.0,0.0,30.0,0.0,72.63,14.285000000000004,47.08,25.6
4590,1148,83.37,15.0,15.0,25.514424,0.0,0.0,0.0,30.0,0.0,71.8875,-8.0,47.08,25.6
4591,1148,104.57,15.0,15.0,23.956977,0.0,0.0,0.0,30.0,0.0,91.8625,0.0,47.08,25.6
4592,1148,102.0,15.0,15.0,22.39953,0.0,0.0,0.0,30.0,0.0,34.11333333333333,-132.275,47.08,25.6
4593,1149,84.93,15.0,15.0,20.842083,0.0,0.0,0.0,30.0,0.0,77.95,49.76,47.08,25.6
4594,1149,65.0,15.0,15.0,19.284637,0.0,0.0,0.0,30.0,0.0,47.126666666666665,69.67,47.08,25.6
4595,1149,55.77,15.0,15.0,17.72719,0.0,0.0,0.0,30.0,0.0,200.76999999999998,-58.43,47.08,25.6
4596,1149,47.13,15.0,15.0,16.169743,0.0,0.0,0.0,30.0,0.0,47.06,-30.0,47.08,25.6
4597,1150,36.68,15.0,15.0,14.612296,0.0,0.0,0.0,30.0,0.0,26.025,-434.26,47.08,25.6
4598,1150,27.15,15.0,15.0,13.054849,30.0,30.0,0.0,30.0,0.0,2.5,-26.439999999999998,47.08,25.6
4599,1150,-1.0,15.0,15.0,11.497403,0.0,0.0,0.0,30.0,0.0,0.0,-19.5,47.08,25.6
4600,1150,1.33,15.0,15.0,9.9399558,30.0,30.0,0.0,30.0,0.0,79.53,-27.830000000000002,47.08,25.6
4601,1151,35.22,15.0,15.0,8.3825089,30.0,30.0,0.0,30.0,0.0,36.02333333333333,0.0,47.08,25.6
4602,1151,79.77,15.0,15.0,6.8250621,0.0,0.0,0.0,30.0,0.0,167.3525,-88.875,47.08,25.6
4603,1151,99.72,15.0,15.0,5.2676153,0.0,0.0,0.0,30.0,0.0,61.035000000000004,20.85333333333333,47.08,25.6
4604,1151,117.0,15.0,15.0,3.7101685,0.0,0.0,0.0,30.0,0.0,79.995,-47.44,47.08,25.6
4605,1152,150.51,18.847771,11.152229,9.9399558,0.0,7.6955425,7.6955425,22.304458,0.0,84.31750000000001,72.69,43.02,22.12
4606,1152,113.34,18.847771,11.152229,16.169743,0.0,7.6955425,7.6955425,22.304458,0.0,8.61,72.83666666666666,43.02,22.12
4607,1152,93.55,18.847771,11.152229,22.39953,0.0,7.6955425,7.6955425,22.304458,0.0,168.115,0.0,43.02,22.12
4608,1152,95.91,18.847771,11.152229,28.629317,0.0,7.6955425,7.6955425,22.304458,0.0,52.917500000000004,0.0,43.02,22.12
4609,1153,79.7,15.0,15.0,27.071871,0.0,0.0,0.0,30.0,0.0,84.52250000000001,0.0,38.96,18.64
4610,1153,77.0,15.0,15.0,25.514424,0.0,0.0,0.0,30.0,0.0,40.585,72.36333333333333,38.96,18.64
4611,1153,78.48,15.0,15.0,23.956977,0.0,0.0,0.0,30.0,0.0,41.599999999999994,67.285,38.96,18.64
4612,1153,78.58,15.0,15.0,22.39953,0.0,0.0,0.0,30.0,0.0,28.335,75.69,38.96,18.64
4613,1154,81.89,15.0,15.0,20.842083,0.0,0.0,0.0,30.0,0.0,9.745000000000001,74.715,38.96,18.64
4614,1154,107.46,15.0,15.0,19.284637,0.0,0.0,0.0,30.0,0.0,108.3725,73.74,38.96,18.64
4615,1154,112.91,15.0,15.0,17.72719,0.0,0.0,0.0,30.0,0.0,90.3,0.0,38.96,18.64
4616,1154,105.15,15.0,15.0,16.169743,0.0,0.0,0.0,30.0,0.0,86.31,50.30666666666667,38.96,18.64
4617,1155,89.43,15.0,15.0,14.612296,0.0,0.0,0.0,30.0,0.0,58.620000000000005,-74.0,38.96,18.64
4618,1155,80.81,15.0,15.0,13.054849,0.0,0.0,0.0,30.0,0.0,32.74,0.0,38.96,18.64
4619,1155,67.39,15.0,15.0,11.497403,0.0,0.0,0.0,30.0,0.0,77.415,0.0,38.96,18.64
4620,1155,58.0,15.0,15.0,9.9399558,0.0,0.0,0.0,30.0,0.0,58.36,-10.0,38.96,18.64
4621,1156,47.96,15.0,15.0,8.3825089,30.0,30.0,0.0,30.0,0.0,79.65,9.403333333333336,38.96,18.64
4622,1156,44.39,15.0,15.0,6.8250621,0.0,0.0,0.0,30.0,0.0,96.505,12.469999999999999,38.96,18.64
4623,1156,51.06,15.0,15.0,5.2676153,0.0,0.0,0.0,30.0,0.0,0.7,-29.0575,38.96,18.64
4624,1156,62.12,15.0,15.0,3.7101685,0.0,0.0,0.0,30.0,0.0,46.1325,-40.5,38.96,18.64
4625,1157,79.34,15.769554,14.230446,3.7101685,0.0,1.5391085,1.5391085,28.460892,0.0,63.995000000000005,-30.0,38.96,18.64
4626,1157,91.99,15.769554,14.230446,3.7101685,0.0,1.5391085,1.5391085,28.460892,0.0,99.14750000000001,-30.0,38.96,18.64
4627,1157,117.0,15.769554,14.230446,3.7101685,0.0,1.5391085,1.5391085,28.460892,0.0,31.539999999999992,-30.0,38.96,18.64
4628,1157,178.12,15.769554,14.230446,3.7101685,0.0,1.5391085,1.5391085,28.460892,0.0,150.85,-30.0,38.96,18.64
4629,1158,162.17,24.01914,5.9808595,20.405927,0.0,18.038281,18.038281,11.961719,0.0,78.7825,-30.0,35.56,16.08
4630,1158,121.3,24.01914,5.9808595,37.101685,0.0,18.038281,18.038281,11.961719,0.0,6.437499999999999,-30.0,35.56,16.08
4631,1158,98.69,24.01914,5.9808595,53.797444,0.0,18.038281,18.038281,11.961719,0.0,85.27333333333333,18.5775,35.56,16.08
4632,1158,100.3,24.01914,5.9808595,70.493202,0.0,18.038281,18.038281,11.961719,0.0,0.0,62.85,35.56,16.08
4633,1159,84.38,15.0,15.0,68.935755,0.0,0.0,0.0,30.0,0.0,0.0,56.485,32.16,13.52
4634,1159,80.6,15.0,15.0,67.378308,0.0,0.0,0.0,30.0,0.0,76.59,58.6325,32.16,13.52
4635,1159,79.98,15.0,15.0,65.820861,0.0,0.0,0.0,30.0,0.0,74.82,63.677499999999995,32.16,13.52
4636,1159,76.4,15.0,15.0,64.263415,0.0,0.0,0.0,30.0,0.0,0.0,52.68333333333334,32.16,13.52
4637,1160,79.37,16.539108,13.460892,65.820861,0.0,3.078217,3.078217,26.921783,0.0,0.0,52.275000000000006,32.16,13.52
4638,1160,100.12,16.539108,13.460892,67.378308,0.0,3.078217,3.078217,26.921783,0.0,0.0,63.14,32.16,13.52
4639,1160,106.09,16.539108,13.460892,68.935755,0.0,3.078217,3.078217,26.921783,0.0,89.06,69.13,32.16,13.52
4640,1160,105.54,16.539108,13.460892,70.493202,0.0,3.078217,3.078217,26.921783,0.0,93.7825,0.0,32.16,13.52
4641,1161,97.85,15.0,15.0,68.935755,0.0,0.0,0.0,30.0,0.0,45.04,0.0,32.16,13.52
4642,1161,89.29,15.0,15.0,67.378308,0.0,0.0,0.0,30.0,0.0,91.7325,56.79,32.16,13.52
4643,1161,85.5,15.0,15.0,65.820861,0.0,0.0,0.0,30.0,0.0,77.37499999999997,0.0,32.16,13.52
4644,1161,80.0,15.0,15.0,64.263415,0.0,0.0,0.0,30.0,0.0,84.21000000000001,55.14,32.16,13.52
4645,1162,74.71,15.0,15.0,62.705968,0.0,0.0,0.0,30.0,0.0,84.24,16.525000000000002,32.16,13.52
4646,1162,74.78,15.0,15.0,61.148521,0.0,0.0,0.0,30.0,0.0,80.77,-1.076666666666668,32.16,13.52
4647,1162,75.59,15.0,15.0,59.591074,0.0,0.0,0.0,30.0,0.0,0.0,29.87,32.16,13.52
4648,1162,74.01,15.0,15.0,58.033627,0.0,0.0,0.0,30.0,0.0,42.974999999999994,-17.695,32.16,13.52
4649,1163,77.01,17.308663,12.691337,61.148521,0.0,4.6173255,4.6173255,25.382675,0.0,0.0,47.4475,32.16,13.52
4650,1163,87.94,17.308663,12.691337,64.263415,0.0,4.6173255,4.6173255,25.382675,0.0,0.0,18.6725,32.16,13.52
4651,1163,96.62,17.308663,12.691337,67.378308,0.0,4.6173255,4.6173255,25.382675,0.0,43.074999999999996,6.159999999999997,32.16,13.52
4652,1163,91.6,17.308663,12.691337,70.493202,0.0,4.6173255,4.6173255,25.382675,0.0,76.47,-30.712500000000002,32.16,13.52
4653,1164,95.0,15.769554,14.230446,70.493202,0.0,1.5391085,1.5391085,28.460892,0.0,0.0,-22.205000000000002,42.76,23.92
4654,1164,86.15,15.769554,14.230446,70.493202,0.0,1.5391085,1.5391085,28.460892,0.0,0.0,50.75,42.76,23.92
4655,1164,79.43,15.769554,14.230446,70.493202,0.0,1.5391085,1.5391085,28.460892,0.0,0.0,42.4925,42.76,23.92
4656,1164,90.0,15.769554,14.230446,70.493202,0.0,1.5391085,1.5391085,28.460892,0.0,61.38,42.0925,42.76,23.92
4657,1165,75.0,15.0,15.0,68.935755,0.0,0.0,0.0,30.0,0.0,7.5975,0.0,53.36,34.32
4658,1165,71.25,15.0,15.0,67.378308,0.0,0.0,0.0,30.0,0.0,24.949999999999996,0.0,53.36,34.32
4659,1165,38.0,15.0,15.0,65.820861,0.0,0.0,0.0,30.0,0.0,82.14,0.0,53.36,34.32
4660,1165,32.9,15.0,15.0,64.263415,0.0,0.0,0.0,30.0,0.0,76.47,10.45,53.36,34.32
4661,1166,31.22,15.0,15.0,62.705968,0.0,0.0,0.0,30.0,0.0,0.0,36.2775,53.36,34.32
4662,1166,31.1,15.0,15.0,61.148521,0.0,0.0,0.0,30.0,0.0,0.0,5.085000000000001,53.36,34.32
4663,1166,27.97,15.0,15.0,59.591074,0.0,0.0,0.0,30.0,0.0,0.0,-20.76,53.36,34.32
4664,1166,26.6,15.0,15.0,58.033627,0.0,0.0,0.0,30.0,0.0,0.0,-20.9225,53.36,34.32
4665,1167,20.97,15.0,15.0,56.476181,0.0,0.0,0.0,30.0,0.0,0.0,-28.7275,53.36,34.32
4666,1167,5.16,15.0,15.0,54.918734,0.0,0.0,0.0,30.0,0.0,0.0,-37.21,53.36,34.32
4667,1167,0.04,15.0,15.0,53.361287,30.0,30.0,0.0,30.0,0.0,0.0,-48.705,53.36,34.32
4668,1167,-0.01,15.0,15.0,51.80384,0.0,0.0,0.0,30.0,0.0,44.2375,-296.3075,53.36,34.32
4669,1168,-4.98,15.0,15.0,50.246393,0.0,0.0,0.0,30.0,0.0,73.305,-35.2675,53.36,34.32
4670,1168,-14.84,15.0,15.0,48.688947,30.0,30.0,0.0,30.0,0.0,23.493333333333332,-18.985,53.36,34.32
4671,1168,-11.35,15.0,15.0,47.1315,0.0,0.0,0.0,30.0,0.0,0.0,-22.33,53.36,34.32
4672,1168,-3.23,15.0,15.0,45.574053,30.0,30.0,0.0,30.0,0.0,88.945,18.710000000000008,53.36,34.32
4673,1169,0.38,15.0,15.0,44.016606,0.0,0.0,0.0,30.0,0.0,27.122500000000006,-16.48,53.36,34.32
4674,1169,29.39,15.0,15.0,42.459159,0.0,0.0,0.0,30.0,0.0,38.93,-49.4625,53.36,34.32
4675,1169,51.44,15.0,15.0,40.901712,0.0,0.0,0.0,30.0,0.0,9.139999999999999,-30.7025,53.36,34.32
4676,1169,75.96,15.0,15.0,39.344266,0.0,0.0,0.0,30.0,0.0,8.75,-18.857500000000016,53.36,34.32
4677,1170,76.59,15.21551,14.78449,38.222975,0.0,0.431021,0.431021,29.568979,0.0,88.55,31.669999999999995,64.06,40.86
4678,1170,79.27,15.21551,14.78449,37.101685,0.0,0.431021,0.431021,29.568979,0.0,27.4775,0.0,64.06,40.86
4679,1170,67.37,15.21551,14.78449,35.980395,0.0,0.431021,0.431021,29.568979,0.0,42.09,0.0,64.06,40.86
4680,1170,89.06,15.21551,14.78449,34.859105,0.0,0.431021,0.431021,29.568979,0.0,84.31,0.0,64.06,40.86
4681,1171,63.34,15.0,15.0,33.301658,0.0,0.0,0.0,30.0,0.0,24.883333333333333,-1.87,74.76,47.4
4682,1171,55.56,15.0,15.0,31.744211,0.0,0.0,0.0,30.0,0.0,7.223333333333334,3.13,74.76,47.4
4683,1171,44.43,15.0,15.0,30.186764,0.0,0.0,0.0,30.0,0.0,7.68,11.780000000000001,74.76,47.4
4684,1171,37.97,15.0,15.0,28.629317,0.0,0.0,0.0,30.0,0.0,29.17,0.0,74.76,47.4
4685,1172,37.0,15.0,15.0,27.071871,0.0,0.0,0.0,30.0,0.0,37.096666666666664,63.19,74.76,47.4
4686,1172,31.77,15.0,15.0,25.514424,0.0,0.0,0.0,30.0,0.0,10.575,2.8699999999999974,74.76,47.4
4687,1172,14.28,15.0,15.0,23.956977,0.0,0.0,0.0,30.0,0.0,4.515000000000001,-14.895,74.76,47.4
4688,1172,0.29,15.0,15.0,22.39953,30.0,30.0,0.0,30.0,0.0,42.365,-48.665000000000006,74.76,47.4
4689,1173,-3.3,15.0,15.0,20.842083,30.0,30.0,0.0,30.0,0.0,8.76,-51.0,74.76,47.4
4690,1173,-21.0,15.0,15.0,19.284637,0.0,0.0,0.0,30.0,0.0,0.0,-71.75,74.76,47.4
4691,1173,-39.96,15.0,15.0,17.72719,0.0,0.0,0.0,30.0,0.0,0.0,-65.3025,74.76,47.4
4692,1173,-59.42,15.0,15.0,16.169743,30.0,30.0,0.0,30.0,0.0,0.0,-33.4225,74.76,47.4
4693,1174,-73.63,15.0,15.0,14.612296,0.0,0.0,0.0,30.0,0.0,0.0,-31.25,74.76,47.4
4694,1174,-73.85,15.0,15.0,13.054849,0.0,0.0,0.0,30.0,0.0,0.0,-42.3625,74.76,47.4
4695,1174,-51.63,15.0,15.0,11.497403,0.0,0.0,0.0,30.0,0.0,0.0,-41.475,74.76,47.4
4696,1174,-19.46,15.0,15.0,9.9399558,0.0,0.0,0.0,30.0,0.0,40.32750000000001,0.6475000000000009,74.76,47.4
4697,1175,-0.51,15.0,15.0,8.3825089,0.0,0.0,0.0,30.0,0.0,68.55333333333334,-7.066666666666663,74.76,47.4
4698,1175,40.61,15.0,15.0,6.8250621,0.0,0.0,0.0,30.0,0.0,32.05333333333333,-60.55250000000001,74.76,47.4
4699,1175,87.76,15.0,15.0,5.2676153,0.0,0.0,0.0,30.0,0.0,55.620000000000005,-211.4475,74.76,47.4
4700,1175,112.8,15.0,15.0,3.7101685,0.0,0.0,0.0,30.0,0.0,94.93666666666665,-30.0,74.76,47.4
4701,1176,108.03,16.539108,13.460892,5.2676153,0.0,3.078217,3.078217,26.921783,0.0,84.77,0.0,59.78,36.18
4702,1176,106.61,16.539108,13.460892,6.8250621,0.0,3.078217,3.078217,26.921783,0.0,8.76,80.69,59.78,36.18
4703,1176,87.33,16.539108,13.460892,8.3825089,0.0,3.078217,3.078217,26.921783,0.0,0.0,49.45,59.78,36.18
4704,1176,79.63,16.539108,13.460892,9.9399558,0.0,3.078217,3.078217,26.921783,0.0,78.265,47.6,59.78,36.18
4705,1177,68.8,15.0,15.0,8.3825089,0.0,0.0,0.0,30.0,0.0,78.88,68.775,44.8,24.96
4706,1177,68.8,15.0,15.0,6.8250621,0.0,0.0,0.0,30.0,0.0,101.185,75.39333333333333,44.8,24.96
4707,1177,72.0,15.0,15.0,5.2676153,0.0,0.0,0.0,30.0,0.0,73.565,0.0,44.8,24.96
4708,1177,89.9,15.0,15.0,3.7101685,0.0,0.0,0.0,30.0,0.0,62.133333333333326,64.19,44.8,24.96
4709,1178,94.9,24.01914,5.9808595,20.405927,0.0,18.038281,18.038281,11.961719,0.0,0.0,52.4625,44.8,24.96
4710,1178,113.6,24.01914,5.9808595,37.101685,0.0,18.038281,18.038281,11.961719,0.0,85.1775,49.69,44.8,24.96
4711,1178,130.2,24.01914,5.9808595,53.797444,0.0,18.038281,18.038281,11.961719,0.0,48.87499999999999,74.18,44.8,24.96
4712,1178,89.23,24.01914,5.9808595,70.493202,0.0,18.038281,18.038281,11.961719,0.0,0.0,79.03,44.8,24.96
4713,1179,60.37,15.0,15.0,68.935755,0.0,0.0,0.0,30.0,0.0,81.13,-57.879999999999995,44.8,24.96
4714,1179,36.35,15.0,15.0,67.378308,0.0,0.0,0.0,30.0,0.0,0.0,-45.0,44.8,24.96
4715,1179,12.15,15.0,15.0,65.820861,30.0,30.0,0.0,30.0,0.0,34.77,74.82,44.8,24.96
4716,1179,0.64,15.0,15.0,64.263415,0.0,0.0,0.0,30.0,0.0,40.155,-52.0,44.8,24.96
4717,1180,-0.84,8.2895223,21.710478,49.125103,30.0,16.579045,-13.420955,16.579045,0.0,0.0,-74.0,44.8,24.96
4718,1180,-1.52,8.2895223,21.710478,33.986792,30.0,16.579045,-13.420955,16.579045,0.0,0.0,-52.0,44.8,24.96
4719,1180,3.54,8.2895223,21.710478,18.84848,30.0,16.579045,-13.420955,16.579045,0.0,42.86666666666666,-16.275,44.8,24.96
4720,1180,41.05,8.2895223,21.710478,3.7101685,13.420955,0.0,-13.420955,16.579045,0.0,71.74,-13.450000000000003,44.8,24.96
4721,1181,77.06,15.769554,14.230446,3.7101685,0.0,1.5391085,1.5391085,0.0,0.0,81.7125,6.733333333333334,44.8,24.96
4722,1181,108.82,20.307008,9.6929924,12.893202,0.0,10.614015,10.614015,0.0,0.0,9.0,0.0,44.8,24.96
4723,1181,191.77,30.0,0.0,41.693202,0.0,30.0,30.0,0.0,0.0,9.9,0.0,44.8,24.96
4724,1181,214.24,30.0,0.0,70.493202,0.0,30.0,30.0,0.0,0.0,110.98500000000001,0.0,44.8,24.96
4725,1182,140.16,15.0,15.0,68.935755,0.0,0.0,0.0,30.0,0.0,168.7575,0.0,51.08,30.48
4726,1182,93.09,15.0,15.0,67.378308,0.0,0.0,0.0,30.0,0.0,88.81333333333333,60.075,51.08,30.48
4727,1182,80.18,15.0,15.0,65.820861,0.0,0.0,0.0,30.0,0.0,101.995,20.8875,51.08,30.48
4728,1182,72.59,15.0,15.0,64.263415,0.0,0.0,0.0,30.0,0.0,86.87,23.90749999999999,51.08,30.48
4729,1183,58.16,15.0,15.0,62.705968,0.0,0.0,0.0,30.0,0.0,33.836666666666666,-4.0000000000000036,57.36,36.0
4730,1183,49.9,15.0,15.0,61.148521,0.0,0.0,0.0,30.0,0.0,55.6825,41.69,57.36,36.0
4731,1183,36.2,15.0,15.0,59.591074,0.0,0.0,0.0,30.0,0.0,65.41499999999999,22.409999999999997,57.36,36.0
4732,1183,36.28,15.0,15.0,58.033627,0.0,0.0,0.0,30.0,0.0,8.78,-27.314999999999998,57.36,36.0
4733,1184,47.04,15.0,15.0,56.476181,0.0,0.0,0.0,30.0,0.0,0.79,15.877499999999998,57.36,36.0
4734,1184,74.56,15.0,15.0,54.918734,30.0,30.0,0.0,30.0,0.0,56.0775,70.69,57.36,36.0
4735,1184,79.48,15.0,15.0,53.361287,0.0,0.0,0.0,30.0,0.0,47.83000000000001,0.0,57.36,36.0
4736,1184,76.17,15.0,15.0,51.80384,0.0,0.0,0.0,30.0,0.0,8.81,16.2275,57.36,36.0
4737,1185,10.0,15.0,15.0,50.246393,0.0,0.0,0.0,30.0,0.0,70.74000000000001,-30.68,57.36,36.0
4738,1185,-3.0,15.0,15.0,48.688947,0.0,0.0,0.0,30.0,0.0,73.30499999999999,-7.936666666666666,57.36,36.0
4739,1185,-10.0,15.0,15.0,47.1315,0.0,0.0,0.0,30.0,0.0,82.595,-52.6325,57.36,36.0
4740,1185,-10.09,15.0,15.0,45.574053,30.0,30.0,0.0,30.0,0.0,110.9125,-44.0,57.36,36.0
4741,1186,-10.1,15.0,15.0,44.016606,0.0,0.0,0.0,30.0,0.0,0.0,-26.42,57.36,36.0
4742,1186,-10.07,15.0,15.0,42.459159,30.0,30.0,0.0,30.0,0.0,44.58,10.625,57.36,36.0
4743,1186,-10.08,15.0,15.0,40.901712,0.0,0.0,0.0,30.0,0.0,0.0,-54.510000000000005,57.36,36.0
4744,1186,-10.0,15.0,15.0,39.344266,0.0,0.0,0.0,30.0,0.0,0.0,-0.125,57.36,36.0
4745,1187,24.9,15.0,15.0,37.786819,30.0,30.0,0.0,30.0,0.0,16.6,-53.0,57.36,36.0
4746,1187,63.98,15.0,15.0,36.229372,0.0,0.0,0.0,30.0,0.0,9.5075,-62.39666666666666,57.36,36.0
4747,1187,89.1,15.0,15.0,34.671925,0.0,0.0,0.0,30.0,0.0,75.36,48.19,57.36,36.0
4748,1187,121.37,15.0,15.0,33.114478,0.0,0.0,0.0,30.0,0.0,0.0,53.830000000000005,57.36,36.0
4749,1188,114.68,15.985065,14.014935,33.550635,0.0,1.9701295,1.9701295,28.029871,0.0,0.0,41.7575,55.38,50.02000000000001
4750,1188,106.25,15.985065,14.014935,33.986792,0.0,1.9701295,1.9701295,28.029871,0.0,0.0,23.002499999999998,55.38,50.02000000000001
4751,1188,85.1,15.985065,14.014935,34.422948,0.0,1.9701295,1.9701295,28.029871,0.0,0.0,32.345,55.38,50.02000000000001
4752,1188,87.6,15.985065,14.014935,34.859105,0.0,1.9701295,1.9701295,28.029871,0.0,0.0,61.7125,55.38,50.02000000000001
4753,1189,73.08,15.0,15.0,33.301658,0.0,0.0,0.0,0.0,30.0,0.78,67.16250000000001,53.4,64.04
4754,1189,72.87,15.0,15.0,31.744211,0.0,0.0,0.0,0.0,30.0,33.565000000000005,0.0,53.4,64.04
4755,1189,70.56,15.0,15.0,30.186764,0.0,0.0,0.0,0.0,30.0,0.855,70.23333333333333,53.4,64.04
4756,1189,71.08,15.0,15.0,28.629317,0.0,0.0,0.0,0.0,30.0,34.097500000000004,68.88,53.4,64.04
4757,1190,77.51,15.0,15.0,27.071871,0.0,0.0,0.0,0.0,30.0,8.72,69.8825,53.4,64.04
4758,1190,90.05,15.0,15.0,25.514424,0.0,0.0,0.0,0.0,30.0,95.02000000000001,66.81333333333333,53.4,64.04
4759,1190,100.12,15.0,15.0,23.956977,0.0,0.0,0.0,0.0,30.0,89.755,0.0,53.4,64.04
4760,1190,105.7,15.0,15.0,22.39953,0.0,0.0,0.0,0.0,30.0,43.93000000000001,70.72,53.4,64.04
4761,1191,78.04,15.0,15.0,20.842083,0.0,0.0,0.0,0.0,30.0,75.5,61.974999999999994,53.4,64.04
4762,1191,59.34,15.0,15.0,19.284637,0.0,0.0,0.0,0.0,30.0,29.09666666666667,35.94,53.4,64.04
4763,1191,42.65,15.0,15.0,17.72719,30.0,30.0,0.0,0.0,30.0,2.61,-0.5874999999999986,53.4,64.04
4764,1191,33.53,15.0,15.0,16.169743,0.0,0.0,0.0,0.0,30.0,52.52666666666667,-4.150000000000006,53.4,64.04
4765,1192,22.71,15.0,15.0,14.612296,0.0,0.0,0.0,0.0,30.0,4.38,-38.0725,53.4,64.04
4766,1192,11.89,15.0,15.0,13.054849,0.0,0.0,0.0,0.0,30.0,7.61,23.634999999999998,53.4,64.04
4767,1192,14.29,15.0,15.0,11.497403,0.0,0.0,0.0,0.0,30.0,0.0,18.784999999999997,53.4,64.04
4768,1192,40.13,15.0,15.0,9.9399558,0.0,0.0,0.0,0.0,30.0,75.2,29.405,53.4,64.04
4769,1193,63.0,15.0,15.0,8.3825089,30.0,30.0,0.0,0.0,30.0,79.905,20.934999999999988,53.4,64.04
4770,1193,84.93,15.0,15.0,6.8250621,0.0,0.0,0.0,0.0,30.0,9.18,46.4175,53.4,64.04
4771,1193,109.63,15.0,15.0,5.2676153,30.0,30.0,0.0,0.0,30.0,68.47999999999999,61.873333333333335,53.4,64.04
4772,1193,182.61,15.0,15.0,3.7101685,0.0,0.0,0.0,0.0,30.0,33.302499999999995,74.22,53.4,64.04
4773,1194,142.63,16.539108,13.460892,5.2676153,0.0,3.078217,3.078217,0.0,26.921783,57.485,0.0,45.559999999999995,47.46
4774,1194,115.97,16.539108,13.460892,6.8250621,0.0,3.078217,3.078217,0.0,26.921783,56.153333333333336,73.38,45.559999999999995,47.46
4775,1194,92.17,16.539108,13.460892,8.3825089,0.0,3.078217,3.078217,0.0,26.921783,0.0,72.505,45.559999999999995,47.46
4776,1194,90.26,16.539108,13.460892,9.9399558,0.0,3.078217,3.078217,0.0,26.921783,68.44749999999999,83.82,45.559999999999995,47.46
4777,1195,80.34,15.0,15.0,8.3825089,0.0,0.0,0.0,30.0,0.0,77.88333333333334,73.19,37.72,30.88
4778,1195,77.43,15.0,15.0,6.8250621,0.0,0.0,0.0,30.0,0.0,0.0,69.705,37.72,30.88
4779,1195,78.01,15.0,15.0,5.2676153,0.0,0.0,0.0,30.0,0.0,77.37,67.55,37.72,30.88
4780,1195,77.52,15.0,15.0,3.7101685,0.0,0.0,0.0,30.0,0.0,0.0,75.28999999999999,37.72,30.88
4781,1196,90.22,17.308663,12.691337,6.8250621,0.0,4.6173255,4.6173255,25.382675,0.0,0.0,66.5275,37.72,30.88
4782,1196,116.0,17.308663,12.691337,9.9399558,25.382675,30.0,4.617325000000001,25.382675,0.0,101.74000000000001,64.52333333333334,37.72,30.88
4783,1196,106.56,17.308663,12.691337,13.054849,25.382675,30.0,4.617325000000001,25.382675,0.0,82.72,50.675,37.72,30.88
4784,1196,97.22,17.308663,12.691337,16.169743,0.0,4.6173255,4.6173255,25.382675,0.0,0.0,70.53999999999999,37.72,30.88
4785,1197,79.9,15.0,15.0,14.612296,0.0,0.0,0.0,30.0,0.0,74.97,67.8,37.72,30.88
4786,1197,64.82,15.0,15.0,13.054849,0.0,0.0,0.0,30.0,0.0,0.0,-6.862500000000004,37.72,30.88
4787,1197,48.13,15.0,15.0,11.497403,0.0,0.0,0.0,30.0,0.0,0.0,-71.0,37.72,30.88
4788,1197,35.85,15.0,15.0,9.9399558,0.0,0.0,0.0,30.0,0.0,0.0,-74.0,37.72,30.88
4789,1198,34.86,15.0,15.0,8.3825089,30.0,30.0,0.0,30.0,0.0,0.0,50.17,37.72,30.88
4790,1198,38.02,15.0,15.0,6.8250621,30.0,30.0,0.0,30.0,0.0,0.0,55.182500000000005,37.72,30.88
4791,1198,49.91,15.0,15.0,5.2676153,0.0,0.0,0.0,30.0,0.0,74.97,14.177499999999995,37.72,30.88
4792,1198,68.59,15.0,15.0,3.7101685,0.0,0.0,0.0,30.0,0.0,86.55,-83.0025,37.72,30.88
4793,1199,86.07,15.769554,14.230446,3.7101685,0.0,1.5391085,1.5391085,6.4619949,0.0,89.42,-245.15000000000003,37.72,30.88
4794,1199,96.11,26.769003,3.2309975,25.97118,0.0,23.538005,23.538005,6.4619949,0.0,9.17,50.9675,37.72,30.88
4795,1199,130.36,26.769003,3.2309975,48.232191,0.0,23.538005,23.538005,6.4619949,0.0,228.46,57.515,37.72,30.88
4796,1199,212.02,26.769003,3.2309975,70.493202,0.0,23.538005,23.538005,6.4619949,0.0,59.9375,0.0,37.72,30.88
4797,1200,176.73,15.769554,14.230446,70.493202,0.0,1.5391085,1.5391085,28.460892,0.0,58.309999999999995,0.0,39.14,28.66
4798,1200,119.96,15.769554,14.230446,70.493202,0.0,1.5391085,1.5391085,28.460892,0.0,87.715,71.09,39.14,28.66
4799,1200,102.0,15.769554,14.230446,70.493202,0.0,1.5391085,1.5391085,28.460892,0.0,73.47,68.475,39.14,28.66
4800,1200,90.32,15.769554,14.230446,70.493202,0.0,1.5391085,1.5391085,28.460892,0.0,0.0,27.230000000000004,39.14,28.66
4801,1201,80.52,15.0,15.0,68.935755,0.0,0.0,0.0,30.0,0.0,8.11,67.365,40.56,26.44
4802,1201,79.98,15.0,15.0,67.378308,0.0,0.0,0.0,30.0,0.0,0.0,55.185,40.56,26.44
4803,1201,78.21,15.0,15.0,65.820861,0.0,0.0,0.0,30.0,0.0,0.0,62.4125,40.56,26.44
4804,1201,81.28,15.0,15.0,64.263415,0.0,0.0,0.0,30.0,0.0,79.03,78.06,40.56,26.44
4805,1202,89.41,15.0,15.0,62.705968,0.0,0.0,0.0,30.0,0.0,88.86,68.36,40.56,26.44
4806,1202,110.89,15.0,15.0,61.148521,30.0,30.0,0.0,30.0,0.0,66.2725,65.92,40.56,26.44
4807,1202,108.67,15.0,15.0,59.591074,30.0,30.0,0.0,30.0,0.0,117.68749999999999,0.0,40.56,26.44
4808,1202,98.4,15.0,15.0,58.033627,0.0,0.0,0.0,30.0,0.0,87.52333333333334,58.85666666666667,40.56,26.44
4809,1203,81.43,15.0,15.0,56.476181,0.0,0.0,0.0,30.0,0.0,119.63499999999999,-30.0,40.56,26.44
4810,1203,70.28,15.0,15.0,54.918734,0.0,0.0,0.0,30.0,0.0,111.57499999999999,-33.275,40.56,26.44
4811,1203,59.52,15.0,15.0,53.361287,0.0,0.0,0.0,30.0,0.0,51.65,58.96,40.56,26.44
4812,1203,45.13,15.0,15.0,51.80384,0.0,0.0,0.0,30.0,0.0,33.14,44.5,40.56,26.44
4813,1204,37.09,15.0,15.0,50.246393,0.0,0.0,0.0,30.0,0.0,0.0,-30.0,40.56,26.44
4814,1204,36.81,15.0,15.0,48.688947,0.0,0.0,0.0,30.0,0.0,0.0,63.375,40.56,26.44
4815,1204,43.25,15.0,15.0,47.1315,0.0,0.0,0.0,30.0,0.0,79.96,0.0,40.56,26.44
4816,1204,65.0,15.0,15.0,45.574053,0.0,0.0,0.0,30.0,0.0,87.88,52.89,40.56,26.44
4817,1205,77.59,18.847771,11.152229,51.80384,0.0,7.6955425,7.6955425,22.304458,0.0,0.0,46.6175,40.56,26.44
4818,1205,91.15,18.847771,11.152229,58.033627,0.0,7.6955425,7.6955425,22.304458,0.0,0.0,11.642499999999998,40.56,26.44
4819,1205,119.04,18.847771,11.152229,64.263415,0.0,7.6955425,7.6955425,22.304458,0.0,0.0,54.73,40.56,26.44
4820,1205,181.12,18.847771,11.152229,70.493202,0.0,7.6955425,7.6955425,22.304458,0.0,104.56,67.03,40.56,26.44
4821,1206,120.96,15.769554,14.230446,70.493202,0.0,1.5391085,1.5391085,28.460892,0.0,99.625,67.36,44.620000000000005,32.3
4822,1206,107.06,15.769554,14.230446,70.493202,0.0,1.5391085,1.5391085,28.460892,0.0,0.0,64.46000000000001,44.620000000000005,32.3
4823,1206,91.67,15.769554,14.230446,70.493202,0.0,1.5391085,1.5391085,28.460892,0.0,0.0,47.25,44.620000000000005,32.3
4824,1206,95.0,15.769554,14.230446,70.493202,0.0,1.5391085,1.5391085,28.460892,0.0,0.0,-20.940000000000005,44.620000000000005,32.3
4825,1207,89.66,15.0,15.0,68.935755,0.0,0.0,0.0,30.0,0.0,0.0,-236.885,48.68,38.16
4826,1207,88.0,15.0,15.0,67.378308,0.0,0.0,0.0,30.0,0.0,0.0,41.8825,48.68,38.16
4827,1207,89.88,15.0,15.0,65.820861,0.0,0.0,0.0,30.0,0.0,64.1225,67.63,48.68,38.16
4828,1207,94.24,15.0,15.0,64.263415,0.0,0.0,0.0,30.0,0.0,89.2325,0.0,48.68,38.16
4829,1208,93.8,15.0,15.0,62.705968,0.0,0.0,0.0,30.0,0.0,67.08250000000001,0.0,48.68,38.16
4830,1208,88.45,15.0,15.0,61.148521,0.0,0.0,0.0,30.0,0.0,104.20999999999998,0.0,48.68,38.16
4831,1208,81.68,15.0,15.0,59.591074,0.0,0.0,0.0,30.0,0.0,98.97749999999999,0.0,48.68,38.16
4832,1208,68.11,15.0,15.0,58.033627,30.0,30.0,0.0,30.0,0.0,69.16,0.0,48.68,38.16
4833,1209,49.89,15.0,15.0,56.476181,0.0,0.0,0.0,30.0,0.0,76.37,25.756666666666668,48.68,38.16
4834,1209,5.15,15.0,15.0,54.918734,30.0,30.0,0.0,30.0,0.0,0.0,-30.0,48.68,38.16
4835,1209,-0.97,15.0,15.0,53.361287,30.0,30.0,0.0,30.0,0.0,0.0,-48.5825,48.68,38.16
4836,1209,-5.4,15.0,15.0,51.80384,0.0,0.0,0.0,30.0,0.0,0.0,-53.972500000000004,48.68,38.16
4837,1210,-5.07,9.8286308,20.171369,39.780422,10.342738,0.0,-10.342738,19.657262,0.0,0.0,-35.22749999999999,48.68,38.16
4838,1210,-4.0,9.8286308,20.171369,27.757004,10.342738,0.0,-10.342738,19.657262,0.0,4.71,-41.8125,48.68,38.16
4839,1210,-3.3,9.8286308,20.171369,15.733586,10.342738,0.0,-10.342738,19.657262,0.0,0.0,-14.864999999999995,48.68,38.16
4840,1210,1.43,9.8286308,20.171369,3.7101685,30.0,19.657262,-10.342738,19.657262,0.0,80.84,-48.06666666666666,48.68,38.16
4841,1211,52.29,15.769554,14.230446,3.7101685,0.0,1.5391085,1.5391085,28.460892,0.0,0.0,-347.9033333333333,48.68,38.16
4842,1211,85.0,15.769554,14.230446,3.7101685,0.0,1.5391085,1.5391085,28.460892,0.0,0.0,64.4,48.68,38.16
4843,1211,107.95,15.769554,14.230446,3.7101685,0.0,1.5391085,1.5391085,28.460892,0.0,0.0,77.1125,48.68,38.16
4844,1211,136.36,15.769554,14.230446,3.7101685,0.0,1.5391085,1.5391085,28.460892,0.0,0.0,73.97999999999999,48.68,38.16
4845,1212,112.54,24.01914,5.9808595,20.405927,0.0,18.038281,18.038281,11.961719,0.0,101.49,79.60666666666667,49.56,40.9
4846,1212,126.3,24.01914,5.9808595,37.101685,0.0,18.038281,18.038281,11.961719,0.0,60.540000000000006,66.3,49.56,40.9
4847,1212,90.93,24.01914,5.9808595,53.797444,0.0,18.038281,18.038281,11.961719,0.0,0.0,59.765,49.56,40.9
4848,1212,89.0,24.01914,5.9808595,70.493202,0.0,18.038281,18.038281,11.961719,0.0,85.72,21.49,49.56,40.9
4849,1213,91.1,15.0,15.0,68.935755,0.0,0.0,0.0,30.0,0.0,83.755,67.47,50.44,43.64
4850,1213,83.0,15.0,15.0,67.378308,0.0,0.0,0.0,30.0,0.0,66.3,54.25,50.44,43.64
4851,1213,90.0,15.0,15.0,65.820861,0.0,0.0,0.0,30.0,0.0,27.582499999999996,0.0,50.44,43.64
4852,1213,86.4,15.0,15.0,64.263415,0.0,0.0,0.0,30.0,0.0,25.8575,0.0,50.44,43.64
4853,1214,100.0,15.0,15.0,62.705968,0.0,0.0,0.0,30.0,0.0,171.38,0.0,50.44,43.64
4854,1214,73.9,15.0,15.0,61.148521,0.0,0.0,0.0,30.0,0.0,41.13,-20.423333333333325,50.44,43.64
4855,1214,56.53,15.0,15.0,59.591074,0.0,0.0,0.0,30.0,0.0,0.0,-52.0,50.44,43.64
4856,1214,64.9,15.0,15.0,58.033627,0.0,0.0,0.0,30.0,0.0,0.0,-40.945,50.44,43.64
4857,1215,19.7,15.0,15.0,56.476181,30.0,30.0,0.0,30.0,0.0,58.28666666666667,21.155,50.44,43.64
4858,1215,0.09,15.0,15.0,54.918734,30.0,30.0,0.0,30.0,0.0,71.785,0.0,50.44,43.64
4859,1215,0.03,15.0,15.0,53.361287,30.0,30.0,0.0,30.0,0.0,59.61666666666666,-7.484999999999999,50.44,43.64
4860,1215,0.02,15.0,15.0,51.80384,30.0,30.0,0.0,30.0,0.0,6.6,0.0,50.44,43.64
4861,1216,-0.06,10.598185,19.401815,41.337869,30.0,21.19637,-8.803629999999998,21.19637,0.0,73.32,-64.69333333333333,50.44,43.64
4862,1216,-0.18,10.598185,19.401815,30.871898,8.80363,0.0,-8.80363,21.19637,0.0,73.85,-30.0,50.44,43.64
4863,1216,0.07,10.598185,19.401815,20.405927,8.80363,0.0,-8.80363,21.19637,0.0,27.325000000000003,0.0,50.44,43.64
4864,1216,0.27,10.598185,19.401815,9.9399558,30.0,21.19637,-8.803629999999998,21.19637,0.0,27.182500000000005,0.0,50.44,43.64
4865,1217,51.72,15.0,15.0,8.3825089,0.0,0.0,0.0,30.0,0.0,113.75333333333334,71.65,50.44,43.64
4866,1217,80.45,15.0,15.0,6.8250621,0.0,0.0,0.0,30.0,0.0,0.0,79.05,50.44,43.64
4867,1217,98.5,15.0,15.0,5.2676153,0.0,0.0,0.0,30.0,0.0,32.53,53.870000000000005,50.44,43.64
4868,1217,122.51,15.0,15.0,3.7101685,0.0,0.0,0.0,30.0,0.0,41.765,0.0,50.44,43.64
4869,1218,124.53,24.01914,5.9808595,20.405927,0.0,18.038281,18.038281,11.961719,0.0,43.06,0.0,46.36,35.56
4870,1218,107.92,24.01914,5.9808595,37.101685,0.0,18.038281,18.038281,11.961719,0.0,62.754999999999995,61.87,46.36,35.56
4871,1218,90.16,24.01914,5.9808595,53.797444,0.0,18.038281,18.038281,11.961719,0.0,0.0,56.8875,46.36,35.56
4872,1218,116.11,24.01914,5.9808595,70.493202,0.0,18.038281,18.038281,11.961719,0.0,64.845,75.69,46.36,35.56
4873,1219,91.51,15.0,15.0,68.935755,0.0,0.0,0.0,30.0,0.0,8.46,75.69,42.28,27.48
4874,1219,83.7,15.0,15.0,67.378308,0.0,0.0,0.0,30.0,0.0,67.8775,0.0,42.28,27.48
4875,1219,85.0,15.0,15.0,65.820861,0.0,0.0,0.0,30.0,0.0,79.69749999999999,0.0,42.28,27.48
4876,1219,81.84,15.0,15.0,64.263415,0.0,0.0,0.0,30.0,0.0,78.8775,0.0,42.28,27.48
4877,1220,79.32,16.539108,13.460892,65.820861,26.921783,30.0,3.0782169999999986,26.921783,0.0,79.75,72.61333333333333,42.28,27.48
4878,1220,108.71,16.539108,13.460892,67.378308,0.0,3.078217,3.078217,26.921783,0.0,88.45333333333333,71.69,42.28,27.48
4879,1220,120.09,16.539108,13.460892,68.935755,0.0,3.078217,3.078217,26.921783,0.0,44.544999999999995,66.3125,42.28,27.48
4880,1220,114.28,16.539108,13.460892,70.493202,0.0,3.078217,3.078217,26.921783,0.0,0.0,54.535,42.28,27.48
4881,1221,87.1,15.0,15.0,68.935755,0.0,0.0,0.0,30.0,0.0,10.726666666666667,51.6,42.28,27.48
4882,1221,50.0,15.0,15.0,67.378308,30.0,30.0,0.0,30.0,0.0,39.51,50.87,42.28,27.48
4883,1221,14.23,15.0,15.0,65.820861,0.0,0.0,0.0,30.0,0.0,72.74,59.620000000000005,42.28,27.48
4884,1221,25.61,15.0,15.0,64.263415,0.0,0.0,0.0,30.0,0.0,8.41,63.44,42.28,27.48
4885,1222,21.12,15.0,15.0,62.705968,0.0,0.0,0.0,30.0,0.0,31.959999999999997,-8.21500000000001,42.28,27.48
4886,1222,17.42,15.0,15.0,61.148521,0.0,0.0,0.0,30.0,0.0,0.0,-31.725,42.28,27.48
4887,1222,17.49,15.0,15.0,59.591074,0.0,0.0,0.0,30.0,0.0,0.0,-57.207499999999996,42.28,27.48
4888,1222,21.8,15.0,15.0,58.033627,30.0,30.0,0.0,30.0,0.0,61.459999999999994,-73.5525,42.28,27.48
4889,1223,63.32,15.0,15.0,56.476181,0.0,0.0,0.0,30.0,0.0,29.165,6.643333333333338,42.28,27.48
4890,1223,79.9,15.0,15.0,54.918734,0.0,0.0,0.0,30.0,0.0,70.9625,9.579999999999998,42.28,27.48
4891,1223,99.91,15.0,15.0,53.361287,0.0,0.0,0.0,30.0,0.0,198.71999999999997,0.0,42.28,27.48
4892,1223,139.87,15.0,15.0,51.80384,0.0,0.0,0.0,30.0,0.0,68.5825,0.0,42.28,27.48
4893,1224,140.26,18.078217,11.921783,56.476181,0.0,6.156434,6.156434,23.843566,0.0,67.07249999999999,73.75,43.67999999999999,28.46
4894,1224,109.97,18.078217,11.921783,61.148521,0.0,6.156434,6.156434,23.843566,0.0,91.5825,71.69,43.67999999999999,28.46
4895,1224,95.52,18.078217,11.921783,65.820861,0.0,6.156434,6.156434,23.843566,0.0,71.995,56.335,43.67999999999999,28.46
4896,1224,82.85,18.078217,11.921783,70.493202,0.0,6.156434,6.156434,23.843566,0.0,40.72,57.7,43.67999999999999,28.46
4897,1225,73.65,15.0,15.0,68.935755,0.0,0.0,0.0,30.0,0.0,46.11,66.48,45.08,29.44
4898,1225,73.39,15.0,15.0,67.378308,0.0,0.0,0.0,30.0,0.0,76.1875,60.385000000000005,45.08,29.44
4899,1225,68.13,15.0,15.0,65.820861,0.0,0.0,0.0,30.0,0.0,71.69,0.0,45.08,29.44
4900,1225,70.56,15.0,15.0,64.263415,0.0,0.0,0.0,30.0,0.0,62.2425,0.0,45.08,29.44
4901,1226,73.68,16.539108,13.460892,65.820861,0.0,3.078217,3.078217,26.921783,0.0,50.082499999999996,42.806666666666665,45.08,29.44
4902,1226,99.9,16.539108,13.460892,67.378308,0.0,3.078217,3.078217,26.921783,0.0,117.63499999999999,0.0,45.08,29.44
4903,1226,116.0,16.539108,13.460892,68.935755,0.0,3.078217,3.078217,26.921783,0.0,11.46,19.375,45.08,29.44
4904,1226,110.45,16.539108,13.460892,70.493202,0.0,3.078217,3.078217,26.921783,0.0,47.225,62.86,45.08,29.44
4905,1227,86.48,15.0,15.0,68.935755,0.0,0.0,0.0,30.0,0.0,84.82333333333332,-0.46666666666666146,45.08,29.44
4906,1227,68.87,15.0,15.0,67.378308,0.0,0.0,0.0,30.0,0.0,87.67333333333333,47.5,45.08,29.44
4907,1227,58.2,15.0,15.0,65.820861,0.0,0.0,0.0,30.0,0.0,63.85249999999999,-60.0,45.08,29.44
4908,1227,36.48,15.0,15.0,64.263415,0.0,0.0,0.0,30.0,0.0,0.0,-43.33333333333333,45.08,29.44
4909,1228,32.43,15.0,15.0,62.705968,0.0,0.0,0.0,30.0,0.0,0.0,-40.532500000000006,45.08,29.44
4910,1228,29.32,15.0,15.0,61.148521,0.0,0.0,0.0,30.0,0.0,8.65,10.773333333333333,45.08,29.44
4911,1228,32.72,15.0,15.0,59.591074,0.0,0.0,0.0,30.0,0.0,47.895,0.0,45.08,29.44
4912,1228,46.2,15.0,15.0,58.033627,0.0,0.0,0.0,30.0,0.0,43.105,-133.34,45.08,29.44
4913,1229,75.4,15.0,15.0,56.476181,0.0,0.0,0.0,30.0,0.0,77.57,-30.0,45.08,29.44
4914,1229,82.41,15.0,15.0,54.918734,0.0,0.0,0.0,30.0,0.0,59.067499999999995,-61.635,45.08,29.44
4915,1229,96.03,15.0,15.0,53.361287,0.0,0.0,0.0,30.0,0.0,80.46,51.89666666666667,45.08,29.44
4916,1229,116.93,15.0,15.0,51.80384,0.0,0.0,0.0,30.0,0.0,81.625,73.69,45.08,29.44
4917,1230,102.01,15.0,15.0,50.246393,0.0,0.0,0.0,30.0,0.0,84.57,67.6425,48.12,33.1
4918,1230,100.35,15.0,15.0,48.688947,0.0,0.0,0.0,30.0,0.0,0.0,62.14,48.12,33.1
4919,1230,91.7,15.0,15.0,47.1315,30.0,30.0,0.0,30.0,0.0,0.0,48.07,48.12,33.1
4920,1230,83.51,15.0,15.0,45.574053,0.0,0.0,0.0,30.0,0.0,8.49,-10.502499999999998,48.12,33.1
4921,1231,78.33,15.0,15.0,44.016606,0.0,0.0,0.0,30.0,0.0,0.0,12.5,51.16,36.76
4922,1231,73.0,15.0,15.0,42.459159,0.0,0.0,0.0,30.0,0.0,0.0,50.2025,51.16,36.76
4923,1231,73.6,15.0,15.0,40.901712,0.0,0.0,0.0,30.0,0.0,0.0,50.31,51.16,36.76
4924,1231,84.8,15.0,15.0,39.344266,0.0,0.0,0.0,30.0,0.0,80.69,-5.057500000000001,51.16,36.76
4925,1232,73.62,15.0,15.0,37.786819,0.0,0.0,0.0,30.0,0.0,44.629999999999995,34.47333333333333,51.16,36.76
4926,1232,94.72,15.0,15.0,36.229372,0.0,0.0,0.0,30.0,0.0,57.862500000000004,0.0,51.16,36.76
4927,1232,112.94,15.0,15.0,34.671925,0.0,0.0,0.0,30.0,0.0,8.6,62.25,51.16,36.76
4928,1232,99.05,15.0,15.0,33.114478,0.0,0.0,0.0,30.0,0.0,8.59,66.47666666666667,51.16,36.76
4929,1233,72.86,15.0,15.0,31.557032,0.0,0.0,0.0,30.0,0.0,62.46000000000001,4.730000000000004,51.16,36.76
4930,1233,54.64,15.0,15.0,29.999585,0.0,0.0,0.0,30.0,0.0,88.95,36.519999999999996,51.16,36.76
4931,1233,20.09,15.0,15.0,28.442138,0.0,0.0,0.0,30.0,0.0,62.336666666666666,-54.66666666666667,51.16,36.76
4932,1233,0.0,15.0,15.0,26.884691,0.0,0.0,0.0,30.0,0.0,82.92,-22.617500000000003,51.16,36.76
4933,1234,-1.97,13.676402,16.323598,22.648507,30.0,27.352804,-2.647196000000001,27.352804,0.0,53.620000000000005,0.0,51.16,36.76
4934,1234,-10.0,13.676402,16.323598,18.412323,2.647196,0.0,-2.647196,27.352804,0.0,0.1,-74.0,51.16,36.76
4935,1234,-3.59,13.676402,16.323598,14.17614,30.0,27.352804,-2.647196000000001,27.352804,0.0,8.54,-75.1375,51.16,36.76
4936,1234,1.81,13.676402,16.323598,9.9399558,2.647196,0.0,-2.647196,27.352804,0.0,42.230000000000004,-80.5,51.16,36.76
4937,1235,39.68,15.0,15.0,8.3825089,0.0,0.0,0.0,30.0,0.0,81.655,-80.7125,51.16,36.76
4938,1235,68.7,15.0,15.0,6.8250621,0.0,0.0,0.0,30.0,0.0,0.0,-27.906666666666666,51.16,36.76
4939,1235,96.87,15.0,15.0,5.2676153,0.0,0.0,0.0,30.0,0.0,29.93333333333333,60.69,51.16,36.76
4940,1235,110.51,15.0,15.0,3.7101685,0.0,0.0,0.0,30.0,0.0,66.32499999999999,0.0,51.16,36.76
4941,1236,121.47,16.539108,13.460892,5.2676153,0.0,3.078217,3.078217,26.921783,0.0,31.269999999999996,67.21000000000001,46.11999999999999,32.56
4942,1236,109.01,16.539108,13.460892,6.8250621,26.921783,30.0,3.0782169999999986,26.921783,0.0,77.485,71.28,46.11999999999999,32.56
4943,1236,93.66,16.539108,13.460892,8.3825089,0.0,3.078217,3.078217,26.921783,0.0,0.0,62.906666666666666,46.11999999999999,32.56
4944,1236,92.55,16.539108,13.460892,9.9399558,0.0,3.078217,3.078217,26.921783,0.0,89.52250000000001,0.0,46.11999999999999,32.56
4945,1237,87.2,15.0,15.0,8.3825089,0.0,0.0,0.0,30.0,0.0,68.32249999999999,0.0,41.08,28.36
4946,1237,84.9,15.0,15.0,6.8250621,0.0,0.0,0.0,30.0,0.0,29.9775,0.0,41.08,28.36
4947,1237,79.92,15.0,15.0,5.2676153,0.0,0.0,0.0,30.0,0.0,8.7325,63.905,41.08,28.36
4948,1237,76.4,15.0,15.0,3.7101685,0.0,0.0,0.0,30.0,0.0,82.405,0.0,41.08,28.36
4949,1238,92.53,17.308663,12.691337,6.8250621,0.0,4.6173255,4.6173255,25.382675,0.0,0.0,53.5625,41.08,28.36
4950,1238,106.16,17.308663,12.691337,9.9399558,0.0,4.6173255,4.6173255,25.382675,0.0,44.550000000000004,58.205,41.08,28.36
4951,1238,109.03,17.308663,12.691337,13.054849,0.0,4.6173255,4.6173255,25.382675,0.0,60.59,71.965,41.08,28.36
4952,1238,90.98,17.308663,12.691337,16.169743,0.0,4.6173255,4.6173255,25.382675,0.0,57.55666666666667,54.41,41.08,28.36
4953,1239,71.98,15.0,15.0,14.612296,0.0,0.0,0.0,30.0,0.0,81.08,-39.792500000000004,41.08,28.36
4954,1239,55.08,15.0,15.0,13.054849,0.0,0.0,0.0,30.0,0.0,0.0,-33.7475,41.08,28.36
4955,1239,36.95,15.0,15.0,11.497403,0.0,0.0,0.0,30.0,0.0,0.0,-74.0,41.08,28.36
4956,1239,24.31,15.0,15.0,9.9399558,0.0,0.0,0.0,30.0,0.0,0.0,-224.5,41.08,28.36
4957,1240,17.36,15.0,15.0,8.3825089,0.0,0.0,0.0,30.0,0.0,0.0,-58.6275,41.08,28.36
4958,1240,13.27,15.0,15.0,6.8250621,30.0,30.0,0.0,30.0,0.0,0.0,-52.25,41.08,28.36
4959,1240,26.2,15.0,15.0,5.2676153,0.0,0.0,0.0,30.0,0.0,0.0,-35.5,41.08,28.36
4960,1240,53.8,15.0,15.0,3.7101685,0.0,0.0,0.0,30.0,0.0,34.49,6.853333333333335,41.08,28.36
4961,1241,80.0,19.617325,10.382675,11.497403,0.0,9.234651,9.234651,20.765349,0.0,148.17499999999998,0.0,41.08,28.36
4962,1241,97.0,19.617325,10.382675,19.284637,0.0,9.234651,9.234651,20.765349,0.0,75.23,12.712499999999997,41.08,28.36
4963,1241,119.9,19.617325,10.382675,27.071871,0.0,9.234651,9.234651,20.765349,0.0,7.52,-15.037499999999994,41.08,28.36
4964,1241,148.3,19.617325,10.382675,34.859105,0.0,9.234651,9.234651,20.765349,0.0,53.69500000000001,0.0,41.08,28.36
4965,1242,129.97,15.0,15.0,33.301658,0.0,0.0,0.0,30.0,0.0,8.66,0.0,40.12,26.4
4966,1242,100.0,15.0,15.0,31.744211,0.0,0.0,0.0,30.0,0.0,80.97,58.754999999999995,40.12,26.4
4967,1242,84.95,15.0,15.0,30.186764,0.0,0.0,0.0,30.0,0.0,8.796666666666667,9.255000000000003,40.12,26.4
4968,1242,81.0,15.0,15.0,28.629317,0.0,0.0,0.0,30.0,0.0,34.265,55.01,40.12,26.4
4969,1243,73.5,15.0,15.0,27.071871,0.0,0.0,0.0,30.0,0.0,9.16,55.339999999999996,39.16,24.44
4970,1243,75.01,15.0,15.0,25.514424,0.0,0.0,0.0,30.0,0.0,0.0,53.375,39.16,24.44
4971,1243,77.5,15.0,15.0,23.956977,0.0,0.0,0.0,30.0,0.0,0.0,42.2,39.16,24.44
4972,1243,76.9,15.0,15.0,22.39953,0.0,0.0,0.0,30.0,0.0,0.0,32.33749999999999,39.16,24.44
4973,1244,79.99,15.0,15.0,20.842083,0.0,0.0,0.0,30.0,0.0,0.0,49.62,39.16,24.44
4974,1244,94.76,15.0,15.0,19.284637,0.0,0.0,0.0,30.0,0.0,78.19,42.61250000000001,39.16,24.44
4975,1244,110.2,15.0,15.0,17.72719,0.0,0.0,0.0,30.0,0.0,0.0,53.1075,39.16,24.44
4976,1244,100.56,15.0,15.0,16.169743,0.0,0.0,0.0,30.0,0.0,0.0,56.795,39.16,24.44
4977,1245,94.8,15.0,15.0,14.612296,0.0,0.0,0.0,30.0,0.0,92.45,30.02,39.16,24.44
4978,1245,88.72,15.0,15.0,13.054849,0.0,0.0,0.0,30.0,0.0,51.3,-534.6025,39.16,24.44
4979,1245,78.19,15.0,15.0,11.497403,0.0,0.0,0.0,30.0,0.0,51.97333333333333,-69.33333333333333,39.16,24.44
4980,1245,69.16,15.0,15.0,9.9399558,0.0,0.0,0.0,30.0,0.0,8.51,-95.48,39.16,24.44
4981,1246,59.4,15.0,15.0,8.3825089,0.0,0.0,0.0,30.0,0.0,23.384999999999998,-149.5,39.16,24.44
4982,1246,50.0,15.0,15.0,6.8250621,30.0,30.0,0.0,30.0,0.0,2.9066666666666663,-107.0,39.16,24.44
4983,1246,60.49,15.0,15.0,5.2676153,30.0,30.0,0.0,30.0,0.0,8.52,-48.4375,39.16,24.44
4984,1246,71.14,15.0,15.0,3.7101685,0.0,0.0,0.0,30.0,0.0,50.773333333333326,-77.945,39.16,24.44
4985,1247,88.19,15.769554,14.230446,3.7101685,0.0,1.5391085,1.5391085,28.460892,0.0,56.94666666666667,28.18250000000001,39.16,24.44
4986,1247,94.99,15.769554,14.230446,3.7101685,0.0,1.5391085,1.5391085,28.460892,0.0,45.2925,64.24,39.16,24.44
4987,1247,109.9,15.769554,14.230446,3.7101685,28.460892,30.0,1.5391079999999988,28.460892,0.0,0.0,58.913333333333334,39.16,24.44
4988,1247,146.09,15.769554,14.230446,3.7101685,0.0,1.5391085,1.5391085,28.460892,0.0,0.0,69.98,39.16,24.44
4989,1248,138.39,24.01914,5.9808595,20.405927,0.0,18.038281,18.038281,11.961719,0.0,0.86,58.74,38.58,25.64
4990,1248,106.46,24.01914,5.9808595,37.101685,11.961719,30.0,18.038280999999998,11.961719,0.0,7.91,68.095,38.58,25.64
4991,1248,97.9,24.01914,5.9808595,53.797444,0.0,18.038281,18.038281,11.961719,0.0,78.72,60.31666666666666,38.58,25.64
4992,1248,103.88,24.01914,5.9808595,70.493202,0.0,18.038281,18.038281,11.961719,0.0,80.25,77.06,38.58,25.64
4993,1249,103.03,15.0,15.0,68.935755,0.0,0.0,0.0,30.0,0.0,74.84,73.2,38.0,26.84
4994,1249,96.89,15.0,15.0,67.378308,30.0,30.0,0.0,30.0,0.0,83.755,71.9,38.0,26.84
4995,1249,94.81,15.0,15.0,65.820861,0.0,0.0,0.0,30.0,0.0,133.075,73.31,38.0,26.84
4996,1249,92.79,15.0,15.0,64.263415,0.0,0.0,0.0,30.0,0.0,0.0,70.45,38.0,26.84
4997,1250,90.19,15.0,15.0,62.705968,0.0,0.0,0.0,30.0,0.0,0.0,75.74,38.0,26.84
4998,1250,87.09,15.0,15.0,61.148521,0.0,0.0,0.0,30.0,0.0,0.0,73.64,38.0,26.84
4999,1250,82.41,15.0,15.0,59.591074,0.0,0.0,0.0,30.0,0.0,0.0,61.945,38.0,26.84
5000,1250,84.69,15.0,15.0,58.033627,0.0,0.0,0.0,30.0,0.0,0.0,-7.950000000000003,38.0,26.84
5001,1251,66.38,15.0,15.0,56.476181,0.0,0.0,0.0,30.0,0.0,0.0,-45.86500000000001,38.0,26.84
5002,1251,59.83,15.0,15.0,54.918734,0.0,0.0,0.0,30.0,0.0,0.0,-55.0,38.0,26.84
5003,1251,39.9,15.0,15.0,53.361287,0.0,0.0,0.0,30.0,0.0,0.0,-57.885,38.0,26.84
5004,1251,28.0,15.0,15.0,51.80384,0.0,0.0,0.0,30.0,0.0,32.7,53.809999999999995,38.0,26.84
5005,1252,17.8,15.0,15.0,50.246393,30.0,30.0,0.0,30.0,0.0,0.0,-52.245000000000005,38.0,26.84
5006,1252,17.92,15.0,15.0,48.688947,0.0,0.0,0.0,30.0,0.0,0.0,14.127499999999998,38.0,26.84
5007,1252,32.2,15.0,15.0,47.1315,0.0,0.0,0.0,30.0,0.0,75.78,63.78,38.0,26.84
5008,1252,58.56,15.0,15.0,45.574053,0.0,0.0,0.0,30.0,0.0,49.555,-10.719999999999999,38.0,26.84
5009,1253,84.04,15.0,15.0,44.016606,0.0,0.0,0.0,30.0,0.0,0.0,-70.0,38.0,26.84
5010,1253,103.01,15.0,15.0,42.459159,0.0,0.0,0.0,30.0,0.0,78.82,-60.0,38.0,26.84
5011,1253,115.66,15.0,15.0,40.901712,0.0,0.0,0.0,30.0,0.0,81.1,-103.32749999999999,38.0,26.84
5012,1253,121.76,15.0,15.0,39.344266,30.0,30.0,0.0,30.0,0.0,8.46,62.835,38.0,26.84
5013,1254,120.43,19.617325,10.382675,47.1315,0.0,9.234651,9.234651,20.765349,0.0,63.6725,75.13,37.78,33.8
5014,1254,107.51,19.617325,10.382675,54.918734,0.0,9.234651,9.234651,20.765349,0.0,0.0,57.785,37.78,33.8
5015,1254,97.43,19.617325,10.382675,62.705968,0.0,9.234651,9.234651,20.765349,0.0,52.70333333333333,64.005,37.78,33.8
5016,1254,107.0,19.617325,10.382675,70.493202,0.0,9.234651,9.234651,20.765349,0.0,8.443333333333333,63.195,37.78,33.8
5017,1255,94.59,15.769554,14.230446,70.493202,0.0,1.5391085,1.5391085,0.0,28.460892,8.42,64.07333333333334,37.56,40.76
5018,1255,87.6,15.769554,14.230446,70.493202,0.0,1.5391085,1.5391085,0.0,28.460892,8.42,55.51,37.56,40.76
5019,1255,81.53,15.769554,14.230446,70.493202,0.0,1.5391085,1.5391085,0.0,28.460892,29.580000000000005,45.3,37.56,40.76
5020,1255,80.55,15.769554,14.230446,70.493202,0.0,1.5391085,1.5391085,0.0,28.460892,8.49,62.63,37.56,40.76
5021,1256,77.24,15.769554,14.230446,70.493202,0.0,1.5391085,1.5391085,0.0,28.460892,0.0,61.655,37.56,40.76
5022,1256,75.53,15.769554,14.230446,70.493202,0.0,1.5391085,1.5391085,0.0,28.460892,33.38333333333334,57.864999999999995,37.56,40.76
5023,1256,67.45,15.769554,14.230446,70.493202,0.0,1.5391085,1.5391085,0.0,28.460892,8.735,47.96333333333333,37.56,40.76
5024,1256,25.49,15.769554,14.230446,70.493202,0.0,1.5391085,1.5391085,0.0,28.460892,2.01,-7.760000000000005,37.56,40.76
5025,1257,4.84,0.0,0.0,70.493202,0.0,0.0,0.0,30.0,0.0,4.454999999999999,-52.58,37.56,40.76
5026,1257,0.0,0.0,0.0,70.493202,0.0,0.0,0.0,30.0,0.0,61.22,-13.684999999999995,37.56,40.76
5027,1257,-4.9,0.0,0.0,70.493202,0.0,0.0,0.0,30.0,0.0,0.86,-56.4525,37.56,40.76
5028,1257,-32.91,0.0,0.0,70.493202,0.0,0.0,0.0,30.0,0.0,0.0,-87.05,37.56,40.76
5029,1258,-64.13,0.0,15.694013,53.797444,15.694013,0.0,-15.694013,14.305987,0.0,70.49,-354.15250000000003,37.56,40.76
5030,1258,-60.0,0.0,15.694013,37.101685,15.694013,0.0,-15.694013,14.305987,0.0,0.0,-76.38,37.56,40.76
5031,1258,-33.6,0.0,15.694013,20.405927,15.694013,0.0,-15.694013,14.305987,0.0,0.0,-58.5,37.56,40.76
5032,1258,-13.2,0.0,15.694013,3.7101685,30.0,14.305987,-15.694013,14.305987,0.0,7.62,-426.025,37.56,40.76
5033,1259,-1.91,0.0,0.0,3.7101685,0.0,0.0,0.0,28.460892,0.0,8.62,-125.99000000000001,37.56,40.76
5034,1259,40.0,15.769554,14.230446,3.7101685,0.0,1.5391085,1.5391085,28.460892,0.0,36.46333333333334,-35.79333333333334,37.56,40.76
5035,1259,90.4,15.769554,14.230446,3.7101685,0.0,1.5391085,1.5391085,28.460892,0.0,97.6125,0.0,37.56,40.76
5036,1259,109.38,15.769554,14.230446,3.7101685,0.0,1.5391085,1.5391085,28.460892,0.0,65.27250000000001,0.0,37.56,40.76
5037,1260,112.38,16.539108,13.460892,5.2676153,0.0,3.078217,3.078217,26.921783,0.0,82.08,72.53666666666666,38.82,32.94
5038,1260,103.12,16.539108,13.460892,6.8250621,0.0,3.078217,3.078217,26.921783,0.0,33.14,55.055,38.82,32.94
5039,1260,83.01,16.539108,13.460892,8.3825089,0.0,3.078217,3.078217,26.921783,0.0,0.0,49.4875,38.82,32.94
5040,1260,78.06,16.539108,13.460892,9.9399558,0.0,3.078217,3.078217,26.921783,0.0,84.38666666666667,47.65,38.82,32.94
5041,1261,74.42,15.0,15.0,8.3825089,0.0,0.0,0.0,30.0,0.0,86.06,29.674999999999997,40.08,25.12
5042,1261,70.8,15.0,15.0,6.8250621,0.0,0.0,0.0,30.0,0.0,0.0,-5.5575000000000045,40.08,25.12
5043,1261,73.04,15.0,15.0,5.2676153,0.0,0.0,0.0,30.0,0.0,0.0,44.8,40.08,25.12
5044,1261,76.42,15.0,15.0,3.7101685,30.0,30.0,0.0,30.0,0.0,121.88,56.225,40.08,25.12
5045,1262,96.95,24.01914,5.9808595,20.405927,11.961719,30.0,18.038280999999998,11.961719,0.0,110.00999999999999,61.595,40.08,25.12
5046,1262,130.9,24.01914,5.9808595,37.101685,0.0,18.038281,18.038281,11.961719,0.0,0.0,58.582499999999996,40.08,25.12
5047,1262,109.2,24.01914,5.9808595,53.797444,0.0,18.038281,18.038281,11.961719,0.0,0.0,47.09,40.08,25.12
5048,1262,90.19,24.01914,5.9808595,70.493202,0.0,18.038281,18.038281,11.961719,0.0,82.02333333333334,28.423333333333332,40.08,25.12
5049,1263,63.2,15.0,15.0,68.935755,0.0,0.0,0.0,30.0,0.0,28.075000000000003,-44.8525,40.08,25.12
5050,1263,12.0,15.0,15.0,67.378308,0.0,0.0,0.0,30.0,0.0,28.800000000000004,-56.0,40.08,25.12
5051,1263,-3.45,15.0,15.0,65.820861,30.0,30.0,0.0,30.0,0.0,75.43,-86.0,40.08,25.12
5052,1263,-0.23,15.0,15.0,64.263415,30.0,30.0,0.0,30.0,0.0,44.017500000000005,-160.14,40.08,25.12
5053,1264,-3.0,8.2895223,21.710478,49.125103,13.420955,0.0,-13.420955,16.579045,0.0,58.5525,-227.135,40.08,25.12
5054,1264,-0.98,8.2895223,21.710478,33.986792,30.0,16.579045,-13.420955,16.579045,0.0,38.515,-141.39249999999998,40.08,25.12
5055,1264,-0.39,8.2895223,21.710478,18.84848,30.0,16.579045,-13.420955,16.579045,0.0,37.675,-88.56,40.08,25.12
5056,1264,13.4,8.2895223,21.710478,3.7101685,13.420955,0.0,-13.420955,16.579045,0.0,0.0,-80.0,40.08,25.12
5057,1265,64.16,15.769554,14.230446,3.7101685,0.0,1.5391085,1.5391085,6.4619949,0.0,0.0,-70.08249999999998,40.08,25.12
5058,1265,95.7,26.769003,3.2309975,25.97118,0.0,23.538005,23.538005,6.4619949,0.0,82.4,0.0,40.08,25.12
5059,1265,119.72,26.769003,3.2309975,48.232191,0.0,23.538005,23.538005,6.4619949,0.0,88.11000000000001,76.63333333333334,40.08,25.12
5060,1265,172.2,26.769003,3.2309975,70.493202,0.0,23.538005,23.538005,6.4619949,0.0,31.362499999999997,0.0,40.08,25.12
5061,1266,130.1,15.0,15.0,68.935755,0.0,0.0,0.0,30.0,0.0,38.44,0.0,40.4,24.46
5062,1266,106.97,15.0,15.0,67.378308,30.0,30.0,0.0,30.0,0.0,138.66,73.55,40.4,24.46
5063,1266,90.2,15.0,15.0,65.820861,0.0,0.0,0.0,30.0,0.0,90.36500000000001,70.13333333333334,40.4,24.46
5064,1266,76.32,15.0,15.0,64.263415,0.0,0.0,0.0,30.0,0.0,0.0,63.3425,40.4,24.46
5065,1267,74.19,15.0,15.0,62.705968,0.0,0.0,0.0,30.0,0.0,0.0,66.63,40.72,23.8
5066,1267,76.18,15.0,15.0,61.148521,0.0,0.0,0.0,30.0,0.0,6.7475,63.92,40.72,23.8
5067,1267,80.82,15.0,15.0,59.591074,0.0,0.0,0.0,30.0,0.0,6.73,0.0,40.72,23.8
5068,1267,85.38,15.0,15.0,58.033627,0.0,0.0,0.0,30.0,0.0,49.0475,0.0,40.72,23.8
5069,1268,100.24,17.308663,12.691337,61.148521,0.0,4.6173255,4.6173255,25.382675,0.0,26.589999999999996,0.0,40.72,23.8
5070,1268,110.88,17.308663,12.691337,64.263415,0.0,4.6173255,4.6173255,25.382675,0.0,48.68,77.98,40.72,23.8
5071,1268,108.95,17.308663,12.691337,67.378308,0.0,4.6173255,4.6173255,25.382675,0.0,8.67,66.07,40.72,23.8
5072,1268,98.41,17.308663,12.691337,70.493202,0.0,4.6173255,4.6173255,25.382675,0.0,79.82,58.597500000000004,40.72,23.8
5073,1269,67.1,15.0,15.0,68.935755,0.0,0.0,0.0,30.0,0.0,28.096666666666664,24.060000000000002,40.72,23.8
5074,1269,37.52,15.0,15.0,67.378308,0.0,0.0,0.0,30.0,0.0,37.035,-27.5,40.72,23.8
5075,1269,7.84,15.0,15.0,65.820861,30.0,30.0,0.0,30.0,0.0,37.035,-15.0,40.72,23.8
5076,1269,1.0,15.0,15.0,64.263415,0.0,0.0,0.0,30.0,0.0,0.0,2.1674999999999898,40.72,23.8
5077,1270,-0.06,8.2895223,21.710478,49.125103,30.0,16.579045,-13.420955,16.579045,0.0,0.0,27.372500000000002,40.72,23.8
5078,1270,-0.06,8.2895223,21.710478,33.986792,30.0,16.579045,-13.420955,16.579045,0.0,0.0,-37.5,40.72,23.8
5079,1270,13.11,8.2895223,21.710478,18.84848,13.420955,0.0,-13.420955,16.579045,0.0,0.1,15.670000000000009,40.72,23.8
5080,1270,40.74,8.2895223,21.710478,3.7101685,13.420955,0.0,-13.420955,16.579045,0.0,9.576666666666666,21.666666666666657,40.72,23.8
5081,1271,77.31,24.01914,5.9808595,20.405927,0.0,18.038281,18.038281,11.961719,0.0,8.62,41.553333333333335,40.72,23.8
5082,1271,102.19,24.01914,5.9808595,37.101685,0.0,18.038281,18.038281,11.961719,0.0,0.0,48.824999999999996,40.72,23.8
5083,1271,126.76,24.01914,5.9808595,53.797444,0.0,18.038281,18.038281,11.961719,0.0,480.8425,-461.57500000000005,40.72,23.8
5084,1271,164.68,24.01914,5.9808595,70.493202,0.0,18.038281,18.038281,11.961719,0.0,152.6575,0.0,40.72,23.8
5085,1272,144.62,15.769554,14.230446,70.493202,0.0,1.5391085,1.5391085,28.460892,0.0,45.605,72.69666666666667,42.0,24.92
5086,1272,114.59,15.769554,14.230446,70.493202,0.0,1.5391085,1.5391085,28.460892,0.0,85.66333333333334,0.0,42.0,24.92
5087,1272,99.04,15.769554,14.230446,70.493202,0.0,1.5391085,1.5391085,28.460892,0.0,0.0,36.44666666666667,42.0,24.92
5088,1272,98.55,15.769554,14.230446,70.493202,0.0,1.5391085,1.5391085,28.460892,0.0,58.31666666666666,28.462500000000006,42.0,24.92
5089,1273,86.2,15.0,15.0,68.935755,0.0,0.0,0.0,30.0,0.0,61.625,0.0,43.28,26.04
5090,1273,83.82,15.0,15.0,67.378308,0.0,0.0,0.0,30.0,0.0,68.9425,0.0,43.28,26.04
5091,1273,77.32,15.0,15.0,65.820861,0.0,0.0,0.0,30.0,0.0,73.5625,0.0,43.28,26.04
5092,1273,85.1,15.0,15.0,64.263415,0.0,0.0,0.0,30.0,0.0,144.14749999999998,0.0,43.28,26.04
5093,1274,94.12,15.0,15.0,62.705968,0.0,0.0,0.0,30.0,0.0,44.3,76.54,43.28,26.04
5094,1274,105.05,15.0,15.0,61.148521,30.0,30.0,0.0,30.0,0.0,0.0,69.235,43.28,26.04
5095,1274,109.69,15.0,15.0,59.591074,0.0,0.0,0.0,30.0,0.0,0.0,6.927500000000002,43.28,26.04
5096,1274,95.26,15.0,15.0,58.033627,0.0,0.0,0.0,30.0,0.0,0.0,42.760000000000005,43.28,26.04
5097,1275,78.83,15.0,15.0,56.476181,0.0,0.0,0.0,30.0,0.0,0.0,-11.107499999999995,43.28,26.04
5098,1275,55.89,15.0,15.0,54.918734,0.0,0.0,0.0,30.0,0.0,64.5825,71.98,43.28,26.04
5099,1275,33.46,15.0,15.0,53.361287,0.0,0.0,0.0,30.0,0.0,961.4449999999999,18.009999999999998,43.28,26.04
5100,1275,22.83,15.0,15.0,51.80384,0.0,0.0,0.0,30.0,0.0,86.445,60.980000000000004,43.28,26.04
5101,1276,11.36,14.445956,15.554044,49.125103,30.0,28.891913,-1.1080870000000012,28.891913,0.0,53.489999999999995,0.0,43.28,26.04
5102,1276,18.37,14.445956,15.554044,46.446366,1.1080875,0.0,-1.1080875,28.891913,0.0,39.75,0.0,43.28,26.04
5103,1276,30.6,14.445956,15.554044,43.767629,1.1080875,0.0,-1.1080875,28.891913,0.0,77.97,0.7399999999999984,43.28,26.04
5104,1276,34.06,14.445956,15.554044,41.088892,1.1080875,0.0,-1.1080875,28.891913,0.0,0.0,-25.175000000000004,43.28,26.04
5105,1277,75.8,15.0,15.0,39.531445,0.0,0.0,0.0,30.0,0.0,0.0,25.61999999999999,43.28,26.04
5106,1277,95.89,15.0,15.0,37.973998,0.0,0.0,0.0,30.0,0.0,0.0,-0.6074999999999982,43.28,26.04
5107,1277,114.62,15.0,15.0,36.416551,30.0,30.0,0.0,30.0,0.0,47.3575,78.98,43.28,26.04
5108,1277,133.63,15.0,15.0,34.859105,0.0,0.0,0.0,30.0,0.0,84.2125,0.0,43.28,26.04
5109,1278,112.64,15.0,15.0,33.301658,0.0,0.0,0.0,30.0,0.0,79.475,0.0,41.34,23.779999999999998
5110,1278,104.44,15.0,15.0,31.744211,0.0,0.0,0.0,30.0,0.0,67.1925,0.0,41.34,23.779999999999998
5111,1278,96.56,15.0,15.0,30.186764,0.0,0.0,0.0,30.0,0.0,77.1675,76.49,41.34,23.779999999999998
5112,1278,96.72,15.0,15.0,28.629317,0.0,0.0,0.0,30.0,0.0,0.0,36.260000000000005,41.34,23.779999999999998
5113,1279,89.8,15.0,15.0,27.071871,0.0,0.0,0.0,30.0,0.0,0.0,18.427499999999995,39.4,21.52
5114,1279,86.76,15.0,15.0,25.514424,0.0,0.0,0.0,30.0,0.0,0.0,73.2575,39.4,21.52
5115,1279,80.4,15.0,15.0,23.956977,0.0,0.0,0.0,30.0,0.0,43.96,80.31333333333333,39.4,21.52
5116,1279,86.1,15.0,15.0,22.39953,0.0,0.0,0.0,30.0,0.0,0.0,67.11,39.4,21.52
5117,1280,99.1,15.0,15.0,20.842083,0.0,0.0,0.0,30.0,0.0,44.949999999999996,66.65,39.4,21.52
5118,1280,114.22,15.0,15.0,19.284637,30.0,30.0,0.0,30.0,0.0,85.845,55.584999999999994,39.4,21.52
5119,1280,106.99,15.0,15.0,17.72719,0.0,0.0,0.0,30.0,0.0,0.0,67.4925,39.4,21.52
5120,1280,105.95,15.0,15.0,16.169743,0.0,0.0,0.0,30.0,0.0,44.765,79.98,39.4,21.52
5121,1281,90.1,15.0,15.0,14.612296,0.0,0.0,0.0,30.0,0.0,8.95,0.0,39.4,21.52
5122,1281,76.95,15.0,15.0,13.054849,0.0,0.0,0.0,30.0,0.0,0.0,4.159999999999997,39.4,21.52
5123,1281,67.64,15.0,15.0,11.497403,0.0,0.0,0.0,30.0,0.0,83.9,70.87,39.4,21.52
5124,1281,64.03,15.0,15.0,9.9399558,0.0,0.0,0.0,30.0,0.0,66.0325,0.0,39.4,21.52
5125,1282,60.34,15.0,15.0,8.3825089,0.0,0.0,0.0,30.0,0.0,7.9025,0.0,39.4,21.52
5126,1282,62.13,15.0,15.0,6.8250621,0.0,0.0,0.0,30.0,0.0,1120.6675,0.0,39.4,21.52
5127,1282,70.55,15.0,15.0,5.2676153,0.0,0.0,0.0,30.0,0.0,1419.2175,0.0,39.4,21.52
5128,1282,74.24,15.0,15.0,3.7101685,0.0,0.0,0.0,30.0,0.0,86.275,76.42,39.4,21.52
5129,1283,93.78,24.01914,5.9808595,20.405927,0.0,18.038281,18.038281,11.961719,0.0,45.919999999999995,67.89,39.4,21.52
5130,1283,99.9,24.01914,5.9808595,37.101685,0.0,18.038281,18.038281,11.961719,0.0,40.965,0.0,39.4,21.52
5131,1283,115.2,24.01914,5.9808595,53.797444,0.0,18.038281,18.038281,11.961719,0.0,0.0,72.36500000000001,39.4,21.52
5132,1283,140.1,24.01914,5.9808595,70.493202,0.0,18.038281,18.038281,11.961719,0.0,0.0,71.64,39.4,21.52
5133,1284,123.36,15.0,15.0,68.935755,0.0,0.0,0.0,30.0,0.0,89.23,78.605,38.58,20.78
5134,1284,111.73,15.0,15.0,67.378308,0.0,0.0,0.0,30.0,0.0,182.20749999999998,0.0,38.58,20.78
5135,1284,105.33,15.0,15.0,65.820861,0.0,0.0,0.0,30.0,0.0,49.260000000000005,72.65333333333334,38.58,20.78
5136,1284,93.93,15.0,15.0,64.263415,0.0,0.0,0.0,30.0,0.0,93.08500000000001,65.32,38.58,20.78
5137,1285,88.87,15.0,15.0,62.705968,0.0,0.0,0.0,30.0,0.0,90.845,77.75666666666666,37.76,20.04
5138,1285,87.8,15.0,15.0,61.148521,0.0,0.0,0.0,30.0,0.0,84.97,76.59,37.76,20.04
5139,1285,82.26,15.0,15.0,59.591074,0.0,0.0,0.0,30.0,0.0,0.0,80.77250000000001,37.76,20.04
5140,1285,86.1,15.0,15.0,58.033627,0.0,0.0,0.0,30.0,0.0,84.39666666666666,82.98,37.76,20.04
5141,1286,94.44,15.0,15.0,56.476181,0.0,0.0,0.0,30.0,0.0,90.91749999999999,0.0,37.76,20.04
5142,1286,109.51,15.0,15.0,54.918734,0.0,0.0,0.0,30.0,0.0,98.70750000000001,0.0,37.76,20.04
5143,1286,119.79,15.0,15.0,53.361287,0.0,0.0,0.0,30.0,0.0,112.08250000000001,0.0,37.76,20.04
5144,1286,112.75,15.0,15.0,51.80384,0.0,0.0,0.0,30.0,0.0,0.0,64.305,37.76,20.04
5145,1287,104.42,15.0,15.0,50.246393,0.0,0.0,0.0,30.0,0.0,0.0,71.39,37.76,20.04
5146,1287,65.1,15.0,15.0,48.688947,0.0,0.0,0.0,30.0,0.0,0.0,38.87,37.76,20.04
5147,1287,69.08,15.0,15.0,47.1315,0.0,0.0,0.0,30.0,0.0,58.596666666666664,61.675,37.76,20.04
5148,1287,63.84,15.0,15.0,45.574053,0.0,0.0,0.0,30.0,0.0,35.10666666666667,32.925000000000004,37.76,20.04
5149,1288,51.7,15.0,15.0,44.016606,0.0,0.0,0.0,30.0,0.0,83.475,-13.097500000000002,37.76,20.04
5150,1288,50.23,15.0,15.0,42.459159,0.0,0.0,0.0,30.0,0.0,83.14,72.81,37.76,20.04
5151,1288,50.05,15.0,15.0,40.901712,30.0,30.0,0.0,30.0,0.0,84.14,63.097500000000004,37.76,20.04
5152,1288,64.72,15.0,15.0,39.344266,0.0,0.0,0.0,30.0,0.0,0.0,69.86500000000001,37.76,20.04
5153,1289,76.91,19.617325,10.382675,47.1315,0.0,9.234651,9.234651,20.765349,0.0,81.3675,81.98,37.76,20.04
5154,1289,99.9,19.617325,10.382675,54.918734,0.0,9.234651,9.234651,20.765349,0.0,181.675,57.53666666666667,37.76,20.04
5155,1289,128.76,19.617325,10.382675,62.705968,0.0,9.234651,9.234651,20.765349,0.0,113.95,76.13333333333334,37.76,20.04
5156,1289,145.73,19.617325,10.382675,70.493202,0.0,9.234651,9.234651,20.765349,0.0,107.3675,82.1,37.76,20.04
5157,1290,116.92,15.769554,14.230446,70.493202,0.0,1.5391085,1.5391085,28.460892,0.0,0.0,79.76,39.019999999999996,22.779999999999998
5158,1290,110.9,15.769554,14.230446,70.493202,0.0,1.5391085,1.5391085,28.460892,0.0,0.0,75.38,39.019999999999996,22.779999999999998
5159,1290,99.4,15.769554,14.230446,70.493202,0.0,1.5391085,1.5391085,28.460892,0.0,0.0,70.5925,39.019999999999996,22.779999999999998
5160,1290,100.16,15.769554,14.230446,70.493202,0.0,1.5391085,1.5391085,28.460892,0.0,88.95,78.4325,39.019999999999996,22.779999999999998
5161,1291,96.33,15.0,15.0,68.935755,0.0,0.0,0.0,30.0,0.0,8.64,62.026666666666664,40.28,25.52
5162,1291,90.7,15.0,15.0,67.378308,0.0,0.0,0.0,30.0,0.0,9.1125,0.0,40.28,25.52
5163,1291,86.54,15.0,15.0,65.820861,0.0,0.0,0.0,30.0,0.0,32.485,0.0,40.28,25.52
5164,1291,83.74,15.0,15.0,64.263415,0.0,0.0,0.0,30.0,0.0,8.6975,0.0,40.28,25.52
5165,1292,92.1,15.0,15.0,62.705968,0.0,0.0,0.0,30.0,0.0,95.9575,0.0,40.28,25.52
5166,1292,99.9,15.0,15.0,61.148521,0.0,0.0,0.0,30.0,0.0,66.235,0.0,40.28,25.52
5167,1292,92.05,15.0,15.0,59.591074,0.0,0.0,0.0,30.0,0.0,71.875,0.0,40.28,25.52
5168,1292,81.19,15.0,15.0,58.033627,0.0,0.0,0.0,30.0,0.0,916.9899999999999,29.39,40.28,25.52
5169,1293,62.91,15.0,15.0,56.476181,0.0,0.0,0.0,30.0,0.0,0.0,-30.2675,40.28,25.52
5170,1293,32.44,15.0,15.0,54.918734,0.0,0.0,0.0,30.0,0.0,8.65,17.256666666666664,40.28,25.52
5171,1293,20.36,15.0,15.0,53.361287,0.0,0.0,0.0,30.0,0.0,8.65,-10.952500000000006,40.28,25.52
5172,1293,14.66,15.0,15.0,51.80384,0.0,0.0,0.0,30.0,0.0,0.0,-30.23,40.28,25.52
5173,1294,6.41,9.8286308,20.171369,39.780422,30.0,19.657262,-10.342738,19.657262,0.0,0.0,-40.8,40.28,25.52
5174,1294,4.1,9.8286308,20.171369,27.757004,10.342738,0.0,-10.342738,19.657262,0.0,0.0,-42.417500000000004,40.28,25.52
5175,1294,12.02,9.8286308,20.171369,15.733586,30.0,19.657262,-10.342738,19.657262,0.0,81.32333333333334,-60.0225,40.28,25.52
5176,1294,28.8,9.8286308,20.171369,3.7101685,10.342738,0.0,-10.342738,19.657262,0.0,50.085,-39.68,40.28,25.52
5177,1295,70.7,15.769554,14.230446,3.7101685,0.0,1.5391085,1.5391085,28.460892,0.0,106.32,0.0,40.28,25.52
5178,1295,99.9,15.769554,14.230446,3.7101685,0.0,1.5391085,1.5391085,28.460892,0.0,8.65,68.36,40.28,25.52
5179,1295,106.85,15.769554,14.230446,3.7101685,0.0,1.5391085,1.5391085,28.460892,0.0,66.27000000000001,-44.620000000000005,40.28,25.52
5180,1295,119.9,15.769554,14.230446,3.7101685,0.0,1.5391085,1.5391085,28.460892,0.0,0.0,48.650000000000006,40.28,25.52
5181,1296,130.85,24.01914,5.9808595,20.405927,0.0,18.038281,18.038281,11.961719,0.0,8.66,80.32,38.379999999999995,29.82
5182,1296,115.05,24.01914,5.9808595,37.101685,0.0,18.038281,18.038281,11.961719,0.0,47.80500000000001,65.22,38.379999999999995,29.82
5183,1296,99.9,24.01914,5.9808595,53.797444,0.0,18.038281,18.038281,11.961719,0.0,9.625,-5.346666666666664,38.379999999999995,29.82
5184,1296,106.89,24.01914,5.9808595,70.493202,0.0,18.038281,18.038281,11.961719,0.0,463.17499999999995,0.0,38.379999999999995,29.82
5185,1297,97.65,15.769554,14.230446,70.493202,0.0,1.5391085,1.5391085,0.0,28.460892,55.036666666666676,61.98,36.48,34.12
5186,1297,93.88,15.769554,14.230446,70.493202,0.0,1.5391085,1.5391085,0.0,28.460892,0.0,10.515,36.48,34.12
5187,1297,88.05,15.769554,14.230446,70.493202,0.0,1.5391085,1.5391085,0.0,28.460892,0.0,14.677499999999995,36.48,34.12
5188,1297,85.5,15.769554,14.230446,70.493202,0.0,1.5391085,1.5391085,0.0,28.460892,0.0,78.09333333333333,36.48,34.12
5189,1298,79.06,15.0,15.0,68.935755,0.0,0.0,0.0,30.0,0.0,78.17,71.98,36.48,34.12
5190,1298,77.7,15.0,15.0,67.378308,0.0,0.0,0.0,30.0,0.0,0.0,2.6899999999999977,36.48,34.12
5191,1298,69.83,15.0,15.0,65.820861,0.0,0.0,0.0,30.0,0.0,71.94,8.915,36.48,34.12
5192,1298,58.98,15.0,15.0,64.263415,30.0,30.0,0.0,30.0,0.0,0.0,-49.2975,36.48,34.12
5193,1299,26.87,15.0,15.0,62.705968,0.0,0.0,0.0,30.0,0.0,0.0,-50.7775,36.48,34.12
5194,1299,8.05,15.0,15.0,61.148521,0.0,0.0,0.0,30.0,0.0,0.0,-65.5125,36.48,34.12
5195,1299,2.05,15.0,15.0,59.591074,30.0,30.0,0.0,30.0,0.0,0.0,-56.644999999999996,36.48,34.12
5196,1299,0.06,15.0,15.0,58.033627,30.0,30.0,0.0,30.0,0.0,0.0,0.9499999999999957,36.48,34.12
5197,1300,-0.04,9.4438536,20.556146,45.231486,30.0,18.887707,-11.112293000000001,18.887707,0.0,36.775,-1.7766666666666637,36.48,34.12
5198,1300,-2.14,9.4438536,20.556146,32.429345,30.0,18.887707,-11.112293000000001,18.887707,0.0,0.0,-63.5,36.48,34.12
5199,1300,-0.01,9.4438536,20.556146,19.627203,11.112293,0.0,-11.112293,18.887707,0.0,0.0,-59.480000000000004,36.48,34.12
5200,1300,1.03,9.4438536,20.556146,6.8250621,11.112293,0.0,-11.112293,18.887707,0.0,71.17,-67.0,36.48,34.12
5201,1301,22.45,14.230446,15.769554,3.7101685,1.5391085,0.0,-1.5391085,28.460892,0.0,0.0,-59.1325,36.48,34.12
5202,1301,72.15,15.769554,14.230446,3.7101685,0.0,1.5391085,1.5391085,28.460892,0.0,88.63499999999999,-347.5,36.48,34.12
5203,1301,104.0,15.769554,14.230446,3.7101685,0.0,1.5391085,1.5391085,28.460892,0.0,53.99,38.55500000000001,36.48,34.12
5204,1301,118.8,15.769554,14.230446,3.7101685,0.0,1.5391085,1.5391085,28.460892,0.0,76.545,0.0,36.48,34.12
5205,1302,122.65,16.539108,13.460892,5.2676153,0.0,3.078217,3.078217,26.921783,0.0,48.84,0.0,37.04,27.36
5206,1302,111.88,16.539108,13.460892,6.8250621,0.0,3.078217,3.078217,26.921783,0.0,0.0,74.11500000000001,37.04,27.36
5207,1302,102.93,16.539108,13.460892,8.3825089,0.0,3.078217,3.078217,26.921783,0.0,0.0,63.045,37.04,27.36
5208,1302,103.52,16.539108,13.460892,9.9399558,0.0,3.078217,3.078217,26.921783,0.0,99.7,73.60000000000001,37.04,27.36
5209,1303,85.72,15.0,15.0,8.3825089,0.0,0.0,0.0,30.0,0.0,9.8175,70.7,37.6,20.6
5210,1303,82.3,15.0,15.0,6.8250621,0.0,0.0,0.0,30.0,0.0,9.88,70.05666666666667,37.6,20.6
5211,1303,85.12,15.0,15.0,5.2676153,0.0,0.0,0.0,30.0,0.0,93.36,73.47666666666667,37.6,20.6
5212,1303,82.81,15.0,15.0,3.7101685,0.0,0.0,0.0,30.0,0.0,0.0,76.58,37.6,20.6
5213,1304,97.02,24.01914,5.9808595,20.405927,0.0,18.038281,18.038281,11.961719,0.0,7.085,68.045,37.6,20.6
5214,1304,118.98,24.01914,5.9808595,37.101685,0.0,18.038281,18.038281,11.961719,0.0,60.32,81.23,37.6,20.6
5215,1304,137.29,24.01914,5.9808595,53.797444,0.0,18.038281,18.038281,11.961719,0.0,54.129999999999995,61.980000000000004,37.6,20.6
5216,1304,113.42,24.01914,5.9808595,70.493202,0.0,18.038281,18.038281,11.961719,0.0,0.0,-5.707500000000003,37.6,20.6
5217,1305,102.83,15.0,15.0,68.935755,0.0,0.0,0.0,30.0,0.0,34.52,-29.252499999999998,37.6,20.6
5218,1305,73.18,15.0,15.0,67.378308,0.0,0.0,0.0,30.0,0.0,9.665,-11.75,37.6,20.6
5219,1305,51.44,15.0,15.0,65.820861,0.0,0.0,0.0,30.0,0.0,9.61,-121.0,37.6,20.6
5220,1305,31.0,15.0,15.0,64.263415,0.0,0.0,0.0,30.0,0.0,45.55500000000001,-1000.0,37.6,20.6
5221,1306,26.0,8.2895223,21.710478,49.125103,30.0,16.579045,-13.420955,16.579045,0.0,0.0,-780.4675,37.6,20.6
5222,1306,3.31,8.2895223,21.710478,33.986792,30.0,16.579045,-13.420955,16.579045,0.0,0.0,-405.0575,37.6,20.6
5223,1306,27.1,8.2895223,21.710478,18.84848,13.420955,0.0,-13.420955,16.579045,0.0,9.6,-359.4775,37.6,20.6
5224,1306,53.89,8.2895223,21.710478,3.7101685,13.420955,0.0,-13.420955,16.579045,0.0,39.28333333333333,-772.6225,37.6,20.6
5225,1307,83.6,15.769554,14.230446,3.7101685,0.0,1.5391085,1.5391085,0.0,0.0,54.1425,-7.612499999999997,37.6,20.6
5226,1307,102.0,20.307008,9.6929924,12.893202,0.0,10.614015,10.614015,0.0,0.0,47.8775,49.94333333333333,37.6,20.6
5227,1307,151.34,30.0,0.0,41.693202,0.0,30.0,30.0,0.0,0.0,46.285000000000004,43.425,37.6,20.6
5228,1307,245.23,30.0,0.0,70.493202,0.0,30.0,30.0,0.0,0.0,36.339999999999996,0.0,37.6,20.6
5229,1308,170.93,15.769554,14.230446,70.493202,0.0,1.5391085,1.5391085,28.460892,0.0,37.802499999999995,0.0,37.92,20.14
5230,1308,119.94,15.769554,14.230446,70.493202,0.0,1.5391085,1.5391085,28.460892,0.0,29.6725,71.98,37.92,20.14
5231,1308,102.75,15.769554,14.230446,70.493202,0.0,1.5391085,1.5391085,28.460892,0.0,436.0733333333333,70.77000000000001,37.92,20.14
5232,1308,101.6,15.769554,14.230446,70.493202,0.0,1.5391085,1.5391085,28.460892,0.0,9.8,60.435,37.92,20.14
5233,1309,93.52,15.0,15.0,68.935755,0.0,0.0,0.0,30.0,0.0,110.395,0.0,38.24,19.68
5234,1309,86.61,15.0,15.0,67.378308,0.0,0.0,0.0,30.0,0.0,98.285,66.59,38.24,19.68
5235,1309,82.41,15.0,15.0,65.820861,0.0,0.0,0.0,30.0,0.0,0.0,72.65,38.24,19.68
5236,1309,83.24,15.0,15.0,64.263415,0.0,0.0,0.0,30.0,0.0,0.0,69.96000000000001,38.24,19.68
5237,1310,92.44,16.539108,13.460892,65.820861,0.0,3.078217,3.078217,26.921783,0.0,56.155,75.2,38.24,19.68
5238,1310,118.84,16.539108,13.460892,67.378308,0.0,3.078217,3.078217,26.921783,0.0,92.1875,0.0,38.24,19.68
5239,1310,124.52,16.539108,13.460892,68.935755,0.0,3.078217,3.078217,26.921783,0.0,59.699999999999996,76.98,38.24,19.68
5240,1310,84.33,16.539108,13.460892,70.493202,0.0,3.078217,3.078217,26.921783,0.0,100.74666666666667,76.42666666666666,38.24,19.68
5241,1311,73.69,15.0,15.0,68.935755,0.0,0.0,0.0,30.0,0.0,59.002500000000005,0.0,38.24,19.68
5242,1311,36.04,15.0,15.0,67.378308,0.0,0.0,0.0,30.0,0.0,84.73,-0.2874999999999943,38.24,19.68
5243,1311,21.11,15.0,15.0,65.820861,0.0,0.0,0.0,30.0,0.0,76.3875,-4.673333333333346,38.24,19.68
5244,1311,15.84,15.0,15.0,64.263415,30.0,30.0,0.0,30.0,0.0,0.0,-28.2175,38.24,19.68
5245,1312,2.93,8.2895223,21.710478,49.125103,13.420955,0.0,-13.420955,16.579045,0.0,0.0,-59.480000000000004,38.24,19.68
5246,1312,4.76,8.2895223,21.710478,33.986792,30.0,16.579045,-13.420955,16.579045,0.0,0.1,-14.290000000000001,38.24,19.68
5247,1312,19.24,8.2895223,21.710478,18.84848,30.0,16.579045,-13.420955,16.579045,0.0,84.95,-65.8675,38.24,19.68
5248,1312,38.84,8.2895223,21.710478,3.7101685,13.420955,0.0,-13.420955,16.579045,0.0,149.155,-625.0,38.24,19.68
5249,1313,80.75,15.769554,14.230446,3.7101685,0.0,1.5391085,1.5391085,0.0,0.0,32.08333333333333,18.92750000000001,38.24,19.68
5250,1313,105.0,20.307008,9.6929924,12.893202,0.0,10.614015,10.614015,0.0,0.0,72.84333333333333,74.48,38.24,19.68
5251,1313,161.39,30.0,0.0,41.693202,0.0,30.0,30.0,0.0,0.0,36.74,64.83500000000001,38.24,19.68
5252,1313,228.2,30.0,0.0,70.493202,0.0,30.0,30.0,0.0,0.0,85.36,71.6825,38.24,19.68
5253,1314,168.9,15.769554,14.230446,70.493202,0.0,1.5391085,1.5391085,28.460892,0.0,34.160000000000004,0.0,37.94,20.900000000000002
5254,1314,118.03,15.769554,14.230446,70.493202,0.0,1.5391085,1.5391085,28.460892,0.0,66.1825,0.0,37.94,20.900000000000002
5255,1314,99.22,15.769554,14.230446,70.493202,0.0,1.5391085,1.5391085,28.460892,0.0,47.5125,0.0,37.94,20.900000000000002
5256,1314,90.1,15.769554,14.230446,70.493202,0.0,1.5391085,1.5391085,28.460892,0.0,54.67,0.0,37.94,20.900000000000002
5257,1315,84.12,15.0,15.0,68.935755,0.0,0.0,0.0,30.0,0.0,91.69000000000001,0.0,37.64,22.12
5258,1315,79.1,15.0,15.0,67.378308,0.0,0.0,0.0,30.0,0.0,48.535,74.48,37.64,22.12
5259,1315,84.47,15.0,15.0,65.820861,0.0,0.0,0.0,30.0,0.0,95.03,77.85,37.64,22.12
5260,1315,87.7,15.0,15.0,64.263415,0.0,0.0,0.0,30.0,0.0,75.6225,101.89,37.64,22.12
5261,1316,104.36,16.539108,13.460892,65.820861,0.0,3.078217,3.078217,26.921783,0.0,58.00750000000001,88.285,37.64,22.12
5262,1316,126.07,16.539108,13.460892,67.378308,0.0,3.078217,3.078217,26.921783,0.0,31.5,82.38,37.64,22.12
5263,1316,128.32,16.539108,13.460892,68.935755,0.0,3.078217,3.078217,26.921783,0.0,9.75,78.3925,37.64,22.12
5264,1316,108.15,16.539108,13.460892,70.493202,0.0,3.078217,3.078217,26.921783,0.0,50.99,53.9825,37.64,22.12
5265,1317,87.84,15.0,15.0,68.935755,0.0,0.0,0.0,30.0,0.0,62.02666666666667,-48.72,37.64,22.12
5266,1317,72.05,15.0,15.0,67.378308,0.0,0.0,0.0,30.0,0.0,772.0174999999999,0.0,37.64,22.12
5267,1317,61.48,15.0,15.0,65.820861,0.0,0.0,0.0,30.0,0.0,166.4525,-54.78,37.64,22.12
5268,1317,36.88,15.0,15.0,64.263415,0.0,0.0,0.0,30.0,0.0,229.375,-39.35666666666667,37.64,22.12
5269,1318,-2.88,8.2895223,21.710478,49.125103,30.0,16.579045,-13.420955,16.579045,0.0,72.28,2.344999999999999,37.64,22.12
5270,1318,-10.06,8.2895223,21.710478,33.986792,30.0,16.579045,-13.420955,16.579045,0.0,9.46,-51.915,37.64,22.12
5271,1318,-10.06,8.2895223,21.710478,18.84848,30.0,16.579045,-13.420955,16.579045,0.0,86.56,-92.28,37.64,22.12
5272,1318,0.0,8.2895223,21.710478,3.7101685,13.420955,0.0,-13.420955,16.579045,0.0,58.01,-57.63,37.64,22.12
5273,1319,55.0,15.769554,14.230446,3.7101685,0.0,1.5391085,1.5391085,28.460892,0.0,109.84,-24.406666666666666,37.64,22.12
5274,1319,105.0,15.769554,14.230446,3.7101685,0.0,1.5391085,1.5391085,28.460892,0.0,82.14666666666668,11.912499999999994,37.64,22.12
5275,1319,97.94,15.769554,14.230446,3.7101685,0.0,1.5391085,1.5391085,28.460892,0.0,74.29500000000002,18.413333333333327,37.64,22.12
5276,1319,125.93,15.769554,14.230446,3.7101685,0.0,1.5391085,1.5391085,28.460892,0.0,523.9475,0.0,37.64,22.12
5277,1320,134.25,16.539108,13.460892,5.2676153,0.0,3.078217,3.078217,26.921783,0.0,416.0525000000001,70.75,36.559999999999995,20.66
5278,1320,112.74,16.539108,13.460892,6.8250621,26.921783,30.0,3.0782169999999986,26.921783,0.0,155.36,59.0325,36.559999999999995,20.66
5279,1320,102.78,16.539108,13.460892,8.3825089,0.0,3.078217,3.078217,26.921783,0.0,69.3625,80.14,36.559999999999995,20.66
5280,1320,96.63,16.539108,13.460892,9.9399558,0.0,3.078217,3.078217,26.921783,0.0,32.0825,0.0,36.559999999999995,20.66
5281,1321,88.79,15.0,15.0,8.3825089,0.0,0.0,0.0,30.0,0.0,465.34749999999985,0.0,35.48,19.2
5282,1321,88.52,15.0,15.0,6.8250621,0.0,0.0,0.0,30.0,0.0,11.03,75.1125,35.48,19.2
5283,1321,88.06,15.0,15.0,5.2676153,0.0,0.0,0.0,30.0,0.0,0.0,57.2275,35.48,19.2
5284,1321,88.41,15.0,15.0,3.7101685,0.0,0.0,0.0,30.0,0.0,0.0,46.0775,35.48,19.2
5285,1322,96.11,24.01914,5.9808595,20.405927,0.0,18.038281,18.038281,11.961719,0.0,46.895,72.11500000000001,35.48,19.2
5286,1322,110.91,24.01914,5.9808595,37.101685,0.0,18.038281,18.038281,11.961719,0.0,52.6625,80.49,35.48,19.2
5287,1322,124.95,24.01914,5.9808595,53.797444,0.0,18.038281,18.038281,11.961719,0.0,55.199999999999996,81.095,35.48,19.2
5288,1322,117.76,24.01914,5.9808595,70.493202,0.0,18.038281,18.038281,11.961719,0.0,0.0,0.3100000000000023,35.48,19.2
5289,1323,106.84,15.0,15.0,68.935755,0.0,0.0,0.0,30.0,0.0,1.14,75.0475,35.48,19.2
5290,1323,86.1,15.0,15.0,67.378308,0.0,0.0,0.0,30.0,0.0,10.68,59.150000000000006,35.48,19.2
5291,1323,71.6,15.0,15.0,65.820861,0.0,0.0,0.0,30.0,0.0,84.82,65.50999999999999,35.48,19.2
5292,1323,50.26,15.0,15.0,64.263415,0.0,0.0,0.0,30.0,0.0,482.93,-37.87333333333333,35.48,19.2
5293,1324,40.49,15.0,15.0,62.705968,30.0,30.0,0.0,30.0,0.0,1.75,5.522499999999997,35.48,19.2
5294,1324,29.99,15.0,15.0,61.148521,0.0,0.0,0.0,30.0,0.0,0.0,-55.04,35.48,19.2
5295,1324,38.21,15.0,15.0,59.591074,0.0,0.0,0.0,30.0,0.0,0.0,-55.2275,35.48,19.2
5296,1324,57.45,15.0,15.0,58.033627,0.0,0.0,0.0,30.0,0.0,11.08,2.0450000000000017,35.48,19.2
5297,1325,80.22,17.308663,12.691337,61.148521,0.0,4.6173255,4.6173255,25.382675,0.0,44.129999999999995,0.0,35.48,19.2
5298,1325,101.77,17.308663,12.691337,64.263415,0.0,4.6173255,4.6173255,25.382675,0.0,50.385,78.72,35.48,19.2
5299,1325,100.0,17.308663,12.691337,67.378308,0.0,4.6173255,4.6173255,25.382675,0.0,6.48,74.77666666666667,35.48,19.2
5300,1325,138.77,17.308663,12.691337,70.493202,0.0,4.6173255,4.6173255,25.382675,0.0,501.455,0.0,35.48,19.2
5301,1326,135.0,15.769554,14.230446,70.493202,0.0,1.5391085,1.5391085,28.460892,0.0,918.31,31.14666666666667,42.66,25.36
5302,1326,102.0,15.769554,14.230446,70.493202,0.0,1.5391085,1.5391085,28.460892,0.0,0.0,43.765,42.66,25.36
5303,1326,93.56,15.769554,14.230446,70.493202,0.0,1.5391085,1.5391085,28.460892,0.0,1.4449999999999998,12.567500000000003,42.66,25.36
5304,1326,98.12,15.769554,14.230446,70.493202,0.0,1.5391085,1.5391085,28.460892,0.0,54.17,-21.4675,42.66,25.36
5305,1327,73.76,15.0,15.0,68.935755,0.0,0.0,0.0,30.0,0.0,0.0,-18.8775,49.84,31.52
5306,1327,51.88,15.0,15.0,67.378308,0.0,0.0,0.0,30.0,0.0,66.30499999999999,17.535000000000004,49.84,31.52
5307,1327,36.28,15.0,15.0,65.820861,0.0,0.0,0.0,30.0,0.0,24.97,19.57,49.84,31.52
5308,1327,52.8,15.0,15.0,64.263415,0.0,0.0,0.0,30.0,0.0,79.17999999999999,0.0,49.84,31.52
5309,1328,33.49,15.0,15.0,62.705968,30.0,30.0,0.0,30.0,0.0,54.17,7.44,49.84,31.52
5310,1328,79.35,15.0,15.0,61.148521,0.0,0.0,0.0,30.0,0.0,60.20333333333333,-15.0,49.84,31.52
5311,1328,82.72,15.0,15.0,59.591074,0.0,0.0,0.0,30.0,0.0,42.650000000000006,-25.0,49.84,31.52
5312,1328,52.48,15.0,15.0,58.033627,0.0,0.0,0.0,30.0,0.0,11.51,-22.590000000000003,49.84,31.52
5313,1329,30.97,15.0,15.0,56.476181,0.0,0.0,0.0,30.0,0.0,0.0,-25.3275,49.84,31.52
5314,1329,8.53,15.0,15.0,54.918734,0.0,0.0,0.0,30.0,0.0,0.0,-3.0300000000000002,49.84,31.52
5315,1329,0.21,15.0,15.0,53.361287,0.0,0.0,0.0,30.0,0.0,0.0,1.0,49.84,31.52
5316,1329,-0.48,15.0,15.0,51.80384,30.0,30.0,0.0,30.0,0.0,81.64,-6.442500000000003,49.84,31.52
5317,1330,-0.89,10.598185,19.401815,41.337869,30.0,21.19637,-8.803629999999998,21.19637,0.0,54.17,-2.5625,49.84,31.52
5318,1330,-3.0,10.598185,19.401815,30.871898,8.80363,0.0,-8.80363,21.19637,0.0,66.67,-37.99999999999999,49.84,31.52
5319,1330,-10.0,10.598185,19.401815,20.405927,8.80363,0.0,-8.80363,21.19637,0.0,0.0,-9.1175,49.84,31.52
5320,1330,-8.88,10.598185,19.401815,9.9399558,30.0,21.19637,-8.803629999999998,21.19637,0.0,27.825000000000003,-45.0,49.84,31.52
5321,1331,-0.9,15.0,15.0,8.3825089,0.0,0.0,0.0,30.0,0.0,47.02333333333333,1.5375000000000014,49.84,31.52
5322,1331,40.2,15.0,15.0,6.8250621,0.0,0.0,0.0,30.0,0.0,23.845,-63.14,49.84,31.52
5323,1331,83.83,15.0,15.0,5.2676153,0.0,0.0,0.0,30.0,0.0,12.49,-47.5,49.84,31.52
5324,1331,127.01,15.0,15.0,3.7101685,0.0,0.0,0.0,30.0,0.0,43.0925,0.0,49.84,31.52
5325,1332,132.32,24.01914,5.9808595,20.405927,0.0,18.038281,18.038281,11.961719,0.0,60.4425,0.0,45.739999999999995,39.82
5326,1332,119.9,24.01914,5.9808595,37.101685,0.0,18.038281,18.038281,11.961719,0.0,9.8325,0.0,45.739999999999995,39.82
5327,1332,116.0,24.01914,5.9808595,53.797444,0.0,18.038281,18.038281,11.961719,0.0,51.325,74.19,45.739999999999995,39.82
5328,1332,87.5,24.01914,5.9808595,70.493202,0.0,18.038281,18.038281,11.961719,0.0,0.0,43.236666666666665,45.739999999999995,39.82
5329,1333,96.63,15.769554,14.230446,70.493202,0.0,1.5391085,1.5391085,0.0,28.460892,62.495000000000005,71.34,41.64,48.12
5330,1333,91.93,15.769554,14.230446,70.493202,0.0,1.5391085,1.5391085,0.0,28.460892,29.1875,0.0,41.64,48.12
5331,1333,89.07,15.769554,14.230446,70.493202,0.0,1.5391085,1.5391085,0.0,28.460892,82.32,0.0,41.64,48.12
5332,1333,86.4,15.769554,14.230446,70.493202,0.0,1.5391085,1.5391085,0.0,28.460892,0.0,63.775,41.64,48.12
5333,1334,88.92,15.769554,14.230446,70.493202,0.0,1.5391085,1.5391085,0.0,28.460892,92.98,70.81,41.64,48.12
5334,1334,97.93,15.769554,14.230446,70.493202,0.0,1.5391085,1.5391085,0.0,28.460892,54.36749999999999,0.0,41.64,48.12
5335,1334,77.13,15.769554,14.230446,70.493202,0.0,1.5391085,1.5391085,0.0,28.460892,518.3425,0.0,41.64,48.12
5336,1334,31.95,15.769554,14.230446,70.493202,0.0,1.5391085,1.5391085,0.0,28.460892,0.0,-1.8249999999999886,41.64,48.12
5337,1335,0.2,15.0,15.0,68.935755,0.0,0.0,0.0,30.0,0.0,0.0,-76.47749999999999,41.64,48.12
5338,1335,-3.0,15.0,15.0,67.378308,0.0,0.0,0.0,30.0,0.0,5.496666666666666,-6.759999999999998,41.64,48.12
5339,1335,-12.2,15.0,15.0,65.820861,0.0,0.0,0.0,30.0,0.0,74.27,-95.275,41.64,48.12
5340,1335,-22.49,15.0,15.0,64.263415,0.0,0.0,0.0,30.0,0.0,0.0,-166.8225,41.64,48.12
5341,1336,-47.56,8.6742994,21.325701,49.903826,12.651401,0.0,-12.651401,17.348599,0.0,0.0,-139.66500000000002,41.64,48.12
5342,1336,-52.04,8.6742994,21.325701,35.544238,30.0,17.348599,-12.651401,17.348599,0.0,0.0,-397.4425,41.64,48.12
5343,1336,-30.0,8.6742994,21.325701,21.18465,12.651401,0.0,-12.651401,17.348599,0.0,0.0,-74.39,41.64,48.12
5344,1336,-10.08,8.6742994,21.325701,6.8250621,12.651401,0.0,-12.651401,17.348599,0.0,64.08333333333334,-6.305,41.64,48.12
5345,1337,-1.3,14.230446,15.769554,3.7101685,1.5391085,0.0,-1.5391085,0.0,28.460892,15.903333333333334,68.48,41.64,48.12
5346,1337,48.77,15.769554,14.230446,3.7101685,0.0,1.5391085,1.5391085,0.0,28.460892,916.7774999999999,0.0,41.64,48.12
5347,1337,107.98,15.769554,14.230446,3.7101685,0.0,1.5391085,1.5391085,0.0,28.460892,75.18666666666667,99.105,41.64,48.12
5348,1337,128.49,15.769554,14.230446,3.7101685,0.0,1.5391085,1.5391085,0.0,28.460892,25.52666666666667,95.00999999999999,41.64,48.12
5349,1338,136.91,24.01914,5.9808595,20.405927,0.0,18.038281,18.038281,0.0,11.961719,94.86333333333333,91.29,39.74,45.099999999999994
5350,1338,119.9,24.01914,5.9808595,37.101685,0.0,18.038281,18.038281,0.0,11.961719,55.245000000000005,0.0,39.74,45.099999999999994
5351,1338,107.95,24.01914,5.9808595,53.797444,0.0,18.038281,18.038281,0.0,11.961719,99.14333333333333,85.01,39.74,45.099999999999994
5352,1338,109.41,24.01914,5.9808595,70.493202,0.0,18.038281,18.038281,0.0,11.961719,32.0475,0.0,39.74,45.099999999999994
5353,1339,107.81,15.769554,14.230446,70.493202,0.0,1.5391085,1.5391085,0.0,28.460892,31.582500000000003,0.0,37.84,42.08
5354,1339,105.29,15.769554,14.230446,70.493202,0.0,1.5391085,1.5391085,0.0,28.460892,78.0575,0.0,37.84,42.08
5355,1339,101.46,15.769554,14.230446,70.493202,0.0,1.5391085,1.5391085,0.0,28.460892,60.400000000000006,0.0,37.84,42.08
5356,1339,105.49,15.769554,14.230446,70.493202,0.0,1.5391085,1.5391085,0.0,28.460892,97.1225,0.0,37.84,42.08
5357,1340,117.98,15.769554,14.230446,70.493202,0.0,1.5391085,1.5391085,0.0,28.460892,101.72999999999999,83.705,37.84,42.08
5358,1340,114.34,15.769554,14.230446,70.493202,0.0,1.5391085,1.5391085,0.0,28.460892,33.935,0.0,37.84,42.08
5359,1340,84.0,15.769554,14.230446,70.493202,0.0,1.5391085,1.5391085,0.0,28.460892,83.37666666666667,26.945,37.84,42.08
5360,1340,27.98,15.769554,14.230446,70.493202,0.0,1.5391085,1.5391085,0.0,28.460892,0.3,-31.224999999999994,37.84,42.08
5361,1341,0.0,15.0,15.0,68.935755,0.0,0.0,0.0,0.0,30.0,54.17,8.739999999999995,37.84,42.08
5362,1341,-5.01,15.0,15.0,67.378308,0.0,0.0,0.0,0.0,30.0,73.62333333333333,11.2575,37.84,42.08
5363,1341,-14.99,15.0,15.0,65.820861,0.0,0.0,0.0,0.0,30.0,84.98,-67.0,37.84,42.08
5364,1341,-32.93,15.0,15.0,64.263415,0.0,0.0,0.0,0.0,30.0,0.1,-68.1375,37.84,42.08
5365,1342,-59.97,8.6742994,21.325701,49.903826,12.651401,0.0,-12.651401,17.348599,0.0,0.0,-48.5,37.84,42.08
5366,1342,-50.1,8.6742994,21.325701,35.544238,12.651401,0.0,-12.651401,17.348599,0.0,0.0,-5.454999999999998,37.84,42.08
5367,1342,-31.4,8.6742994,21.325701,21.18465,12.651401,0.0,-12.651401,17.348599,0.0,56.74,-41.459999999999994,37.84,42.08
5368,1342,-5.24,8.6742994,21.325701,6.8250621,12.651401,0.0,-12.651401,17.348599,0.0,61.69,-315.4525,37.84,42.08
5369,1343,0.66,14.230446,15.769554,3.7101685,1.5391085,0.0,-1.5391085,28.460892,0.0,54.17,-345.74333333333334,37.84,42.08
5370,1343,90.02,15.769554,14.230446,3.7101685,0.0,1.5391085,1.5391085,28.460892,0.0,77.9,0.0,37.84,42.08
5371,1343,132.0,15.769554,14.230446,3.7101685,0.0,1.5391085,1.5391085,28.460892,0.0,17.247500000000002,0.0,37.84,42.08
5372,1343,138.93,15.769554,14.230446,3.7101685,0.0,1.5391085,1.5391085,28.460892,0.0,33.78500000000001,0.0,37.84,42.08
5373,1344,127.68,24.01914,5.9808595,20.405927,0.0,18.038281,18.038281,11.961719,0.0,54.269999999999996,0.0,38.56,33.1
5374,1344,109.99,24.01914,5.9808595,37.101685,0.0,18.038281,18.038281,11.961719,0.0,34.1075,0.0,38.56,33.1
5375,1344,97.28,24.01914,5.9808595,53.797444,0.0,18.038281,18.038281,11.961719,0.0,0.0,82.015,38.56,33.1
5376,1344,104.38,24.01914,5.9808595,70.493202,0.0,18.038281,18.038281,11.961719,0.0,29.405,58.379999999999995,38.56,33.1
5377,1345,91.84,15.0,15.0,68.935755,0.0,0.0,0.0,30.0,0.0,2.5,73.32,39.28,24.12
5378,1345,85.3,15.0,15.0,67.378308,0.0,0.0,0.0,30.0,0.0,0.0,66.08333333333333,39.28,24.12
5379,1345,85.5,15.0,15.0,65.820861,0.0,0.0,0.0,30.0,0.0,0.0,81.575,39.28,24.12
5380,1345,86.31,15.0,15.0,64.263415,0.0,0.0,0.0,30.0,0.0,70.215,0.0,39.28,24.12
5381,1346,86.41,16.539108,13.460892,65.820861,0.0,3.078217,3.078217,26.921783,0.0,10.535,72.14,39.28,24.12
5382,1346,112.64,16.539108,13.460892,67.378308,0.0,3.078217,3.078217,26.921783,0.0,30.055000000000003,0.0,39.28,24.12
5383,1346,119.68,16.539108,13.460892,68.935755,0.0,3.078217,3.078217,26.921783,0.0,40.88999999999999,78.78666666666666,39.28,24.12
5384,1346,99.39,16.539108,13.460892,70.493202,0.0,3.078217,3.078217,26.921783,0.0,345.31,0.0,39.28,24.12
5385,1347,63.7,15.0,15.0,68.935755,0.0,0.0,0.0,30.0,0.0,810.75,26.464999999999996,39.28,24.12
5386,1347,40.12,15.0,15.0,67.378308,0.0,0.0,0.0,30.0,0.0,0.3,-5.065000000000001,39.28,24.12
5387,1347,16.04,15.0,15.0,65.820861,30.0,30.0,0.0,30.0,0.0,0.0,-2.8424999999999994,39.28,24.12
5388,1347,0.9,15.0,15.0,64.263415,30.0,30.0,0.0,30.0,0.0,13.85,-16.3525,39.28,24.12
5389,1348,-3.0,8.2895223,21.710478,49.125103,13.420955,0.0,-13.420955,16.579045,0.0,0.0,-14.532499999999999,39.28,24.12
5390,1348,-10.06,8.2895223,21.710478,33.986792,30.0,16.579045,-13.420955,16.579045,0.0,5.11,-237.5475,39.28,24.12
5391,1348,10.0,8.2895223,21.710478,18.84848,13.420955,0.0,-13.420955,16.579045,0.0,0.1,-289.1875,39.28,24.12
5392,1348,48.04,8.2895223,21.710478,3.7101685,13.420955,0.0,-13.420955,16.579045,0.0,33.98333333333333,-35.667500000000004,39.28,24.12
5393,1349,88.65,15.769554,14.230446,3.7101685,0.0,1.5391085,1.5391085,6.4619949,0.0,273.89,-40.7725,39.28,24.12
5394,1349,121.23,26.769003,3.2309975,25.97118,0.0,23.538005,23.538005,6.4619949,0.0,36.02,-93.72,39.28,24.12
5395,1349,198.98,26.769003,3.2309975,48.232191,0.0,23.538005,23.538005,6.4619949,0.0,516.6674999999999,-93.72,39.28,24.12
5396,1349,219.99,26.769003,3.2309975,70.493202,0.0,23.538005,23.538005,6.4619949,0.0,365.60249999999996,27.1475,39.28,24.12
5397,1350,128.92,15.0,15.0,68.935755,0.0,0.0,0.0,30.0,0.0,5.036666666666667,49.5775,39.06,22.08
5398,1350,106.55,15.0,15.0,67.378308,0.0,0.0,0.0,30.0,0.0,8.165,31.01999999999999,39.06,22.08
5399,1350,99.99,15.0,15.0,65.820861,0.0,0.0,0.0,30.0,0.0,36.254999999999995,62.62,39.06,22.08
5400,1350,99.38,15.0,15.0,64.263415,0.0,0.0,0.0,30.0,0.0,13.84,37.725,39.06,22.08
5401,1351,87.72,15.0,15.0,62.705968,0.0,0.0,0.0,30.0,0.0,0.0,28.424999999999997,38.84,20.04
5402,1351,85.59,15.0,15.0,61.148521,0.0,0.0,0.0,30.0,0.0,91.26,71.11,38.84,20.04
5403,1351,87.2,15.0,15.0,59.591074,0.0,0.0,0.0,30.0,0.0,34.40666666666667,62.29333333333334,38.84,20.04
5404,1351,89.0,15.0,15.0,58.033627,0.0,0.0,0.0,30.0,0.0,68.5775,0.0,38.84,20.04
5405,1352,99.36,15.0,15.0,56.476181,0.0,0.0,0.0,30.0,0.0,678.03,86.78,38.84,20.04
5406,1352,124.21,15.0,15.0,54.918734,0.0,0.0,0.0,30.0,0.0,153.3975,81.95,38.84,20.04
5407,1352,132.32,15.0,15.0,53.361287,0.0,0.0,0.0,30.0,0.0,43.335,62.75333333333333,38.84,20.04
5408,1352,117.89,15.0,15.0,51.80384,30.0,30.0,0.0,30.0,0.0,0.0,-29.987499999999997,38.84,20.04
5409,1353,100.1,15.0,15.0,50.246393,0.0,0.0,0.0,30.0,0.0,6.335,83.32333333333334,38.84,20.04
5410,1353,73.98,15.0,15.0,48.688947,0.0,0.0,0.0,30.0,0.0,1.31,48.5225,38.84,20.04
5411,1353,56.03,15.0,15.0,47.1315,0.0,0.0,0.0,30.0,0.0,11.23,59.1725,38.84,20.04
5412,1353,43.01,15.0,15.0,45.574053,0.0,0.0,0.0,30.0,0.0,0.0,43.82666666666667,38.84,20.04
5413,1354,40.5,10.598185,19.401815,35.108082,8.80363,0.0,-8.80363,21.19637,0.0,0.0,4.315000000000005,38.84,20.04
5414,1354,48.0,10.598185,19.401815,24.642111,8.80363,0.0,-8.80363,21.19637,0.0,31.063333333333333,81.34,38.84,20.04
5415,1354,64.16,10.598185,19.401815,14.17614,8.80363,0.0,-8.80363,21.19637,0.0,91.06,78.78666666666666,38.84,20.04
5416,1354,85.1,10.598185,19.401815,3.7101685,8.80363,0.0,-8.80363,21.19637,0.0,0.0,-44.6725,38.84,20.04
5417,1355,102.93,15.769554,14.230446,3.7101685,0.0,1.5391085,1.5391085,6.4619949,0.0,44.27000000000001,90.68,38.84,20.04
5418,1355,118.3,26.769003,3.2309975,25.97118,0.0,23.538005,23.538005,6.4619949,0.0,0.0,-692.46,38.84,20.04
5419,1355,189.46,26.769003,3.2309975,48.232191,0.0,23.538005,23.538005,6.4619949,0.0,0.0,-120.04500000000007,38.84,20.04
5420,1355,192.84,26.769003,3.2309975,70.493202,0.0,23.538005,23.538005,6.4619949,0.0,0.0,83.61,38.84,20.04
5421,1356,126.69,15.0,15.0,68.935755,0.0,0.0,0.0,30.0,0.0,0.0,80.9675,36.96,17.84
5422,1356,112.0,15.0,15.0,67.378308,0.0,0.0,0.0,30.0,0.0,0.0,35.5425,36.96,17.84
5423,1356,104.92,15.0,15.0,65.820861,0.0,0.0,0.0,30.0,0.0,0.0,-27.505,36.96,17.84
5424,1356,87.88,15.0,15.0,64.263415,0.0,0.0,0.0,30.0,0.0,48.37,64.82,36.96,17.84
5425,1357,89.9,15.0,15.0,62.705968,0.0,0.0,0.0,30.0,0.0,103.22,0.0,35.08,15.64
5426,1357,86.6,15.0,15.0,61.148521,0.0,0.0,0.0,30.0,0.0,52.8225,0.0,35.08,15.64
5427,1357,90.3,15.0,15.0,59.591074,0.0,0.0,0.0,30.0,0.0,73.1725,0.0,35.08,15.64
5428,1357,90.42,15.0,15.0,58.033627,0.0,0.0,0.0,30.0,0.0,0.0,83.9875,35.08,15.64
5429,1358,103.11,15.0,15.0,56.476181,0.0,0.0,0.0,30.0,0.0,93.8075,93.04,35.08,15.64
5430,1358,124.38,15.0,15.0,54.918734,0.0,0.0,0.0,30.0,0.0,93.19,83.6575,35.08,15.64
5431,1358,132.43,15.0,15.0,53.361287,0.0,0.0,0.0,30.0,0.0,0.0,91.05250000000001,35.08,15.64
5432,1358,122.61,15.0,15.0,51.80384,0.0,0.0,0.0,30.0,0.0,0.0,-343.5,35.08,15.64
5433,1359,113.29,15.0,15.0,50.246393,0.0,0.0,0.0,30.0,0.0,0.0,-340.25,35.08,15.64
5434,1359,100.0,15.0,15.0,48.688947,0.0,0.0,0.0,30.0,0.0,0.0,22.0625,35.08,15.64
5435,1359,94.3,15.0,15.0,47.1315,0.0,0.0,0.0,30.0,0.0,35.855000000000004,79.59,35.08,15.64
5436,1359,83.04,15.0,15.0,45.574053,0.0,0.0,0.0,30.0,0.0,11.563333333333333,65.04,35.08,15.64
5437,1360,77.0,15.0,15.0,44.016606,0.0,0.0,0.0,30.0,0.0,67.0425,0.0,35.08,15.64
5438,1360,74.74,15.0,15.0,42.459159,0.0,0.0,0.0,30.0,0.0,1024.685,0.0,35.08,15.64
5439,1360,79.32,15.0,15.0,40.901712,0.0,0.0,0.0,30.0,0.0,126.13,0.0,35.08,15.64
5440,1360,91.02,15.0,15.0,39.344266,0.0,0.0,0.0,30.0,0.0,66.70666666666666,82.14,35.08,15.64
5441,1361,100.8,5.765349,24.234651,19.097457,18.469302,0.0,-18.469302,11.530698,0.0,46.68,0.0,35.08,15.64
5442,1361,111.48,24.234651,5.765349,36.229372,0.0,18.469302,18.469302,11.530698,0.0,142.1,0.0,35.08,15.64
5443,1361,155.0,24.234651,5.765349,53.361287,0.0,18.469302,18.469302,11.530698,0.0,59.4075,0.0,35.08,15.64
5444,1361,205.38,24.234651,5.765349,70.493202,0.0,18.469302,18.469302,11.530698,0.0,121.5275,121.8,35.08,15.64
5445,1362,143.89,15.769554,14.230446,70.493202,0.0,1.5391085,1.5391085,28.460892,0.0,143.445,0.0,35.98,16.8
5446,1362,118.65,15.769554,14.230446,70.493202,0.0,1.5391085,1.5391085,28.460892,0.0,87.97,89.0725,35.98,16.8
5447,1362,108.0,15.769554,14.230446,70.493202,0.0,1.5391085,1.5391085,28.460892,0.0,65.07,0.0,35.98,16.8
5448,1362,104.5,15.769554,14.230446,70.493202,0.0,1.5391085,1.5391085,28.460892,0.0,61.5425,0.0,35.98,16.8
5449,1363,102.71,15.0,15.0,68.935755,0.0,0.0,0.0,30.0,0.0,13.907499999999999,0.0,36.88,17.96
5450,1363,98.37,15.0,15.0,67.378308,0.0,0.0,0.0,30.0,0.0,1.2575,0.0,36.88,17.96
5451,1363,89.37,15.0,15.0,65.820861,0.0,0.0,0.0,30.0,0.0,51.3475,0.0,36.88,17.96
5452,1363,90.0,15.0,15.0,64.263415,0.0,0.0,0.0,30.0,0.0,64.72,0.0,36.88,17.96
5453,1364,102.05,16.539108,13.460892,65.820861,0.0,3.078217,3.078217,26.921783,0.0,12.976666666666667,0.0,36.88,17.96
5454,1364,112.16,16.539108,13.460892,67.378308,0.0,3.078217,3.078217,26.921783,0.0,50.224999999999994,0.0,36.88,17.96
5455,1364,112.66,16.539108,13.460892,68.935755,0.0,3.078217,3.078217,26.921783,0.0,102.9825,0.0,36.88,17.96
5456,1364,104.84,16.539108,13.460892,70.493202,0.0,3.078217,3.078217,26.921783,0.0,498.275,0.0,36.88,17.96
5457,1365,80.11,15.0,15.0,68.935755,0.0,0.0,0.0,30.0,0.0,64.58333333333334,-6.94,36.88,17.96
5458,1365,52.59,15.0,15.0,67.378308,0.0,0.0,0.0,30.0,0.0,51.5075,-41.61,36.88,17.96
5459,1365,18.31,15.0,15.0,65.820861,0.0,0.0,0.0,30.0,0.0,106.23,-58.980000000000004,36.88,17.96
5460,1365,9.91,15.0,15.0,64.263415,0.0,0.0,0.0,30.0,0.0,0.0,-75.9625,36.88,17.96
5461,1366,-0.14,8.6742994,21.325701,49.903826,30.0,17.348599,-12.651401,17.348599,0.0,1.31,-24.7975,36.88,17.96
5462,1366,-0.2,8.6742994,21.325701,35.544238,30.0,17.348599,-12.651401,17.348599,0.0,38.464999999999996,-37.5,36.88,17.96
5463,1366,-3.0,8.6742994,21.325701,21.18465,12.651401,0.0,-12.651401,17.348599,0.0,85.36,-98.0,36.88,17.96
5464,1366,-10.05,8.6742994,21.325701,6.8250621,12.651401,0.0,-12.651401,17.348599,0.0,71.54500000000002,-366.1375,36.88,17.96
5465,1367,29.9,14.230446,15.769554,3.7101685,30.0,28.460892,-1.5391079999999988,28.460892,0.0,10.15,-307.91,36.88,17.96
5466,1367,100.59,15.769554,14.230446,3.7101685,0.0,1.5391085,1.5391085,28.460892,0.0,465.8275,-101.2675,36.88,17.96
5467,1367,109.4,15.769554,14.230446,3.7101685,0.0,1.5391085,1.5391085,28.460892,0.0,460.75,61.265,36.88,17.96
5468,1367,126.95,15.769554,14.230446,3.7101685,0.0,1.5391085,1.5391085,28.460892,0.0,40.27,82.05,36.88,17.96
5469,1368,121.47,16.539108,13.460892,5.2676153,26.921783,30.0,3.0782169999999986,26.921783,0.0,102.53,69.54249999999999,36.88,17.540000000000003
5470,1368,111.4,16.539108,13.460892,6.8250621,0.0,3.078217,3.078217,26.921783,0.0,100.36,78.8725,36.88,17.540000000000003
5471,1368,93.54,16.539108,13.460892,8.3825089,0.0,3.078217,3.078217,26.921783,0.0,33.027499999999996,62.480000000000004,36.88,17.540000000000003
5472,1368,84.0,16.539108,13.460892,9.9399558,0.0,3.078217,3.078217,26.921783,0.0,7.585000000000001,46.87,36.88,17.540000000000003
5473,1369,73.11,15.0,15.0,8.3825089,0.0,0.0,0.0,30.0,0.0,79.845,0.0,36.88,17.12
5474,1369,83.45,15.0,15.0,6.8250621,0.0,0.0,0.0,30.0,0.0,95.18249999999999,0.0,36.88,17.12
5475,1369,82.1,15.0,15.0,5.2676153,0.0,0.0,0.0,30.0,0.0,55.5,0.0,36.88,17.12
5476,1369,84.22,15.0,15.0,3.7101685,0.0,0.0,0.0,30.0,0.0,1.17,74.08500000000001,36.88,17.12
5477,1370,89.03,17.308663,12.691337,6.8250621,0.0,4.6173255,4.6173255,25.382675,0.0,62.040000000000006,0.0,36.88,17.12
5478,1370,120.42,17.308663,12.691337,9.9399558,0.0,4.6173255,4.6173255,25.382675,0.0,3.6550000000000002,0.0,36.88,17.12
5479,1370,126.53,17.308663,12.691337,13.054849,0.0,4.6173255,4.6173255,25.382675,0.0,54.13250000000001,36.1,36.88,17.12
5480,1370,120.0,17.308663,12.691337,16.169743,0.0,4.6173255,4.6173255,25.382675,0.0,98.93,-57.879999999999995,36.88,17.12
5481,1371,110.01,15.0,15.0,14.612296,0.0,0.0,0.0,30.0,0.0,0.0,-19.640000000000004,36.88,17.12
5482,1371,100.0,15.0,15.0,13.054849,0.0,0.0,0.0,30.0,0.0,0.0,-95.6375,36.88,17.12
5483,1371,89.6,15.0,15.0,11.497403,0.0,0.0,0.0,30.0,0.0,0.0,-225.78250000000003,36.88,17.12
5484,1371,74.39,15.0,15.0,9.9399558,0.0,0.0,0.0,30.0,0.0,40.5025,0.0,36.88,17.12
5485,1372,53.5,15.0,15.0,8.3825089,0.0,0.0,0.0,30.0,0.0,85.36,56.406666666666666,36.88,17.12
5486,1372,47.71,15.0,15.0,6.8250621,0.0,0.0,0.0,30.0,0.0,33.00666666666667,59.87,36.88,17.12
5487,1372,54.25,15.0,15.0,5.2676153,0.0,0.0,0.0,30.0,0.0,18.112499999999997,0.0,36.88,17.12
5488,1372,78.49,15.0,15.0,3.7101685,0.0,0.0,0.0,30.0,0.0,28.622500000000002,79.78,36.88,17.12
5489,1373,96.97,15.769554,14.230446,3.7101685,0.0,1.5391085,1.5391085,0.0,0.0,610.1099999999999,84.47,36.88,17.12
5490,1373,125.76,20.307008,9.6929924,12.893202,0.0,10.614015,10.614015,0.0,0.0,11.61,88.55333333333334,36.88,17.12
5491,1373,208.73,30.0,0.0,41.693202,0.0,30.0,30.0,0.0,0.0,24.8125,0.0,36.88,17.12
5492,1373,219.25,30.0,0.0,70.493202,0.0,30.0,30.0,0.0,0.0,9.780000000000001,0.0,36.88,17.12
5493,1374,160.79,15.769554,14.230446,70.493202,0.0,1.5391085,1.5391085,28.460892,0.0,8.98,82.41499999999999,36.66,17.4
5494,1374,131.75,15.769554,14.230446,70.493202,0.0,1.5391085,1.5391085,28.460892,0.0,45.905,84.98,36.66,17.4
5495,1374,116.18,15.769554,14.230446,70.493202,0.0,1.5391085,1.5391085,28.460892,0.0,8.003333333333334,0.0,36.66,17.4
5496,1374,107.1,15.769554,14.230446,70.493202,0.0,1.5391085,1.5391085,28.460892,0.0,63.78666666666666,0.0,36.66,17.4
5497,1375,105.74,15.0,15.0,68.935755,0.0,0.0,0.0,30.0,0.0,93.255,0.0,36.44,17.68
5498,1375,100.81,15.0,15.0,67.378308,0.0,0.0,0.0,30.0,0.0,54.730000000000004,0.0,36.44,17.68
5499,1375,98.0,15.0,15.0,65.820861,0.0,0.0,0.0,30.0,0.0,34.765,0.0,36.44,17.68
5500,1375,103.02,15.0,15.0,64.263415,0.0,0.0,0.0,30.0,0.0,58.7375,0.0,36.44,17.68
5501,1376,103.29,15.0,15.0,62.705968,0.0,0.0,0.0,30.0,0.0,56.2675,0.0,36.44,17.68
5502,1376,100.83,15.0,15.0,61.148521,30.0,30.0,0.0,30.0,0.0,87.05666666666667,82.3,36.44,17.68
5503,1376,98.23,15.0,15.0,59.591074,0.0,0.0,0.0,30.0,0.0,0.0,73.635,36.44,17.68
5504,1376,99.75,15.0,15.0,58.033627,0.0,0.0,0.0,30.0,0.0,85.36,17.417500000000004,36.44,17.68
5505,1377,81.67,15.0,15.0,56.476181,0.0,0.0,0.0,30.0,0.0,0.0,-59.5,36.44,17.68
5506,1377,68.99,15.0,15.0,54.918734,0.0,0.0,0.0,30.0,0.0,0.0,-104.0,36.44,17.68
5507,1377,48.0,15.0,15.0,53.361287,0.0,0.0,0.0,30.0,0.0,85.36,35.015,36.44,17.68
5508,1377,33.0,15.0,15.0,51.80384,0.0,0.0,0.0,30.0,0.0,0.0,47.7575,36.44,17.68
5509,1378,27.1,9.8286308,20.171369,39.780422,10.342738,0.0,-10.342738,19.657262,0.0,0.0,-36.0,36.44,17.68
5510,1378,19.28,9.8286308,20.171369,27.757004,10.342738,0.0,-10.342738,19.657262,0.0,0.0,-17.505,36.44,17.68
5511,1378,30.55,9.8286308,20.171369,15.733586,30.0,19.657262,-10.342738,19.657262,0.0,0.0,-17.755000000000003,36.44,17.68
5512,1378,56.06,9.8286308,20.171369,3.7101685,10.342738,0.0,-10.342738,19.657262,0.0,10.13,-2.663333333333334,36.44,17.68
5513,1379,84.59,24.01914,5.9808595,20.405927,0.0,18.038281,18.038281,11.961719,0.0,10.13,4.670000000000002,36.44,17.68
5514,1379,112.58,24.01914,5.9808595,37.101685,0.0,18.038281,18.038281,11.961719,0.0,0.0,77.83500000000001,36.44,17.68
5515,1379,132.77,24.01914,5.9808595,53.797444,0.0,18.038281,18.038281,11.961719,0.0,85.36,72.94,36.44,17.68
5516,1379,141.82,24.01914,5.9808595,70.493202,0.0,18.038281,18.038281,11.961719,0.0,52.894999999999996,0.0,36.44,17.68
5517,1380,125.03,15.769554,14.230446,70.493202,0.0,1.5391085,1.5391085,28.460892,0.0,35.027499999999996,0.0,35.22,18.7
5518,1380,116.11,15.769554,14.230446,70.493202,0.0,1.5391085,1.5391085,28.460892,0.0,30.16,0.0,35.22,18.7
5519,1380,105.69,15.769554,14.230446,70.493202,0.0,1.5391085,1.5391085,28.460892,0.0,96.31,86.825,35.22,18.7
5520,1380,107.44,15.769554,14.230446,70.493202,0.0,1.5391085,1.5391085,28.460892,0.0,98.59,87.3,35.22,18.7
5521,1381,106.14,15.769554,14.230446,70.493202,0.0,1.5391085,1.5391085,28.460892,0.0,89.97,85.63333333333333,34.0,19.72
5522,1381,100.0,15.769554,14.230446,70.493202,0.0,1.5391085,1.5391085,28.460892,0.0,71.1625,0.0,34.0,19.72
5523,1381,98.61,15.769554,14.230446,70.493202,0.0,1.5391085,1.5391085,28.460892,0.0,76.5975,0.0,34.0,19.72
5524,1381,96.7,15.769554,14.230446,70.493202,0.0,1.5391085,1.5391085,28.460892,0.0,81.395,0.0,34.0,19.72
5525,1382,96.1,15.769554,14.230446,70.493202,0.0,1.5391085,1.5391085,28.460892,0.0,89.4425,0.0,34.0,19.72
5526,1382,92.3,15.769554,14.230446,70.493202,0.0,1.5391085,1.5391085,28.460892,0.0,63.015,0.0,34.0,19.72
5527,1382,86.93,15.769554,14.230446,70.493202,0.0,1.5391085,1.5391085,28.460892,0.0,53.3575,0.0,34.0,19.72
5528,1382,83.15,15.769554,14.230446,70.493202,0.0,1.5391085,1.5391085,28.460892,0.0,105.64500000000001,9.233333333333327,34.0,19.72
5529,1383,75.35,15.0,15.0,68.935755,0.0,0.0,0.0,30.0,0.0,64.77666666666666,-54.385,34.0,19.72
5530,1383,62.56,15.0,15.0,67.378308,0.0,0.0,0.0,30.0,0.0,614.3133333333333,6.752500000000012,34.0,19.72
5531,1383,15.3,15.0,15.0,65.820861,0.0,0.0,0.0,30.0,0.0,1825.36,46.92,34.0,19.72
5532,1383,8.93,15.0,15.0,64.263415,0.0,0.0,0.0,30.0,0.0,73.755,-17.72,34.0,19.72
5533,1384,10.0,8.2895223,21.710478,49.125103,13.420955,0.0,-13.420955,16.579045,0.0,112.34,-44.995000000000005,34.0,19.72
5534,1384,0.0,8.2895223,21.710478,33.986792,13.420955,0.0,-13.420955,16.579045,0.0,94.63666666666667,-26.776666666666667,34.0,19.72
5535,1384,0.0,8.2895223,21.710478,18.84848,13.420955,0.0,-13.420955,16.579045,0.0,72.16666666666666,47.71,34.0,19.72
5536,1384,17.3,8.2895223,21.710478,3.7101685,30.0,16.579045,-13.420955,16.579045,0.0,55.97,19.21,34.0,19.72
5537,1385,68.41,15.769554,14.230446,3.7101685,0.0,1.5391085,1.5391085,28.460892,0.0,58.33,-74.0,34.0,19.72
5538,1385,83.96,15.769554,14.230446,3.7101685,0.0,1.5391085,1.5391085,28.460892,0.0,36.7175,-5.009999999999998,34.0,19.72
5539,1385,104.78,15.769554,14.230446,3.7101685,0.0,1.5391085,1.5391085,28.460892,0.0,33.295,0.0,34.0,19.72
5540,1385,111.73,15.769554,14.230446,3.7101685,0.0,1.5391085,1.5391085,28.460892,0.0,58.89,0.0,34.0,19.72
5541,1386,109.97,16.539108,13.460892,5.2676153,0.0,3.078217,3.078217,0.0,26.921783,97.615,79.97333333333333,33.14,16.619999999999997
5542,1386,111.45,16.539108,13.460892,6.8250621,0.0,3.078217,3.078217,0.0,26.921783,94.91,79.11666666666667,33.14,16.619999999999997
5543,1386,99.51,16.539108,13.460892,8.3825089,0.0,3.078217,3.078217,0.0,26.921783,101.97,75.0825,33.14,16.619999999999997
5544,1386,97.39,16.539108,13.460892,9.9399558,0.0,3.078217,3.078217,0.0,26.921783,81.1125,77.67,33.14,16.619999999999997
5545,1387,90.1,15.0,15.0,8.3825089,0.0,0.0,0.0,30.0,0.0,55.6275,0.0,32.28,13.52
5546,1387,88.7,15.0,15.0,6.8250621,0.0,0.0,0.0,30.0,0.0,0.0,73.6025,32.28,13.52
5547,1387,84.86,15.0,15.0,5.2676153,0.0,0.0,0.0,30.0,0.0,0.0,63.93,32.28,13.52
5548,1387,84.5,15.0,15.0,3.7101685,0.0,0.0,0.0,30.0,0.0,93.9,0.0,32.28,13.52
5549,1388,86.77,15.769554,14.230446,3.7101685,0.0,1.5391085,1.5391085,24.356602,0.0,90.6225,79.07,32.28,13.52
5550,1388,122.85,17.821699,12.178301,7.86336,0.0,5.6433978,5.6433978,24.356602,0.0,0.0,69.12666666666667,32.28,13.52
5551,1388,149.77,17.821699,12.178301,12.016551,0.0,5.6433978,5.6433978,24.356602,0.0,59.4075,82.23,32.28,13.52
5552,1388,128.65,17.821699,12.178301,16.169743,0.0,5.6433978,5.6433978,24.356602,0.0,91.35000000000001,66.69,32.28,13.52
5553,1389,112.58,15.0,15.0,14.612296,30.0,30.0,0.0,30.0,0.0,0.0,55.35,32.28,13.52
5554,1389,96.08,15.0,15.0,13.054849,0.0,0.0,0.0,30.0,0.0,0.0,-17.894999999999996,32.28,13.52
5555,1389,88.71,15.0,15.0,11.497403,0.0,0.0,0.0,30.0,0.0,0.0,-18.4925,32.28,13.52
5556,1389,83.22,15.0,15.0,9.9399558,0.0,0.0,0.0,30.0,0.0,0.0,-56.0,32.28,13.52
5557,1390,77.99,15.0,15.0,8.3825089,30.0,30.0,0.0,30.0,0.0,0.0,-54.08250000000001,32.28,13.52
5558,1390,78.95,15.0,15.0,6.8250621,0.0,0.0,0.0,30.0,0.0,0.0,-38.394999999999996,32.28,13.52
5559,1390,79.2,15.0,15.0,5.2676153,30.0,30.0,0.0,30.0,0.0,8.79,37.760000000000005,32.28,13.52
5560,1390,80.3,15.0,15.0,3.7101685,30.0,30.0,0.0,30.0,0.0,0.0,57.07,32.28,13.52
5561,1391,98.67,15.769554,14.230446,3.7101685,0.0,1.5391085,1.5391085,0.0,0.0,51.4175,61.77,32.28,13.52
5562,1391,107.04,20.307008,9.6929924,12.893202,0.0,10.614015,10.614015,0.0,0.0,8.25,83.06,32.28,13.52
5563,1391,160.0,30.0,0.0,41.693202,0.0,30.0,30.0,0.0,0.0,0.0,71.1275,32.28,13.52
5564,1391,200.94,30.0,0.0,70.493202,0.0,30.0,30.0,0.0,0.0,0.0,48.1875,32.28,13.52
5565,1392,138.98,15.0,15.0,68.935755,0.0,0.0,0.0,30.0,0.0,0.0,54.265,32.18,13.92
5566,1392,101.05,15.0,15.0,67.378308,0.0,0.0,0.0,30.0,0.0,8.889999999999999,63.70333333333333,32.18,13.92
5567,1392,86.33,15.0,15.0,65.820861,0.0,0.0,0.0,30.0,0.0,0.0,38.099999999999994,32.18,13.92
5568,1392,92.86,15.0,15.0,64.263415,0.0,0.0,0.0,30.0,0.0,0.0,-22.533333333333346,32.18,13.92
5569,1393,88.36,15.0,15.0,62.705968,0.0,0.0,0.0,30.0,0.0,49.83,65.41,32.08,14.32
5570,1393,86.77,15.0,15.0,61.148521,0.0,0.0,0.0,30.0,0.0,114.885,0.0,32.08,14.32
5571,1393,86.23,15.0,15.0,59.591074,0.0,0.0,0.0,30.0,0.0,92.91666666666667,54.54,32.08,14.32
5572,1393,83.14,15.0,15.0,58.033627,0.0,0.0,0.0,30.0,0.0,0.0,64.73,32.08,14.32
5573,1394,86.79,17.308663,12.691337,61.148521,0.0,4.6173255,4.6173255,25.382675,0.0,0.0,67.9725,32.08,14.32
5574,1394,119.76,17.308663,12.691337,64.263415,0.0,4.6173255,4.6173255,25.382675,0.0,114.14,56.913333333333334,32.08,14.32
5575,1394,120.71,17.308663,12.691337,67.378308,0.0,4.6173255,4.6173255,25.382675,0.0,66.855,0.0,32.08,14.32
5576,1394,109.29,17.308663,12.691337,70.493202,0.0,4.6173255,4.6173255,25.382675,0.0,33.332499999999996,0.0,32.08,14.32
5577,1395,102.24,15.0,15.0,68.935755,0.0,0.0,0.0,30.0,0.0,3.8725,0.0,32.08,14.32
5578,1395,60.58,15.0,15.0,67.378308,0.0,0.0,0.0,30.0,0.0,94.61333333333333,-60.0,32.08,14.32
5579,1395,46.91,15.0,15.0,65.820861,0.0,0.0,0.0,30.0,0.0,0.0,-21.075000000000003,32.08,14.32
5580,1395,32.85,15.0,15.0,64.263415,0.0,0.0,0.0,30.0,0.0,99.22,-51.5,32.08,14.32
5581,1396,16.07,8.2895223,21.710478,49.125103,13.420955,0.0,-13.420955,16.579045,0.0,87.21000000000001,-21.644999999999996,32.08,14.32
5582,1396,8.25,8.2895223,21.710478,33.986792,13.420955,0.0,-13.420955,16.579045,0.0,99.475,13.155000000000001,32.08,14.32
5583,1396,27.21,8.2895223,21.710478,18.84848,13.420955,0.0,-13.420955,16.579045,0.0,33.412499999999994,0.0,32.08,14.32
5584,1396,49.92,8.2895223,21.710478,3.7101685,13.420955,0.0,-13.420955,16.579045,0.0,470.35333333333324,-15.135,32.08,14.32
5585,1397,100.26,24.01914,5.9808595,20.405927,0.0,18.038281,18.038281,11.961719,0.0,13.183333333333334,-55.653333333333336,32.08,14.32
5586,1397,116.84,24.01914,5.9808595,37.101685,0.0,18.038281,18.038281,11.961719,0.0,93.755,86.105,32.08,14.32
5587,1397,123.66,24.01914,5.9808595,53.797444,0.0,18.038281,18.038281,11.961719,0.0,8.190000000000001,0.0,32.08,14.32
5588,1397,145.08,24.01914,5.9808595,70.493202,0.0,18.038281,18.038281,11.961719,0.0,69.095,90.98,32.08,14.32
5589,1398,120.0,15.769554,14.230446,70.493202,0.0,1.5391085,1.5391085,28.460892,0.0,0.0,81.82,32.9,16.74
5590,1398,103.42,15.769554,14.230446,70.493202,28.460892,30.0,1.5391079999999988,28.460892,0.0,91.09333333333333,51.15,32.9,16.74
5591,1398,94.69,15.769554,14.230446,70.493202,0.0,1.5391085,1.5391085,28.460892,0.0,81.6575,0.0,32.9,16.74
5592,1398,84.9,15.769554,14.230446,70.493202,0.0,1.5391085,1.5391085,28.460892,0.0,105.055,0.0,32.9,16.74
5593,1399,76.4,15.0,15.0,68.935755,0.0,0.0,0.0,30.0,0.0,523.7324999999998,-65.63,33.72,19.16
5594,1399,62.14,15.0,15.0,67.378308,0.0,0.0,0.0,30.0,0.0,91.55250000000001,-46.957499999999996,33.72,19.16
5595,1399,51.36,15.0,15.0,65.820861,0.0,0.0,0.0,30.0,0.0,81.625,-143.9675,33.72,19.16
5596,1399,49.9,15.0,15.0,64.263415,0.0,0.0,0.0,30.0,0.0,45.614999999999995,-49.9,33.72,19.16
5597,1400,54.0,16.539108,13.460892,65.820861,0.0,3.078217,3.078217,26.921783,0.0,5.49,-27.926666666666666,33.72,19.16
5598,1400,80.59,16.539108,13.460892,67.378308,0.0,3.078217,3.078217,26.921783,0.0,97.805,10.1325,33.72,19.16
5599,1400,87.15,16.539108,13.460892,68.935755,0.0,3.078217,3.078217,26.921783,0.0,532.1925,-31.263333333333343,33.72,19.16
5600,1400,86.5,16.539108,13.460892,70.493202,0.0,3.078217,3.078217,26.921783,0.0,26.7175,-386.3875,33.72,19.16
5601,1401,51.0,15.0,15.0,68.935755,30.0,30.0,0.0,30.0,0.0,49.120000000000005,-82.085,33.72,19.16
5602,1401,-4.24,15.0,15.0,67.378308,0.0,0.0,0.0,30.0,0.0,76.56750000000001,-56.93,33.72,19.16
5603,1401,-10.5,15.0,15.0,65.820861,0.0,0.0,0.0,30.0,0.0,2.5,-34.25,33.72,19.16
5604,1401,-19.0,15.0,15.0,64.263415,0.0,0.0,0.0,30.0,0.0,69.16,-11.015,33.72,19.16
5605,1402,-31.73,8.6742994,21.325701,49.903826,12.651401,0.0,-12.651401,17.348599,0.0,85.36,-45.9725,33.72,19.16
5606,1402,-29.1,8.6742994,21.325701,35.544238,12.651401,0.0,-12.651401,17.348599,0.0,49.87,-33.3375,33.72,19.16
5607,1402,-21.04,8.6742994,21.325701,21.18465,12.651401,0.0,-12.651401,17.348599,0.0,23.5925,-46.8925,33.72,19.16
5608,1402,-16.56,8.6742994,21.325701,6.8250621,12.651401,0.0,-12.651401,17.348599,0.0,3.856666666666667,-50.8575,33.72,19.16
5609,1403,-2.0,14.230446,15.769554,3.7101685,1.5391085,0.0,-1.5391085,28.460892,0.0,95.82000000000001,-330.20500000000004,33.72,19.16
5610,1403,67.21,15.769554,14.230446,3.7101685,0.0,1.5391085,1.5391085,28.460892,0.0,12.366666666666667,-417.2075,33.72,19.16
5611,1403,102.1,15.769554,14.230446,3.7101685,0.0,1.5391085,1.5391085,28.460892,0.0,97.22,-101.655,33.72,19.16
5612,1403,136.67,15.769554,14.230446,3.7101685,0.0,1.5391085,1.5391085,28.460892,0.0,32.925,86.02,33.72,19.16
5613,1404,128.63,24.01914,5.9808595,20.405927,0.0,18.038281,18.038281,11.961719,0.0,10.473333333333334,45.54,33.66,18.16
5614,1404,102.37,24.01914,5.9808595,37.101685,0.0,18.038281,18.038281,11.961719,0.0,54.005,43.50666666666667,33.66,18.16
5615,1404,85.49,24.01914,5.9808595,53.797444,0.0,18.038281,18.038281,11.961719,0.0,99.55,24.15,33.66,18.16
5616,1404,77.87,24.01914,5.9808595,70.493202,0.0,18.038281,18.038281,11.961719,0.0,0.0,-13.25,33.66,18.16
5617,1405,70.59,15.0,15.0,68.935755,0.0,0.0,0.0,30.0,0.0,0.0,62.3525,33.6,17.16
5618,1405,76.07,15.0,15.0,67.378308,0.0,0.0,0.0,30.0,0.0,53.575,19.6325,33.6,17.16
5619,1405,58.0,15.0,15.0,65.820861,0.0,0.0,0.0,30.0,0.0,37.01,-35.095,33.6,17.16
5620,1405,49.9,15.0,15.0,64.263415,0.0,0.0,0.0,30.0,0.0,98.36,-11.900000000000002,33.6,17.16
5621,1406,62.4,16.539108,13.460892,65.820861,0.0,3.078217,3.078217,26.921783,0.0,30.549999999999997,9.523333333333333,33.6,17.16
5622,1406,89.0,16.539108,13.460892,67.378308,0.0,3.078217,3.078217,26.921783,0.0,51.629999999999995,53.41,33.6,17.16
5623,1406,62.74,16.539108,13.460892,68.935755,26.921783,30.0,3.0782169999999986,26.921783,0.0,58.3125,-26.440000000000005,33.6,17.16
5624,1406,46.6,16.539108,13.460892,70.493202,0.0,3.078217,3.078217,26.921783,0.0,11.6375,-70.86,33.6,17.16
5625,1407,16.0,15.0,15.0,68.935755,0.0,0.0,0.0,30.0,0.0,62.336666666666666,-187.1325,33.6,17.16
5626,1407,-6.96,15.0,15.0,67.378308,30.0,30.0,0.0,30.0,0.0,6.155,-203.035,33.6,17.16
5627,1407,-19.43,15.0,15.0,65.820861,0.0,0.0,0.0,30.0,0.0,31.14666666666667,-40.0,33.6,17.16
5628,1407,-21.0,15.0,15.0,64.263415,30.0,30.0,0.0,30.0,0.0,38.366666666666674,-19.905,33.6,17.16
5629,1408,-28.96,11.424161,18.575839,55.469079,7.1516771,0.0,-7.1516771,22.848323,0.0,0.0,-41.80499999999999,33.6,17.16
5630,1408,-26.75,11.424161,18.575839,46.674744,7.1516771,0.0,-7.1516771,22.848323,0.0,0.0,-128.2225,33.6,17.16
5631,1408,-15.53,11.424161,18.575839,37.880409,30.0,22.848323,-7.151676999999999,22.848323,0.0,94.35333333333334,-91.0,33.6,17.16
5632,1408,-10.05,11.424161,18.575839,29.086073,7.1516771,0.0,-7.1516771,22.848323,0.0,430.5,-21.55,33.6,17.16
5633,1409,0.0,3.2309975,26.769003,3.7101685,23.538005,0.0,-23.538005,6.4619949,0.0,68.83250000000001,-28.916666666666664,33.6,17.16
5634,1409,90.0,26.769003,3.2309975,25.97118,0.0,23.538005,23.538005,6.4619949,0.0,963.6025,38.42,33.6,17.16
5635,1409,112.65,26.769003,3.2309975,48.232191,0.0,23.538005,23.538005,6.4619949,0.0,312.65,38.98500000000001,33.6,17.16
5636,1409,114.7,26.769003,3.2309975,70.493202,6.4619949,30.0,23.5380051,6.4619949,0.0,35.385,0.0,33.6,17.16
5637,1410,111.18,15.769554,14.230446,70.493202,28.460892,30.0,1.5391079999999988,28.460892,0.0,120.36000000000001,84.64,33.28,17.18
5638,1410,96.07,15.769554,14.230446,70.493202,0.0,1.5391085,1.5391085,28.460892,0.0,142.2875,79.38666666666667,33.28,17.18
5639,1410,79.15,15.769554,14.230446,70.493202,0.0,1.5391085,1.5391085,28.460892,0.0,5.6625,-5.47,33.28,17.18
5640,1410,51.28,15.769554,14.230446,70.493202,0.0,1.5391085,1.5391085,28.460892,0.0,94.515,-10.07,33.28,17.18
5641,1411,40.7,15.0,15.0,68.935755,0.0,0.0,0.0,30.0,0.0,83.22,-10.4475,32.96,17.2
5642,1411,33.02,15.0,15.0,67.378308,0.0,0.0,0.0,30.0,0.0,0.0,-13.0,32.96,17.2
5643,1411,17.0,15.0,15.0,65.820861,0.0,0.0,0.0,30.0,0.0,0.0,-16.5,32.96,17.2
5644,1411,9.4,15.0,15.0,64.263415,0.0,0.0,0.0,30.0,0.0,0.0,-37.5,32.96,17.2
5645,1412,6.85,15.0,15.0,62.705968,30.0,30.0,0.0,30.0,0.0,83.36,-18.7825,32.96,17.2
5646,1412,15.08,15.0,15.0,61.148521,0.0,0.0,0.0,30.0,0.0,64.975,-34.665,32.96,17.2
5647,1412,27.73,15.0,15.0,59.591074,0.0,0.0,0.0,30.0,0.0,11.233333333333334,-18.490000000000002,32.96,17.2
5648,1412,29.99,15.0,15.0,58.033627,0.0,0.0,0.0,30.0,0.0,10.75,-27.092499999999998,32.96,17.2
5649,1413,1.26,15.0,15.0,56.476181,0.0,0.0,0.0,30.0,0.0,34.5325,-271.4175,32.96,17.2
5650,1413,-0.79,15.0,15.0,54.918734,0.0,0.0,0.0,30.0,0.0,103.99,-112.77749999999997,32.96,17.2
5651,1413,-3.97,15.0,15.0,53.361287,0.0,0.0,0.0,30.0,0.0,74.28999999999999,-74.0,32.96,17.2
5652,1413,-0.08,15.0,15.0,51.80384,30.0,30.0,0.0,30.0,0.0,87.715,-20.0,32.96,17.2
5653,1414,-1.0,10.213408,19.786592,40.559146,9.5731842,0.0,-9.5731842,20.426816,0.0,0.1,-31.8825,32.96,17.2
5654,1414,-10.0,10.213408,19.786592,29.314451,9.5731842,0.0,-9.5731842,20.426816,0.0,0.0,-58.5,32.96,17.2
5655,1414,-10.08,10.213408,19.786592,18.069757,9.5731842,0.0,-9.5731842,20.426816,0.0,87.38,-26.0175,32.96,17.2
5656,1414,-10.06,10.213408,19.786592,6.8250621,30.0,20.426816,-9.573184000000001,20.426816,0.0,61.84,-79.36,32.96,17.2
5657,1415,-2.0,14.230446,15.769554,3.7101685,1.5391085,0.0,-1.5391085,28.460892,0.0,46.45,-95.58,32.96,17.2
5658,1415,50.2,15.769554,14.230446,3.7101685,0.0,1.5391085,1.5391085,28.460892,0.0,963.8325000000001,22.125,32.96,17.2
5659,1415,98.85,15.769554,14.230446,3.7101685,0.0,1.5391085,1.5391085,28.460892,0.0,74.7025,79.98,32.96,17.2
5660,1415,118.7,15.769554,14.230446,3.7101685,0.0,1.5391085,1.5391085,28.460892,0.0,1.39,78.31666666666666,32.96,17.2
5661,1416,123.99,24.01914,5.9808595,20.405927,0.0,18.038281,18.038281,11.961719,0.0,73.4675,81.43666666666667,32.32,16.759999999999998
5662,1416,119.86,24.01914,5.9808595,37.101685,0.0,18.038281,18.038281,11.961719,0.0,39.50666666666666,80.73,32.32,16.759999999999998
5663,1416,100.84,24.01914,5.9808595,53.797444,0.0,18.038281,18.038281,11.961719,0.0,0.0,74.615,32.32,16.759999999999998
5664,1416,94.4,24.01914,5.9808595,70.493202,11.961719,30.0,18.038280999999998,11.961719,0.0,32.61749999999999,34.42,32.32,16.759999999999998
5665,1417,102.0,15.769554,14.230446,70.493202,0.0,1.5391085,1.5391085,28.460892,0.0,68.93,0.0,31.68,16.32
5666,1417,98.38,15.769554,14.230446,70.493202,0.0,1.5391085,1.5391085,28.460892,0.0,58.335,80.47,31.68,16.32
5667,1417,97.89,15.769554,14.230446,70.493202,0.0,1.5391085,1.5391085,28.460892,0.0,0.0,20.215000000000003,31.68,16.32
5668,1417,98.93,15.769554,14.230446,70.493202,0.0,1.5391085,1.5391085,28.460892,0.0,0.0,71.6275,31.68,16.32
5669,1418,102.81,15.769554,14.230446,70.493202,0.0,1.5391085,1.5391085,28.460892,0.0,0.0,78.755,31.68,16.32
5670,1418,99.9,15.769554,14.230446,70.493202,0.0,1.5391085,1.5391085,28.460892,0.0,89.61,82.1,31.68,16.32
5671,1418,99.07,15.769554,14.230446,70.493202,0.0,1.5391085,1.5391085,28.460892,0.0,937.5975,63.98,31.68,16.32
5672,1418,73.31,15.769554,14.230446,70.493202,0.0,1.5391085,1.5391085,28.460892,0.0,915.805,0.0,31.68,16.32
5673,1419,15.0,15.0,15.0,68.935755,0.0,0.0,0.0,30.0,0.0,52.794999999999995,-30.0,31.68,16.32
5674,1419,-0.02,15.0,15.0,67.378308,30.0,30.0,0.0,30.0,0.0,71.3125,80.16,31.68,16.32
5675,1419,-6.84,15.0,15.0,65.820861,0.0,0.0,0.0,30.0,0.0,126.5475,28.42,31.68,16.32
5676,1419,-18.64,15.0,15.0,64.263415,0.0,0.0,0.0,30.0,0.0,84.97,-8.29,31.68,16.32
5677,1420,-40.35,8.6742994,21.325701,49.903826,12.651401,0.0,-12.651401,17.348599,0.0,0.0,-72.325,31.68,16.32
5678,1420,-44.92,8.6742994,21.325701,35.544238,12.651401,0.0,-12.651401,17.348599,0.0,83.36,-67.5,31.68,16.32
5679,1420,-29.07,8.6742994,21.325701,21.18465,12.651401,0.0,-12.651401,17.348599,0.0,58.495000000000005,-260.205,31.68,16.32
5680,1420,-10.05,8.6742994,21.325701,6.8250621,12.651401,0.0,-12.651401,17.348599,0.0,84.265,85.98,31.68,16.32
5681,1421,-3.66,14.230446,15.769554,3.7101685,1.5391085,0.0,-1.5391085,28.460892,0.0,1217.3433333333332,5.439999999999998,31.68,16.32
5682,1421,67.56,15.769554,14.230446,3.7101685,0.0,1.5391085,1.5391085,28.460892,0.0,542.86,0.0,31.68,16.32
5683,1421,90.1,15.769554,14.230446,3.7101685,0.0,1.5391085,1.5391085,28.460892,0.0,1825.36,-164.82666666666665,31.68,16.32
5684,1421,80.19,15.769554,14.230446,3.7101685,0.0,1.5391085,1.5391085,28.460892,0.0,1.1800000000000002,-73.47999999999999,31.68,16.32
5685,1422,71.3,26.769003,3.2309975,25.97118,0.0,23.538005,23.538005,6.4619949,0.0,0.0,-34.5,31.48,16.779999999999998
5686,1422,64.14,26.769003,3.2309975,48.232191,0.0,23.538005,23.538005,6.4619949,0.0,88.76,-59.0475,31.48,16.779999999999998
5687,1422,49.39,26.769003,3.2309975,70.493202,0.0,23.538005,23.538005,6.4619949,0.0,32.75666666666667,35.986666666666665,31.48,16.779999999999998
5688,1422,0.39,3.2309975,26.769003,45.117297,23.538005,0.0,-23.538005,6.4619949,0.0,47.135,-11.1875,31.48,16.779999999999998
5689,1423,0.92,15.0,15.0,43.55985,0.0,0.0,0.0,30.0,0.0,36.86,-24.98,31.28,17.24
5690,1423,0.0,15.0,15.0,42.002403,0.0,0.0,0.0,30.0,0.0,73.3625,-9.129999999999999,31.28,17.24
5691,1423,-0.75,15.0,15.0,40.444957,30.0,30.0,0.0,30.0,0.0,32.41,-25.894999999999996,31.28,17.24
5692,1423,-0.57,15.0,15.0,38.88751,30.0,30.0,0.0,30.0,0.0,0.0,-10.4225,31.28,17.24
5693,1424,0.0,15.0,15.0,37.330063,0.0,0.0,0.0,30.0,0.0,0.0,-8.5,31.28,17.24
5694,1424,0.05,15.0,15.0,35.772616,30.0,30.0,0.0,30.0,0.0,93.7975,-9.0,31.28,17.24
5695,1424,-0.01,15.0,15.0,34.215169,30.0,30.0,0.0,30.0,0.0,48.074999999999996,-37.0,31.28,17.24
5696,1424,0.0,15.0,15.0,32.657723,0.0,0.0,0.0,30.0,0.0,84.46666666666667,-58.95,31.28,17.24
5697,1425,-1.39,15.0,15.0,31.100276,30.0,30.0,0.0,30.0,0.0,513.9124999999999,-159.1375,31.28,17.24
5698,1425,-6.07,15.0,15.0,29.542829,0.0,0.0,0.0,30.0,0.0,78.28,-110.38499999999999,31.28,17.24
5699,1425,-10.1,15.0,15.0,27.985382,30.0,30.0,0.0,30.0,0.0,68.7825,-42.03,31.28,17.24
5700,1425,-15.5,15.0,15.0,26.427935,30.0,30.0,0.0,30.0,0.0,0.1,7.405,31.28,17.24
5701,1426,-19.37,13.348047,16.651953,21.527217,3.3039058,0.0,-3.3039058,26.696094,0.0,18.79,42.6075,31.28,17.24
5702,1426,-20.47,13.348047,16.651953,16.626499,3.3039058,0.0,-3.3039058,26.696094,0.0,36.48,-34.0,31.28,17.24
5703,1426,-10.07,13.348047,16.651953,11.72578,30.0,26.696094,-3.3039060000000013,26.696094,0.0,2.7966666666666664,-7.954999999999998,31.28,17.24
5704,1426,-5.35,13.348047,16.651953,6.8250621,30.0,26.696094,-3.3039060000000013,26.696094,0.0,65.77250000000001,-20.0,31.28,17.24
5705,1427,-2.5,14.230446,15.769554,3.7101685,1.5391085,0.0,-1.5391085,28.460892,0.0,80.14,1.245000000000001,31.28,17.24
5706,1427,59.2,15.769554,14.230446,3.7101685,0.0,1.5391085,1.5391085,28.460892,0.0,38.42333333333333,-26.54,31.28,17.24
5707,1427,106.6,15.769554,14.230446,3.7101685,0.0,1.5391085,1.5391085,28.460892,0.0,35.6275,86.98,31.28,17.24
5708,1427,122.23,15.769554,14.230446,3.7101685,0.0,1.5391085,1.5391085,28.460892,0.0,82.87,82.935,31.28,17.24
5709,1428,107.92,24.01914,5.9808595,20.405927,0.0,18.038281,18.038281,11.961719,0.0,0.0,50.002500000000005,33.28,16.48
5710,1428,101.05,24.01914,5.9808595,37.101685,0.0,18.038281,18.038281,11.961719,0.0,84.16499999999999,71.30250000000001,33.28,16.48
5711,1428,92.49,24.01914,5.9808595,53.797444,0.0,18.038281,18.038281,11.961719,0.0,0.0,4.0233333333333405,33.28,16.48
5712,1428,92.11,24.01914,5.9808595,70.493202,0.0,18.038281,18.038281,11.961719,0.0,52.495,1.1400000000000006,33.28,16.48
5713,1429,81.56,15.0,15.0,68.935755,0.0,0.0,0.0,30.0,0.0,79.03999999999999,-70.9575,35.28,15.72
5714,1429,79.87,15.0,15.0,67.378308,0.0,0.0,0.0,30.0,0.0,0.0,-68.15,35.28,15.72
5715,1429,75.97,15.0,15.0,65.820861,0.0,0.0,0.0,30.0,0.0,75.37,-8.4225,35.28,15.72
5716,1429,79.02,15.0,15.0,64.263415,0.0,0.0,0.0,30.0,0.0,85.36,-18.75,35.28,15.72
5717,1430,82.6,16.539108,13.460892,65.820861,0.0,3.078217,3.078217,26.921783,0.0,92.59,-19.602500000000003,35.28,15.72
5718,1430,112.09,16.539108,13.460892,67.378308,0.0,3.078217,3.078217,26.921783,0.0,119.74000000000001,-12.73333333333332,35.28,15.72
5719,1430,109.04,16.539108,13.460892,68.935755,0.0,3.078217,3.078217,26.921783,0.0,91.88499999999999,-15.0,35.28,15.72
5720,1430,90.0,16.539108,13.460892,70.493202,0.0,3.078217,3.078217,26.921783,0.0,10.81,-22.223333333333333,35.28,15.72
5721,1431,72.5,15.0,15.0,68.935755,0.0,0.0,0.0,30.0,0.0,55.27,-292.845,35.28,15.72
5722,1431,32.0,15.0,15.0,67.378308,0.0,0.0,0.0,30.0,0.0,20.84,-113.28,35.28,15.72
5723,1431,13.38,15.0,15.0,65.820861,0.0,0.0,0.0,30.0,0.0,42.800000000000004,-48.93,35.28,15.72
5724,1431,5.0,15.0,15.0,64.263415,0.0,0.0,0.0,30.0,0.0,37.565,-139.5625,35.28,15.72
5725,1432,5.0,8.2895223,21.710478,49.125103,13.420955,0.0,-13.420955,16.579045,0.0,94.09,-17.22,35.28,15.72
5726,1432,16.34,8.2895223,21.710478,33.986792,30.0,16.579045,-13.420955,16.579045,0.0,52.61,13.07,35.28,15.72
5727,1432,24.39,8.2895223,21.710478,18.84848,13.420955,0.0,-13.420955,16.579045,0.0,0.0,-24.244999999999997,35.28,15.72
5728,1432,38.24,8.2895223,21.710478,3.7101685,13.420955,0.0,-13.420955,16.579045,0.0,75.0,-5.44,35.28,15.72
5729,1433,98.85,15.769554,14.230446,3.7101685,0.0,1.5391085,1.5391085,0.0,0.0,22.75333333333333,81.24,35.28,15.72
5730,1433,114.09,20.307008,9.6929924,12.893202,0.0,10.614015,10.614015,0.0,0.0,48.905,40.052499999999995,35.28,15.72
5731,1433,186.0,30.0,0.0,41.693202,0.0,30.0,30.0,0.0,0.0,8.8825,17.98,35.28,15.72
5732,1433,224.28,30.0,0.0,70.493202,0.0,30.0,30.0,0.0,0.0,71.9075,0.0,35.28,15.72
5733,1434,142.35,15.0,15.0,68.935755,0.0,0.0,0.0,30.0,0.0,150.15499999999997,82.27,34.480000000000004,15.38
5734,1434,111.0,15.0,15.0,67.378308,0.0,0.0,0.0,30.0,0.0,0.0,53.8825,34.480000000000004,15.38
5735,1434,106.6,15.0,15.0,65.820861,0.0,0.0,0.0,30.0,0.0,0.0,46.6325,34.480000000000004,15.38
5736,1434,98.58,15.0,15.0,64.263415,0.0,0.0,0.0,30.0,0.0,0.0,70.7925,34.480000000000004,15.38
5737,1435,89.69,15.0,15.0,62.705968,0.0,0.0,0.0,30.0,0.0,0.0,74.8775,33.68,15.04
5738,1435,85.3,15.0,15.0,61.148521,0.0,0.0,0.0,30.0,0.0,0.0,71.025,33.68,15.04
5739,1435,85.3,15.0,15.0,59.591074,0.0,0.0,0.0,30.0,0.0,0.0,81.89500000000001,33.68,15.04
5740,1435,86.0,15.0,15.0,58.033627,0.0,0.0,0.0,30.0,0.0,90.19999999999999,93.5,33.68,15.04
5741,1436,96.2,17.308663,12.691337,61.148521,0.0,4.6173255,4.6173255,25.382675,0.0,0.0,71.1525,33.68,15.04
5742,1436,120.36,17.308663,12.691337,64.263415,0.0,4.6173255,4.6173255,25.382675,0.0,105.2875,69.25,33.68,15.04
5743,1436,133.26,17.308663,12.691337,67.378308,0.0,4.6173255,4.6173255,25.382675,0.0,88.33500000000001,0.0,33.68,15.04
5744,1436,110.31,17.308663,12.691337,70.493202,0.0,4.6173255,4.6173255,25.382675,0.0,94.88499999999999,35.00333333333334,33.68,15.04
5745,1437,83.98,15.0,15.0,68.935755,0.0,0.0,0.0,30.0,0.0,1.45,-271.07500000000005,33.68,15.04
5746,1437,72.32,15.0,15.0,67.378308,0.0,0.0,0.0,30.0,0.0,84.74,-40.25,33.68,15.04
5747,1437,28.37,15.0,15.0,65.820861,0.0,0.0,0.0,30.0,0.0,0.0,-27.364999999999995,33.68,15.04
5748,1437,4.01,15.0,15.0,64.263415,30.0,30.0,0.0,30.0,0.0,0.0,-21.25,33.68,15.04
5749,1438,0.19,8.2895223,21.710478,49.125103,30.0,16.579045,-13.420955,16.579045,0.0,88.7375,15.19,33.68,15.04
5750,1438,1.13,8.2895223,21.710478,33.986792,13.420955,0.0,-13.420955,16.579045,0.0,84.8475,52.345,33.68,15.04
5751,1438,23.12,8.2895223,21.710478,18.84848,13.420955,0.0,-13.420955,16.579045,0.0,97.69,-56.0,33.68,15.04
5752,1438,45.4,8.2895223,21.710478,3.7101685,13.420955,0.0,-13.420955,16.579045,0.0,94.6,-69.5,33.68,15.04
5753,1439,88.93,15.769554,14.230446,3.7101685,0.0,1.5391085,1.5391085,0.0,0.0,66.83333333333333,-14.517499999999998,33.68,15.04
5754,1439,116.06,20.307008,9.6929924,12.893202,0.0,10.614015,10.614015,0.0,0.0,0.0,73.69,33.68,15.04
5755,1439,225.0,30.0,0.0,41.693202,0.0,30.0,30.0,0.0,0.0,16.3075,79.64,33.68,15.04
5756,1439,211.77,30.0,0.0,70.493202,0.0,30.0,30.0,0.0,0.0,85.16749999999999,0.0,33.68,15.04
5757,1440,120.95,15.0,15.0,68.935755,0.0,0.0,0.0,30.0,0.0,70.6275,0.0,34.08,14.879999999999999
5758,1440,105.43,15.0,15.0,67.378308,0.0,0.0,0.0,30.0,0.0,75.81,0.0,34.08,14.879999999999999
5759,1440,92.67,15.0,15.0,65.820861,0.0,0.0,0.0,30.0,0.0,98.26333333333334,81.61,34.08,14.879999999999999
5760,1440,90.75,15.0,15.0,64.263415,0.0,0.0,0.0,30.0,0.0,0.0,79.14,34.08,14.879999999999999
5761,1441,91.5,15.0,15.0,62.705968,0.0,0.0,0.0,30.0,0.0,78.19,79.24333333333333,34.48,14.72
5762,1441,87.7,15.0,15.0,61.148521,0.0,0.0,0.0,30.0,0.0,86.47333333333333,86.8,34.48,14.72
5763,1441,88.98,15.0,15.0,59.591074,0.0,0.0,0.0,30.0,0.0,92.895,0.0,34.48,14.72
5764,1441,91.22,15.0,15.0,58.033627,0.0,0.0,0.0,30.0,0.0,100.2075,0.0,34.48,14.72
5765,1442,91.73,17.308663,12.691337,61.148521,0.0,4.6173255,4.6173255,25.382675,0.0,0.0,79.08666666666667,34.48,14.72
5766,1442,113.96,17.308663,12.691337,64.263415,0.0,4.6173255,4.6173255,25.382675,0.0,1.2766666666666666,76.8,34.48,14.72
5767,1442,128.4,17.308663,12.691337,67.378308,0.0,4.6173255,4.6173255,25.382675,0.0,573.905,0.0,34.48,14.72
5768,1442,121.0,17.308663,12.691337,70.493202,0.0,4.6173255,4.6173255,25.382675,0.0,58.7,70.55,34.48,14.72
5769,1443,105.4,15.0,15.0,68.935755,0.0,0.0,0.0,30.0,0.0,11.11,41.5575,34.48,14.72
5770,1443,87.65,15.0,15.0,67.378308,0.0,0.0,0.0,30.0,0.0,86.47,46.75749999999999,34.48,14.72
5771,1443,68.97,15.0,15.0,65.820861,0.0,0.0,0.0,30.0,0.0,54.97,37.876666666666665,34.48,14.72
5772,1443,34.95,15.0,15.0,64.263415,0.0,0.0,0.0,30.0,0.0,44.11,-29.6425,34.48,14.72
5773,1444,10.04,5.7961783,24.203822,44.078999,30.0,11.592357,-18.407643,11.592357,0.0,50.685,-60.6925,34.48,14.72
5774,1444,4.87,5.7961783,24.203822,23.894584,18.407643,0.0,-18.407643,11.592357,0.0,0.0,1.9549999999999983,34.48,14.72
5775,1444,54.88,5.7961783,24.203822,3.7101685,18.407643,0.0,-18.407643,11.592357,0.0,29.567500000000003,-30.0,34.48,14.72
5776,1444,78.57,15.769554,14.230446,3.7101685,0.0,1.5391085,1.5391085,11.592357,0.0,89.74666666666667,73.69,34.48,14.72
5777,1445,91.77,15.769554,14.230446,3.7101685,0.0,1.5391085,1.5391085,0.0,0.0,98.8,-30.0,34.48,14.72
5778,1445,110.61,20.307008,9.6929924,12.893202,0.0,10.614015,10.614015,0.0,0.0,1.45,26.752499999999998,34.48,14.72
5779,1445,196.29,30.0,0.0,41.693202,0.0,30.0,30.0,0.0,0.0,42.4,82.69,34.48,14.72
5780,1445,198.89,30.0,0.0,70.493202,0.0,30.0,30.0,0.0,0.0,75.38,0.0,34.48,14.72
5781,1446,125.29,15.0,15.0,68.935755,0.0,0.0,0.0,30.0,0.0,110.13,82.15,33.739999999999995,13.8
5782,1446,112.0,15.0,15.0,67.378308,0.0,0.0,0.0,30.0,0.0,88.35666666666667,84.19999999999999,33.739999999999995,13.8
5783,1446,100.01,15.0,15.0,65.820861,0.0,0.0,0.0,30.0,0.0,31.012499999999996,85.69,33.739999999999995,13.8
5784,1446,93.91,15.0,15.0,64.263415,0.0,0.0,0.0,30.0,0.0,94.88,83.33,33.739999999999995,13.8
5785,1447,94.3,15.0,15.0,62.705968,0.0,0.0,0.0,30.0,0.0,89.03,81.44,33.0,12.88
5786,1447,89.9,15.0,15.0,61.148521,0.0,0.0,0.0,30.0,0.0,67.8875,80.56,33.0,12.88
5787,1447,88.9,15.0,15.0,59.591074,0.0,0.0,0.0,30.0,0.0,0.0,71.69,33.0,12.88
5788,1447,89.55,15.0,15.0,58.033627,0.0,0.0,0.0,30.0,0.0,0.0,78.21000000000001,33.0,12.88
5789,1448,100.45,15.0,15.0,56.476181,30.0,30.0,0.0,30.0,0.0,74.77666666666666,93.94,33.0,12.88
5790,1448,113.91,15.0,15.0,54.918734,0.0,0.0,0.0,30.0,0.0,70.85,0.0,33.0,12.88
5791,1448,133.26,15.0,15.0,53.361287,0.0,0.0,0.0,30.0,0.0,21.36,0.0,33.0,12.88
5792,1448,126.24,15.0,15.0,51.80384,0.0,0.0,0.0,30.0,0.0,112.38,56.00666666666666,33.0,12.88
5793,1449,108.71,15.0,15.0,50.246393,0.0,0.0,0.0,30.0,0.0,42.43333333333333,79.30666666666667,33.0,12.88
5794,1449,92.22,15.0,15.0,48.688947,0.0,0.0,0.0,30.0,0.0,92.00666666666666,80.81333333333333,33.0,12.88
5795,1449,84.44,15.0,15.0,47.1315,0.0,0.0,0.0,30.0,0.0,9.636666666666667,50.915000000000006,33.0,12.88
5796,1449,65.69,15.0,15.0,45.574053,0.0,0.0,0.0,30.0,0.0,50.005,29.94,33.0,12.88
5797,1450,44.9,10.598185,19.401815,35.108082,8.80363,0.0,-8.80363,21.19637,0.0,10.13,18.165,33.0,12.88
5798,1450,51.49,10.598185,19.401815,24.642111,8.80363,0.0,-8.80363,21.19637,0.0,13.033333333333333,21.046666666666667,33.0,12.88
5799,1450,79.46,10.598185,19.401815,14.17614,8.80363,0.0,-8.80363,21.19637,0.0,166.95499999999998,57.38,33.0,12.88
5800,1450,89.65,10.598185,19.401815,3.7101685,8.80363,0.0,-8.80363,21.19637,0.0,10.4325,-251.755,33.0,12.88
5801,1451,104.39,15.769554,14.230446,3.7101685,0.0,1.5391085,1.5391085,0.0,0.0,114.035,-95.88999999999999,33.0,12.88
5802,1451,114.69,20.307008,9.6929924,12.893202,0.0,10.614015,10.614015,0.0,0.0,63.224999999999994,78.12,33.0,12.88
5803,1451,219.84,30.0,0.0,41.693202,0.0,30.0,30.0,0.0,0.0,63.36,131.57999999999998,33.0,12.88
5804,1451,278.49,30.0,0.0,70.493202,0.0,30.0,30.0,0.0,0.0,142.9225,0.0,33.0,12.88
5805,1452,166.0,15.0,15.0,68.935755,0.0,0.0,0.0,30.0,0.0,43.322500000000005,0.0,30.42,11.74
5806,1452,124.93,15.0,15.0,67.378308,0.0,0.0,0.0,30.0,0.0,52.6275,93.94,30.42,11.74
5807,1452,109.78,15.0,15.0,65.820861,0.0,0.0,0.0,30.0,0.0,54.66,81.595,30.42,11.74
5808,1452,108.8,15.0,15.0,64.263415,0.0,0.0,0.0,30.0,0.0,150.71,80.69,30.42,11.74
5809,1453,99.15,15.0,15.0,62.705968,0.0,0.0,0.0,30.0,0.0,99.87,86.64,27.84,10.6
5810,1453,93.26,15.0,15.0,61.148521,0.0,0.0,0.0,30.0,0.0,97.06,90.19,27.84,10.6
5811,1453,91.41,15.0,15.0,59.591074,0.0,0.0,0.0,30.0,0.0,61.39,0.0,27.84,10.6
5812,1453,94.23,15.0,15.0,58.033627,0.0,0.0,0.0,30.0,0.0,53.165,84.69,27.84,10.6
5813,1454,104.16,17.308663,12.691337,61.148521,0.0,4.6173255,4.6173255,25.382675,0.0,0.0,78.2175,27.84,10.6
5814,1454,132.11,17.308663,12.691337,64.263415,0.0,4.6173255,4.6173255,25.382675,0.0,42.56,82.77333333333333,27.84,10.6
5815,1454,146.67,17.308663,12.691337,67.378308,0.0,4.6173255,4.6173255,25.382675,0.0,105.48,85.26,27.84,10.6
5816,1454,132.59,17.308663,12.691337,70.493202,0.0,4.6173255,4.6173255,25.382675,0.0,93.2325,77.1,27.84,10.6
5817,1455,113.7,15.0,15.0,68.935755,0.0,0.0,0.0,30.0,0.0,36.36,77.1,27.84,10.6
5818,1455,98.25,15.0,15.0,67.378308,0.0,0.0,0.0,30.0,0.0,360.36750000000006,93.94,27.84,10.6
5819,1455,89.95,15.0,15.0,65.820861,0.0,0.0,0.0,30.0,0.0,74.2575,0.0,27.84,10.6
5820,1455,86.19,15.0,15.0,64.263415,0.0,0.0,0.0,30.0,0.0,74.315,0.0,27.84,10.6
5821,1456,80.23,15.0,15.0,62.705968,0.0,0.0,0.0,30.0,0.0,89.6525,0.0,27.84,10.6
5822,1456,78.97,15.0,15.0,61.148521,0.0,0.0,0.0,30.0,0.0,0.0,63.010000000000005,27.84,10.6
5823,1456,81.87,15.0,15.0,59.591074,0.0,0.0,0.0,30.0,0.0,0.0,33.367500000000014,27.84,10.6
5824,1456,85.46,15.0,15.0,58.033627,0.0,0.0,0.0,30.0,0.0,56.315000000000005,69.78,27.84,10.6
5825,1457,99.16,17.308663,12.691337,61.148521,0.0,4.6173255,4.6173255,25.382675,0.0,98.69,-307.81,27.84,10.6
5826,1457,122.2,17.308663,12.691337,64.263415,25.382675,30.0,4.617325000000001,25.382675,0.0,70.65,86.69333333333333,27.84,10.6
5827,1457,142.69,17.308663,12.691337,67.378308,0.0,4.6173255,4.6173255,25.382675,0.0,0.0,82.185,27.84,10.6
5828,1457,137.29,17.308663,12.691337,70.493202,0.0,4.6173255,4.6173255,25.382675,0.0,45.7,93.94,27.84,10.6
5829,1458,112.71,15.769554,14.230446,70.493202,28.460892,30.0,1.5391079999999988,28.460892,0.0,60.475,70.845,27.74,12.84
5830,1458,96.83,15.769554,14.230446,70.493202,0.0,1.5391085,1.5391085,28.460892,0.0,97.35666666666667,31.68,27.74,12.84
5831,1458,95.36,15.769554,14.230446,70.493202,0.0,1.5391085,1.5391085,28.460892,0.0,63.41499999999999,0.0,27.74,12.84
5832,1458,106.58,15.769554,14.230446,70.493202,0.0,1.5391085,1.5391085,28.460892,0.0,49.58,68.1325,27.74,12.84
5833,1459,98.18,15.0,15.0,68.935755,0.0,0.0,0.0,30.0,0.0,0.0,71.23333333333333,27.64,15.08
5834,1459,96.9,15.0,15.0,67.378308,0.0,0.0,0.0,30.0,0.0,89.37333333333333,-24.58,27.64,15.08
5835,1459,95.59,15.0,15.0,65.820861,0.0,0.0,0.0,30.0,0.0,39.126666666666665,79.56,27.64,15.08
5836,1459,91.4,15.0,15.0,64.263415,0.0,0.0,0.0,30.0,0.0,52.2225,0.0,27.64,15.08
5837,1460,94.1,16.539108,13.460892,65.820861,0.0,3.078217,3.078217,26.921783,0.0,0.0,13.7575,27.64,15.08
5838,1460,96.6,16.539108,13.460892,67.378308,0.0,3.078217,3.078217,26.921783,0.0,11.395,-41.545,27.64,15.08
5839,1460,101.8,16.539108,13.460892,68.935755,0.0,3.078217,3.078217,26.921783,0.0,6.905,-21.2875,27.64,15.08
5840,1460,100.6,16.539108,13.460892,70.493202,0.0,3.078217,3.078217,26.921783,0.0,42.435,-3.155000000000001,27.64,15.08
5841,1461,84.92,15.769554,14.230446,70.493202,0.0,1.5391085,1.5391085,28.460892,0.0,499.53499999999985,-239.655,27.64,15.08
5842,1461,60.13,15.769554,14.230446,70.493202,0.0,1.5391085,1.5391085,28.460892,0.0,2.07,-508.1425,27.64,15.08
5843,1461,18.34,14.230446,15.769554,67.378308,1.5391085,0.0,-1.5391085,28.460892,0.0,51.9,-179.89249999999998,27.64,15.08
5844,1461,-5.54,14.230446,15.769554,64.263415,1.5391085,0.0,-1.5391085,28.460892,0.0,0.0,-72.595,27.64,15.08
5845,1462,-8.98,8.2895223,21.710478,49.125103,13.420955,0.0,-13.420955,16.579045,0.0,97.88,-109.07249999999999,27.64,15.08
5846,1462,-11.57,8.2895223,21.710478,33.986792,13.420955,0.0,-13.420955,16.579045,0.0,46.894999999999996,-109.36500000000001,27.64,15.08
5847,1462,-20.0,8.2895223,21.710478,18.84848,13.420955,0.0,-13.420955,16.579045,0.0,0.0,-65.845,27.64,15.08
5848,1462,12.8,8.2895223,21.710478,3.7101685,13.420955,0.0,-13.420955,16.579045,0.0,95.8825,-41.25,27.64,15.08
5849,1463,75.0,15.769554,14.230446,3.7101685,0.0,1.5391085,1.5391085,6.4619949,0.0,73.71000000000001,-41.33,27.64,15.08
5850,1463,112.41,26.769003,3.2309975,25.97118,6.4619949,30.0,23.5380051,6.4619949,0.0,40.589999999999996,0.0,27.64,15.08
5851,1463,136.53,26.769003,3.2309975,48.232191,0.0,23.538005,23.538005,6.4619949,0.0,648.96,74.69,27.64,15.08
5852,1463,124.75,26.769003,3.2309975,70.493202,0.0,23.538005,23.538005,6.4619949,0.0,0.0,42.685,27.64,15.08
5853,1464,106.76,15.769554,14.230446,70.493202,28.460892,30.0,1.5391079999999988,28.460892,0.0,0.0,35.6,28.5,14.520000000000001
5854,1464,99.31,15.769554,14.230446,70.493202,28.460892,30.0,1.5391079999999988,28.460892,0.0,0.0,69.305,28.5,14.520000000000001
5855,1464,88.88,15.769554,14.230446,70.493202,0.0,1.5391085,1.5391085,28.460892,0.0,0.0,10.603333333333332,28.5,14.520000000000001
5856,1464,93.89,15.769554,14.230446,70.493202,0.0,1.5391085,1.5391085,28.460892,0.0,35.0925,17.25333333333333,28.5,14.520000000000001
5857,1465,85.99,15.769554,14.230446,70.493202,0.0,1.5391085,1.5391085,28.460892,0.0,94.91,-53.504999999999995,29.36,13.96
5858,1465,80.37,15.769554,14.230446,70.493202,0.0,1.5391085,1.5391085,28.460892,0.0,95.81,-49.09,29.36,13.96
5859,1465,79.57,15.769554,14.230446,70.493202,0.0,1.5391085,1.5391085,28.460892,0.0,42.737500000000004,0.0,29.36,13.96
5860,1465,79.87,15.769554,14.230446,70.493202,0.0,1.5391085,1.5391085,28.460892,0.0,43.93,0.0,29.36,13.96
5861,1466,76.57,15.769554,14.230446,70.493202,0.0,1.5391085,1.5391085,28.460892,0.0,35.565000000000005,0.0,29.36,13.96
5862,1466,73.8,15.769554,14.230446,70.493202,0.0,1.5391085,1.5391085,28.460892,0.0,67.7975,0.0,29.36,13.96
5863,1466,72.09,15.769554,14.230446,70.493202,0.0,1.5391085,1.5391085,28.460892,0.0,74.93749999999999,-30.0,29.36,13.96
5864,1466,60.63,15.769554,14.230446,70.493202,0.0,1.5391085,1.5391085,28.460892,0.0,499.2674999999999,-12.11,29.36,13.96
5865,1467,41.27,15.0,15.0,68.935755,0.0,0.0,0.0,30.0,0.0,42.5925,-20.945,29.36,13.96
5866,1467,12.73,15.0,15.0,67.378308,0.0,0.0,0.0,30.0,0.0,620.6299999999999,-27.296666666666667,29.36,13.96
5867,1467,-4.83,15.0,15.0,65.820861,0.0,0.0,0.0,30.0,0.0,0.3,-27.5,29.36,13.96
5868,1467,-19.94,15.0,15.0,64.263415,30.0,30.0,0.0,30.0,0.0,102.84,-36.025,29.36,13.96
5869,1468,-40.92,5.7961783,24.203822,44.078999,18.407643,0.0,-18.407643,11.592357,0.0,1.19,-42.18,29.36,13.96
5870,1468,-33.37,5.7961783,24.203822,23.894584,18.407643,0.0,-18.407643,11.592357,0.0,32.777499999999996,-22.93,29.36,13.96
5871,1468,-13.32,5.7961783,24.203822,3.7101685,18.407643,0.0,-18.407643,11.592357,0.0,104.0875,-46.0,29.36,13.96
5872,1468,23.99,15.769554,14.230446,3.7101685,0.0,1.5391085,1.5391085,11.592357,0.0,6.805,-64.47,29.36,13.96
5873,1469,77.19,15.769554,14.230446,3.7101685,0.0,1.5391085,1.5391085,24.356602,0.0,51.46750000000001,-156.03,29.36,13.96
5874,1469,110.53,17.821699,12.178301,7.86336,0.0,5.6433978,5.6433978,24.356602,0.0,9.815,-18.70666666666667,29.36,13.96
5875,1469,131.27,17.821699,12.178301,12.016551,0.0,5.6433978,5.6433978,24.356602,0.0,68.565,75.28,29.36,13.96
5876,1469,123.79,17.821699,12.178301,16.169743,0.0,5.6433978,5.6433978,24.356602,0.0,31.055,70.04,29.36,13.96
5877,1470,107.71,15.0,15.0,14.612296,0.0,0.0,0.0,30.0,0.0,77.11666666666667,73.15666666666667,28.1,12.600000000000001
5878,1470,102.01,15.0,15.0,13.054849,0.0,0.0,0.0,30.0,0.0,118.545,66.69,28.1,12.600000000000001
5879,1470,91.51,15.0,15.0,11.497403,0.0,0.0,0.0,30.0,0.0,17.3675,51.69,28.1,12.600000000000001
5880,1470,91.24,15.0,15.0,9.9399558,0.0,0.0,0.0,30.0,0.0,1228.8333333333335,-63.75999999999999,28.1,12.600000000000001
5881,1471,94.77,15.0,15.0,8.3825089,0.0,0.0,0.0,30.0,0.0,0.0,29.207500000000003,26.84,11.24
5882,1471,92.39,15.0,15.0,6.8250621,0.0,0.0,0.0,30.0,0.0,105.47,76.17333333333333,26.84,11.24
5883,1471,92.51,15.0,15.0,5.2676153,0.0,0.0,0.0,30.0,0.0,58.2875,0.0,26.84,11.24
5884,1471,92.22,15.0,15.0,3.7101685,0.0,0.0,0.0,30.0,0.0,32.913333333333334,67.89,26.84,11.24
5885,1472,100.89,17.308663,12.691337,6.8250621,0.0,4.6173255,4.6173255,25.382675,0.0,76.24,45.54,26.84,11.24
5886,1472,113.2,17.308663,12.691337,9.9399558,0.0,4.6173255,4.6173255,25.382675,0.0,57.1725,82.29499999999999,26.84,11.24
5887,1472,134.85,17.308663,12.691337,13.054849,0.0,4.6173255,4.6173255,25.382675,0.0,12.12,79.05250000000001,26.84,11.24
5888,1472,131.94,17.308663,12.691337,16.169743,0.0,4.6173255,4.6173255,25.382675,0.0,12.64,75.5825,26.84,11.24
5889,1473,122.64,15.0,15.0,14.612296,0.0,0.0,0.0,30.0,0.0,32.2325,81.92,26.84,11.24
5890,1473,102.83,15.0,15.0,13.054849,0.0,0.0,0.0,30.0,0.0,64.215,0.0,26.84,11.24
5891,1473,90.82,15.0,15.0,11.497403,0.0,0.0,0.0,30.0,0.0,54.11000000000001,6.153333333333336,26.84,11.24
5892,1473,85.02,15.0,15.0,9.9399558,0.0,0.0,0.0,30.0,0.0,0.0,-27.085,26.84,11.24
5893,1474,81.02,15.0,15.0,8.3825089,0.0,0.0,0.0,30.0,0.0,9.11,-22.490000000000002,26.84,11.24
5894,1474,83.46,15.0,15.0,6.8250621,0.0,0.0,0.0,30.0,0.0,0.0,19.74000000000001,26.84,11.24
5895,1474,88.17,15.0,15.0,5.2676153,0.0,0.0,0.0,30.0,0.0,7.665,77.45,26.84,11.24
5896,1474,94.16,15.0,15.0,3.7101685,30.0,30.0,0.0,30.0,0.0,63.794999999999995,68.73,26.84,11.24
5897,1475,112.88,15.769554,14.230446,3.7101685,0.0,1.5391085,1.5391085,0.0,0.0,9.726666666666667,78.77,26.84,11.24
5898,1475,143.19,20.307008,9.6929924,12.893202,0.0,10.614015,10.614015,0.0,0.0,0.0,34.05666666666667,26.84,11.24
5899,1475,255.53,30.0,0.0,41.693202,0.0,30.0,30.0,0.0,0.0,25.980000000000004,85.93,26.84,11.24
5900,1475,210.49,30.0,0.0,70.493202,0.0,30.0,30.0,0.0,0.0,5.35,73.765,26.84,11.24
5901,1476,133.33,15.0,15.0,68.935755,0.0,0.0,0.0,30.0,0.0,0.0,6.215000000000003,27.58,8.84
5902,1476,114.71,15.0,15.0,67.378308,0.0,0.0,0.0,30.0,0.0,0.0,-17.564999999999998,27.58,8.84
5903,1476,104.0,15.0,15.0,65.820861,0.0,0.0,0.0,30.0,0.0,62.42249999999999,0.0,27.58,8.84
5904,1476,99.58,15.0,15.0,64.263415,0.0,0.0,0.0,30.0,0.0,87.92,0.0,27.58,8.84
5905,1477,93.0,15.0,15.0,62.705968,0.0,0.0,0.0,30.0,0.0,51.66750000000001,0.0,28.32,6.44
5906,1477,91.5,15.0,15.0,61.148521,0.0,0.0,0.0,30.0,0.0,46.44,87.0,28.32,6.44
5907,1477,92.97,15.0,15.0,59.591074,0.0,0.0,0.0,30.0,0.0,91.18999999999998,80.54,28.32,6.44
5908,1477,96.0,15.0,15.0,58.033627,0.0,0.0,0.0,30.0,0.0,0.0,71.9275,28.32,6.44
5909,1478,102.46,15.0,15.0,56.476181,30.0,30.0,0.0,30.0,0.0,74.67666666666666,79.42,28.32,6.44
5910,1478,123.9,15.0,15.0,54.918734,0.0,0.0,0.0,30.0,0.0,368.8425,0.0,28.32,6.44
5911,1478,148.43,15.0,15.0,53.361287,0.0,0.0,0.0,30.0,0.0,90.8625,81.19,28.32,6.44
5912,1478,133.95,15.0,15.0,51.80384,0.0,0.0,0.0,30.0,0.0,0.0,77.23,28.32,6.44
5913,1479,115.98,15.0,15.0,50.246393,0.0,0.0,0.0,30.0,0.0,88.03,49.254999999999995,28.32,6.44
5914,1479,98.88,15.0,15.0,48.688947,0.0,0.0,0.0,30.0,0.0,0.0,37.28,28.32,6.44
5915,1479,90.02,15.0,15.0,47.1315,0.0,0.0,0.0,30.0,0.0,0.0,69.5475,28.32,6.44
5916,1479,84.8,15.0,15.0,45.574053,0.0,0.0,0.0,30.0,0.0,0.0,65.895,28.32,6.44
5917,1480,82.69,14.540574,15.459426,43.086805,0.91885285,0.0,-0.91885285,29.081147,0.0,89.255,85.66666666666667,28.32,6.44
5918,1480,84.12,14.540574,15.459426,40.599558,0.91885285,0.0,-0.91885285,29.081147,0.0,0.0,79.5175,28.32,6.44
5919,1480,86.67,14.540574,15.459426,38.11231,0.91885285,0.0,-0.91885285,29.081147,0.0,98.75,68.34,28.32,6.44
5920,1480,91.49,14.540574,15.459426,35.625062,0.91885285,0.0,-0.91885285,29.081147,0.0,4.913333333333333,65.52,28.32,6.44
5921,1481,114.6,0.0,30.0,3.7101685,30.0,0.0,-30.0,0.0,0.0,0.0,63.945,28.32,6.44
5922,1481,179.9,20.307008,9.6929924,12.893202,0.0,10.614015,10.614015,0.0,0.0,62.89,85.69,28.32,6.44
5923,1481,334.59,30.0,0.0,41.693202,0.0,30.0,30.0,0.0,0.0,146.375,0.0,28.32,6.44
5924,1481,340.0,30.0,0.0,70.493202,0.0,30.0,30.0,0.0,0.0,31.729999999999997,84.64,28.32,6.44
5925,1482,206.8,15.0,15.0,68.935755,0.0,0.0,0.0,30.0,0.0,65.39,83.25333333333333,28.36,6.14
5926,1482,132.47,15.0,15.0,67.378308,0.0,0.0,0.0,30.0,0.0,39.58,82.18,28.36,6.14
5927,1482,117.32,15.0,15.0,65.820861,0.0,0.0,0.0,30.0,0.0,100.6625,85.94,28.36,6.14
5928,1482,108.2,15.0,15.0,64.263415,0.0,0.0,0.0,30.0,0.0,36.095,0.0,28.36,6.14
5929,1483,100.39,15.0,15.0,62.705968,0.0,0.0,0.0,30.0,0.0,9.73,76.98666666666666,28.4,5.84
5930,1483,98.1,15.0,15.0,61.148521,30.0,30.0,0.0,30.0,0.0,0.0,78.07,28.4,5.84
5931,1483,98.13,15.0,15.0,59.591074,0.0,0.0,0.0,30.0,0.0,0.0,84.7975,28.4,5.84
5932,1483,96.6,15.0,15.0,58.033627,0.0,0.0,0.0,30.0,0.0,0.0,76.80499999999999,28.4,5.84
5933,1484,106.66,15.0,15.0,56.476181,0.0,0.0,0.0,30.0,0.0,0.0,74.3075,28.4,5.84
5934,1484,139.4,15.0,15.0,54.918734,30.0,30.0,0.0,30.0,0.0,0.0,79.05,28.4,5.84
5935,1484,174.33,15.0,15.0,53.361287,30.0,30.0,0.0,30.0,0.0,0.0,115.475,28.4,5.84
5936,1484,152.58,15.0,15.0,51.80384,0.0,0.0,0.0,30.0,0.0,201.41,84.035,28.4,5.84
5937,1485,124.84,15.0,15.0,50.246393,30.0,30.0,0.0,30.0,0.0,82.9025,93.7,28.4,5.84
5938,1485,107.21,15.0,15.0,48.688947,0.0,0.0,0.0,30.0,0.0,0.0,78.605,28.4,5.84
5939,1485,95.77,15.0,15.0,47.1315,0.0,0.0,0.0,30.0,0.0,123.46,84.28,28.4,5.84
5940,1485,91.89,15.0,15.0,45.574053,0.0,0.0,0.0,30.0,0.0,114.35,45.862500000000004,28.4,5.84
5941,1486,90.37,14.540574,15.459426,43.086805,0.91885285,0.0,-0.91885285,29.081147,0.0,0.0,46.80000000000001,28.4,5.84
5942,1486,89.25,14.540574,15.459426,40.599558,0.91885285,0.0,-0.91885285,29.081147,0.0,57.3425,83.84,28.4,5.84
5943,1486,92.64,14.540574,15.459426,38.11231,0.91885285,0.0,-0.91885285,29.081147,0.0,110.43,69.3,28.4,5.84
5944,1486,100.45,14.540574,15.459426,35.625062,0.91885285,0.0,-0.91885285,29.081147,0.0,89.52,0.0,28.4,5.84
5945,1487,121.62,0.0,30.0,3.7101685,30.0,0.0,-30.0,0.0,0.0,113.775,0.0,28.4,5.84
5946,1487,153.43,20.307008,9.6929924,12.893202,0.0,10.614015,10.614015,0.0,0.0,9.73,76.74000000000001,28.4,5.84
5947,1487,303.0,30.0,0.0,41.693202,0.0,30.0,30.0,0.0,0.0,0.0,80.41,28.4,5.84
5948,1487,181.95,30.0,0.0,70.493202,0.0,30.0,30.0,0.0,0.0,121.75,122.1,28.4,5.84
5949,1488,129.88,15.769554,14.230446,70.493202,0.0,1.5391085,1.5391085,28.460892,0.0,112.16,79.73,30.38,8.08
5950,1488,108.97,15.769554,14.230446,70.493202,0.0,1.5391085,1.5391085,28.460892,0.0,67.80333333333333,77.02,30.38,8.08
5951,1488,99.89,15.769554,14.230446,70.493202,0.0,1.5391085,1.5391085,28.460892,0.0,32.39999999999999,80.0,30.38,8.08
5952,1488,101.27,15.769554,14.230446,70.493202,28.460892,30.0,1.5391079999999988,28.460892,0.0,0.0,55.94499999999999,30.38,8.08
5953,1489,94.6,15.0,15.0,68.935755,0.0,0.0,0.0,30.0,0.0,0.0,71.5575,32.36,10.32
5954,1489,90.0,15.0,15.0,67.378308,0.0,0.0,0.0,30.0,0.0,90.14,77.995,32.36,10.32
5955,1489,87.11,15.0,15.0,65.820861,0.0,0.0,0.0,30.0,0.0,0.0,59.99,32.36,10.32
5956,1489,80.57,15.0,15.0,64.263415,0.0,0.0,0.0,30.0,0.0,0.0,38.8,32.36,10.32
5957,1490,84.3,16.539108,13.460892,65.820861,0.0,3.078217,3.078217,26.921783,0.0,8.485,74.09,32.36,10.32
5958,1490,106.76,16.539108,13.460892,67.378308,0.0,3.078217,3.078217,26.921783,0.0,40.347500000000004,45.720000000000006,32.36,10.32
5959,1490,113.6,16.539108,13.460892,68.935755,0.0,3.078217,3.078217,26.921783,0.0,80.95,-50.5575,32.36,10.32
5960,1490,119.04,16.539108,13.460892,70.493202,0.0,3.078217,3.078217,26.921783,0.0,122.23,-29.26,32.36,10.32
5961,1491,97.68,15.769554,14.230446,70.493202,0.0,1.5391085,1.5391085,28.460892,0.0,282.24,82.02,32.36,10.32
5962,1491,97.0,15.769554,14.230446,70.493202,0.0,1.5391085,1.5391085,28.460892,0.0,91.025,1.7850000000000001,32.36,10.32
5963,1491,55.1,15.769554,14.230446,70.493202,0.0,1.5391085,1.5391085,28.460892,0.0,1.8,-51.685,32.36,10.32
5964,1491,3.69,14.230446,15.769554,67.378308,1.5391085,0.0,-1.5391085,28.460892,0.0,14.723333333333333,-423.78499999999997,32.36,10.32
5965,1492,-13.39,7.9047451,22.095255,51.461273,14.19051,0.0,-14.19051,15.80949,0.0,0.0,-79.5,32.36,10.32
5966,1492,-21.0,7.9047451,22.095255,35.544238,14.19051,0.0,-14.19051,15.80949,0.0,89.8925,-218.075,32.36,10.32
5967,1492,-10.1,7.9047451,22.095255,19.627203,30.0,15.80949,-14.19051,15.80949,0.0,76.88499999999999,-65.5675,32.36,10.32
5968,1492,-10.0,7.9047451,22.095255,3.7101685,14.19051,0.0,-14.19051,15.80949,0.0,21.740000000000002,-29.09,32.36,10.32
5969,1493,66.7,19.617325,10.382675,11.497403,0.0,9.234651,9.234651,20.765349,0.0,18.5,-32.9825,32.36,10.32
5970,1493,84.13,19.617325,10.382675,19.284637,0.0,9.234651,9.234651,20.765349,0.0,150.74,-112.37666666666667,32.36,10.32
5971,1493,107.52,19.617325,10.382675,27.071871,0.0,9.234651,9.234651,20.765349,0.0,28.355,-30.0,32.36,10.32
5972,1493,120.0,19.617325,10.382675,34.859105,0.0,9.234651,9.234651,20.765349,0.0,18.5,0.0,32.36,10.32
5973,1494,109.65,15.0,15.0,33.301658,0.0,0.0,0.0,30.0,0.0,32.17,72.495,35.08,10.919999999999998
5974,1494,87.7,15.0,15.0,31.744211,0.0,0.0,0.0,30.0,0.0,331.05500000000006,68.39,35.08,10.919999999999998
5975,1494,87.92,15.0,15.0,30.186764,0.0,0.0,0.0,30.0,0.0,28.612499999999997,34.459999999999994,35.08,10.919999999999998
5976,1494,68.7,15.0,15.0,28.629317,0.0,0.0,0.0,30.0,0.0,60.752500000000005,-70.45,35.08,10.919999999999998
5977,1495,60.25,15.0,15.0,27.071871,0.0,0.0,0.0,30.0,0.0,139.265,16.025000000000002,37.8,11.52
5978,1495,50.06,15.0,15.0,25.514424,0.0,0.0,0.0,30.0,0.0,68.64,-14.182500000000005,37.8,11.52
5979,1495,48.83,15.0,15.0,23.956977,0.0,0.0,0.0,30.0,0.0,65.83,-31.689999999999998,37.8,11.52
5980,1495,58.0,15.0,15.0,22.39953,0.0,0.0,0.0,30.0,0.0,85.69,-2.8275000000000006,37.8,11.52
5981,1496,70.0,15.0,15.0,20.842083,0.0,0.0,0.0,30.0,0.0,31.71,-30.0,37.8,11.52
5982,1496,93.29,15.0,15.0,19.284637,0.0,0.0,0.0,30.0,0.0,82.055,-55.0,37.8,11.52
5983,1496,118.25,15.0,15.0,17.72719,0.0,0.0,0.0,30.0,0.0,463.1125,-3.04,37.8,11.52
5984,1496,120.07,15.0,15.0,16.169743,0.0,0.0,0.0,30.0,0.0,487.9524999999999,0.0,37.8,11.52
5985,1497,99.76,15.0,15.0,14.612296,0.0,0.0,0.0,30.0,0.0,768.0825,-70.74000000000001,37.8,11.52
5986,1497,77.75,15.0,15.0,13.054849,0.0,0.0,0.0,30.0,0.0,21.5,0.0,37.8,11.52
5987,1497,29.9,15.0,15.0,11.497403,30.0,30.0,0.0,30.0,0.0,47.465,0.0,37.8,11.52
5988,1497,3.78,15.0,15.0,9.9399558,0.0,0.0,0.0,30.0,0.0,49.6175,-19.5,37.8,11.52
5989,1498,12.48,15.0,15.0,8.3825089,0.0,0.0,0.0,30.0,0.0,7.4625,-63.65,37.8,11.52
5990,1498,32.8,15.0,15.0,6.8250621,0.0,0.0,0.0,30.0,0.0,70.7525,-66.2,37.8,11.52
5991,1498,65.17,15.0,15.0,5.2676153,0.0,0.0,0.0,30.0,0.0,919.875,20.652500000000003,37.8,11.52
5992,1498,76.07,15.0,15.0,3.7101685,0.0,0.0,0.0,30.0,0.0,49.93,4.11333333333333,37.8,11.52
5993,1499,95.0,24.01914,5.9808595,20.405927,0.0,18.038281,18.038281,11.961719,0.0,41.7525,-45.769999999999996,37.8,11.52
5994,1499,100.16,24.01914,5.9808595,37.101685,0.0,18.038281,18.038281,11.961719,0.0,41.747499999999995,58.365,37.8,11.52
5995,1499,129.3,24.01914,5.9808595,53.797444,0.0,18.038281,18.038281,11.961719,0.0,78.19,-0.25,37.8,11.52
5996,1499,134.47,24.01914,5.9808595,70.493202,0.0,18.038281,18.038281,11.961719,0.0,78.19,39.7775,37.8,11.52
5997,1500,101.0,15.0,15.0,68.935755,0.0,0.0,0.0,30.0,0.0,31.164999999999996,68.65,35.339999999999996,13.06
5998,1500,95.5,15.0,15.0,67.378308,0.0,0.0,0.0,30.0,0.0,77.81,64.545,35.339999999999996,13.06
5999,1500,92.91,15.0,15.0,65.820861,0.0,0.0,0.0,30.0,0.0,55.1475,65.0,35.339999999999996,13.06
6000,1500,102.3,15.0,15.0,64.263415,0.0,0.0,0.0,30.0,0.0,77.44,0.0,35.339999999999996,13.06
6001,1501,96.61,15.0,15.0,62.705968,0.0,0.0,0.0,30.0,0.0,80.215,0.0,32.88,14.6
6002,1501,94.73,15.0,15.0,61.148521,0.0,0.0,0.0,30.0,0.0,60.64,71.27,32.88,14.6
6003,1501,92.41,15.0,15.0,59.591074,0.0,0.0,0.0,30.0,0.0,0.0,69.5675,32.88,14.6
6004,1501,94.4,15.0,15.0,58.033627,0.0,0.0,0.0,30.0,0.0,0.0,69.12,32.88,14.6
6005,1502,97.35,17.308663,12.691337,61.148521,0.0,4.6173255,4.6173255,25.382675,0.0,0.0,72.25999999999999,32.88,14.6
6006,1502,100.26,17.308663,12.691337,64.263415,0.0,4.6173255,4.6173255,25.382675,0.0,0.0,67.525,32.88,14.6
6007,1502,102.55,17.308663,12.691337,67.378308,0.0,4.6173255,4.6173255,25.382675,0.0,0.0,62.96,32.88,14.6
6008,1502,95.04,17.308663,12.691337,70.493202,0.0,4.6173255,4.6173255,25.382675,0.0,0.0,71.27666666666667,32.88,14.6
6009,1503,92.0,15.0,15.0,68.935755,0.0,0.0,0.0,30.0,0.0,530.905,-74.0,32.88,14.6
6010,1503,51.52,15.0,15.0,67.378308,30.0,30.0,0.0,30.0,0.0,33.58999999999999,3.634999999999998,32.88,14.6
6011,1503,14.24,15.0,15.0,65.820861,30.0,30.0,0.0,30.0,0.0,0.0,-47.0,32.88,14.6
6012,1503,5.48,15.0,15.0,64.263415,0.0,0.0,0.0,30.0,0.0,0.0,-41.0,32.88,14.6
6013,1504,1.02,8.2895223,21.710478,49.125103,13.420955,0.0,-13.420955,16.579045,0.0,50.27666666666667,76.6,32.88,14.6
6014,1504,0.44,8.2895223,21.710478,33.986792,30.0,16.579045,-13.420955,16.579045,0.0,48.57666666666667,0.0,32.88,14.6
6015,1504,8.28,8.2895223,21.710478,18.84848,13.420955,0.0,-13.420955,16.579045,0.0,8.434999999999999,-272.305,32.88,14.6
6016,1504,47.65,8.2895223,21.710478,3.7101685,13.420955,0.0,-13.420955,16.579045,0.0,93.19,-58.1325,32.88,14.6
6017,1505,96.67,24.01914,5.9808595,20.405927,0.0,18.038281,18.038281,11.961719,0.0,78.19,38.32249999999999,32.88,14.6
6018,1505,124.52,24.01914,5.9808595,37.101685,0.0,18.038281,18.038281,11.961719,0.0,43.34,90.01,32.88,14.6
6019,1505,150.44,24.01914,5.9808595,53.797444,0.0,18.038281,18.038281,11.961719,0.0,0.0,65.36500000000001,32.88,14.6
6020,1505,131.13,24.01914,5.9808595,70.493202,0.0,18.038281,18.038281,11.961719,0.0,70.3825,69.01,32.88,14.6
6021,1506,101.44,15.769554,14.230446,70.493202,0.0,1.5391085,1.5391085,28.460892,0.0,87.35666666666667,10.089999999999996,31.76,14.68
6022,1506,91.85,15.769554,14.230446,70.493202,0.0,1.5391085,1.5391085,28.460892,0.0,0.0,48.3275,31.76,14.68
6023,1506,89.29,15.769554,14.230446,70.493202,0.0,1.5391085,1.5391085,28.460892,0.0,0.0,52.99,31.76,14.68
6024,1506,93.91,15.769554,14.230446,70.493202,0.0,1.5391085,1.5391085,28.460892,0.0,0.0,30.209999999999994,31.76,14.68
6025,1507,89.53,15.0,15.0,68.935755,0.0,0.0,0.0,30.0,0.0,489.73999999999995,72.24,30.64,14.76
6026,1507,83.68,15.0,15.0,67.378308,0.0,0.0,0.0,30.0,0.0,1136.4075,0.0,30.64,14.76
6027,1507,82.0,15.0,15.0,65.820861,0.0,0.0,0.0,30.0,0.0,16.7775,0.0,30.64,14.76
6028,1507,82.39,15.0,15.0,64.263415,0.0,0.0,0.0,30.0,0.0,94.93,64.5925,30.64,14.76
6029,1508,85.1,16.539108,13.460892,65.820861,0.0,3.078217,3.078217,26.921783,0.0,6.1049999999999995,77.42,30.64,14.76
6030,1508,83.36,16.539108,13.460892,67.378308,26.921783,30.0,3.0782169999999986,26.921783,0.0,87.89333333333335,33.94,30.64,14.76
6031,1508,82.07,16.539108,13.460892,68.935755,0.0,3.078217,3.078217,26.921783,0.0,0.0,44.7125,30.64,14.76
6032,1508,76.73,16.539108,13.460892,70.493202,0.0,3.078217,3.078217,26.921783,0.0,42.57333333333333,50.0,30.64,14.76
6033,1509,37.87,15.0,15.0,68.935755,0.0,0.0,0.0,30.0,0.0,11.15,-16.665000000000006,30.64,14.76
6034,1509,8.29,15.0,15.0,67.378308,0.0,0.0,0.0,30.0,0.0,0.0,-0.9150000000000045,30.64,14.76
6035,1509,0.44,15.0,15.0,65.820861,30.0,30.0,0.0,30.0,0.0,0.0,-28.095,30.64,14.76
6036,1509,0.04,15.0,15.0,64.263415,30.0,30.0,0.0,30.0,0.0,0.0,2.8599999999999994,30.64,14.76
6037,1510,-0.02,5.7961783,24.203822,44.078999,30.0,11.592357,-18.407643,11.592357,0.0,0.0,-57.115,30.64,14.76
6038,1510,-2.69,5.7961783,24.203822,23.894584,30.0,11.592357,-18.407643,11.592357,0.0,53.2675,-123.8425,30.64,14.76
6039,1510,0.06,5.7961783,24.203822,3.7101685,30.0,11.592357,-18.407643,11.592357,0.0,93.19,-26.167500000000004,30.64,14.76
6040,1510,54.5,15.769554,14.230446,3.7101685,0.0,1.5391085,1.5391085,11.592357,0.0,44.324999999999996,-30.0,30.64,14.76
6041,1511,85.9,17.308663,12.691337,6.8250621,0.0,4.6173255,4.6173255,25.382675,0.0,58.23666666666668,70.57666666666667,30.64,14.76
6042,1511,107.83,17.308663,12.691337,9.9399558,0.0,4.6173255,4.6173255,25.382675,0.0,10.79,15.427499999999998,30.64,14.76
6043,1511,116.99,17.308663,12.691337,13.054849,0.0,4.6173255,4.6173255,25.382675,0.0,39.65,55.983333333333334,30.64,14.76
6044,1511,124.31,17.308663,12.691337,16.169743,0.0,4.6173255,4.6173255,25.382675,0.0,11.17,80.6525,30.64,14.76
6045,1512,111.69,15.0,15.0,14.612296,0.0,0.0,0.0,30.0,0.0,0.0,72.605,28.72,12.44
6046,1512,102.29,15.0,15.0,13.054849,0.0,0.0,0.0,30.0,0.0,84.03,82.19666666666666,28.72,12.44
6047,1512,95.19,15.0,15.0,11.497403,0.0,0.0,0.0,30.0,0.0,0.0,79.86,28.72,12.44
6048,1512,85.31,15.0,15.0,9.9399558,0.0,0.0,0.0,30.0,0.0,53.1225,82.69,28.72,12.44
6049,1513,85.76,15.0,15.0,8.3825089,0.0,0.0,0.0,30.0,0.0,105.22,75.61,26.8,10.12
6050,1513,79.39,15.0,15.0,6.8250621,0.0,0.0,0.0,30.0,0.0,80.5675,78.35,26.8,10.12
6051,1513,91.14,15.0,15.0,5.2676153,0.0,0.0,0.0,30.0,0.0,63.32333333333332,80.25,26.8,10.12
6052,1513,85.59,15.0,15.0,3.7101685,0.0,0.0,0.0,30.0,0.0,0.0,77.61,26.8,10.12
6053,1514,85.31,15.769554,14.230446,3.7101685,0.0,1.5391085,1.5391085,6.4619949,0.0,0.0,75.44,26.8,10.12
6054,1514,113.43,26.769003,3.2309975,25.97118,0.0,23.538005,23.538005,6.4619949,0.0,0.0,70.50999999999999,26.8,10.12
6055,1514,143.87,26.769003,3.2309975,48.232191,0.0,23.538005,23.538005,6.4619949,0.0,10.53,75.19,26.8,10.12
6056,1514,163.97,26.769003,3.2309975,70.493202,0.0,23.538005,23.538005,6.4619949,0.0,52.395,80.5,26.8,10.12
6057,1515,124.5,15.769554,14.230446,70.493202,0.0,1.5391085,1.5391085,28.460892,0.0,11.05,77.66749999999999,26.8,10.12
6058,1515,107.6,15.769554,14.230446,70.493202,0.0,1.5391085,1.5391085,28.460892,0.0,11.32,36.375,26.8,10.12
6059,1515,96.75,15.769554,14.230446,70.493202,0.0,1.5391085,1.5391085,28.460892,0.0,0.0,-35.49,26.8,10.12
6060,1515,86.29,15.769554,14.230446,70.493202,0.0,1.5391085,1.5391085,28.460892,0.0,10.51,44.57750000000001,26.8,10.12
6061,1516,82.91,15.0,15.0,68.935755,0.0,0.0,0.0,30.0,0.0,62.2625,73.305,26.8,10.12
6062,1516,73.61,15.0,15.0,67.378308,0.0,0.0,0.0,30.0,0.0,0.0,40.3225,26.8,10.12
6063,1516,75.99,15.0,15.0,65.820861,0.0,0.0,0.0,30.0,0.0,6.225,78.67,26.8,10.12
6064,1516,67.27,15.0,15.0,64.263415,0.0,0.0,0.0,30.0,0.0,53.47,-6.563333333333333,26.8,10.12
6065,1517,78.49,16.539108,13.460892,65.820861,0.0,3.078217,3.078217,26.921783,0.0,82.88,31.19,26.8,10.12
6066,1517,110.0,16.539108,13.460892,67.378308,0.0,3.078217,3.078217,26.921783,0.0,68.29,21.8925,26.8,10.12
6067,1517,115.18,16.539108,13.460892,68.935755,0.0,3.078217,3.078217,26.921783,0.0,0.0,28.235,26.8,10.12
6068,1517,112.0,16.539108,13.460892,70.493202,0.0,3.078217,3.078217,26.921783,0.0,0.0,-7.59,26.8,10.12
6069,1518,96.13,15.0,15.0,68.935755,0.0,0.0,0.0,30.0,0.0,44.87333333333333,-42.52,31.619999999999997,10.98
6070,1518,88.0,15.0,15.0,67.378308,0.0,0.0,0.0,30.0,0.0,106.74000000000001,-0.25,31.619999999999997,10.98
6071,1518,79.93,15.0,15.0,65.820861,0.0,0.0,0.0,30.0,0.0,110.92,-83.8075,31.619999999999997,10.98
6072,1518,69.0,15.0,15.0,64.263415,0.0,0.0,0.0,30.0,0.0,89.25,19.446666666666665,31.619999999999997,10.98
6073,1519,72.0,15.0,15.0,62.705968,0.0,0.0,0.0,30.0,0.0,88.99,-27.00500000000001,36.44,11.84
6074,1519,61.4,15.0,15.0,61.148521,0.0,0.0,0.0,30.0,0.0,87.67,-378.53999999999996,36.44,11.84
6075,1519,67.64,15.0,15.0,59.591074,0.0,0.0,0.0,30.0,0.0,0.0,-42.15000000000001,36.44,11.84
6076,1519,65.33,15.0,15.0,58.033627,0.0,0.0,0.0,30.0,0.0,0.0,37.7525,36.44,11.84
6077,1520,77.35,17.308663,12.691337,61.148521,0.0,4.6173255,4.6173255,25.382675,0.0,97.1,26.439999999999998,36.44,11.84
6078,1520,98.42,17.308663,12.691337,64.263415,0.0,4.6173255,4.6173255,25.382675,0.0,120.35,-3.876666666666665,36.44,11.84
6079,1520,125.44,17.308663,12.691337,67.378308,0.0,4.6173255,4.6173255,25.382675,0.0,70.1925,-32.432500000000005,36.44,11.84
6080,1520,110.43,17.308663,12.691337,70.493202,0.0,4.6173255,4.6173255,25.382675,0.0,92.78,20.2725,36.44,11.84
6081,1521,76.01,15.0,15.0,68.935755,0.0,0.0,0.0,30.0,0.0,38.21,-41.25,36.44,11.84
6082,1521,40.37,15.0,15.0,67.378308,0.0,0.0,0.0,30.0,0.0,0.0,-53.75,36.44,11.84
6083,1521,7.86,15.0,15.0,65.820861,30.0,30.0,0.0,30.0,0.0,945.8700000000001,-93.9875,36.44,11.84
6084,1521,-0.63,15.0,15.0,64.263415,30.0,30.0,0.0,30.0,0.0,30.1575,-30.0,36.44,11.84
6085,1522,0.16,9.9568898,20.04311,52.499571,30.0,19.91378,-10.08622,19.91378,0.0,35.1875,-13.94,36.44,11.84
6086,1522,-1.06,9.9568898,20.04311,40.735728,30.0,19.91378,-10.08622,19.91378,0.0,95.10666666666667,-28.002499999999998,36.44,11.84
6087,1522,-1.83,9.9568898,20.04311,28.971884,30.0,19.91378,-10.08622,19.91378,0.0,90.27333333333333,-41.25,36.44,11.84
6088,1522,0.0,9.9568898,20.04311,17.208041,10.08622,0.0,-10.08622,19.91378,0.0,96.5775,-43.0,36.44,11.84
6089,1523,23.26,9.1000841,20.899916,3.7101685,30.0,18.200168,-11.799831999999999,18.200168,0.0,34.0475,-21.565,36.44,11.84
6090,1523,80.74,20.899916,9.1000841,14.093147,0.0,11.799832,11.799832,18.200168,0.0,59.86000000000001,-0.3224999999999998,36.44,11.84
6091,1523,99.9,20.899916,9.1000841,24.476126,0.0,11.799832,11.799832,18.200168,0.0,9.219999999999999,-31.19,36.44,11.84
6092,1523,119.6,20.899916,9.1000841,34.859105,0.0,11.799832,11.799832,18.200168,0.0,46.595,23.83,36.44,11.84
6093,1524,126.3,15.0,15.0,33.301658,0.0,0.0,0.0,30.0,0.0,59.864999999999995,30.0,36.92,11.62
6094,1524,94.0,15.0,15.0,31.744211,0.0,0.0,0.0,30.0,0.0,6.0649999999999995,-44.0,36.92,11.62
6095,1524,74.9,15.0,15.0,30.186764,0.0,0.0,0.0,30.0,0.0,42.3125,-34.15,36.92,11.62
6096,1524,50.0,15.0,15.0,28.629317,0.0,0.0,0.0,30.0,0.0,925.0525,0.0,36.92,11.62
6097,1525,40.0,15.0,15.0,27.071871,0.0,0.0,0.0,30.0,0.0,1218.9325000000001,0.0,37.4,11.4
6098,1525,39.84,15.0,15.0,25.514424,0.0,0.0,0.0,30.0,0.0,922.2750000000001,-25.38,37.4,11.4
6099,1525,33.96,15.0,15.0,23.956977,0.0,0.0,0.0,30.0,0.0,33.205,-41.2175,37.4,11.4
6100,1525,40.0,15.0,15.0,22.39953,0.0,0.0,0.0,30.0,0.0,0.0,-29.225,37.4,11.4
6101,1526,48.48,15.0,15.0,20.842083,30.0,30.0,0.0,30.0,0.0,0.0,-58.254999999999995,37.4,11.4
6102,1526,100.5,15.0,15.0,19.284637,0.0,0.0,0.0,30.0,0.0,60.88333333333334,32.667500000000004,37.4,11.4
6103,1526,103.5,15.0,15.0,17.72719,30.0,30.0,0.0,30.0,0.0,95.85,-45.169999999999995,37.4,11.4
6104,1526,110.1,15.0,15.0,16.169743,0.0,0.0,0.0,30.0,0.0,93.93,18.060000000000002,37.4,11.4
6105,1527,97.45,15.0,15.0,14.612296,0.0,0.0,0.0,30.0,0.0,11.24,-9.70750000000001,37.4,11.4
6106,1527,76.58,15.0,15.0,13.054849,0.0,0.0,0.0,30.0,0.0,174.52249999999998,-67.635,37.4,11.4
6107,1527,43.68,15.0,15.0,11.497403,0.0,0.0,0.0,30.0,0.0,26.6625,-55.67,37.4,11.4
6108,1527,31.91,15.0,15.0,9.9399558,0.0,0.0,0.0,30.0,0.0,56.3225,-169.86,37.4,11.4
6109,1528,20.0,15.0,15.0,8.3825089,0.0,0.0,0.0,30.0,0.0,941.6075000000001,-181.9066666666667,37.4,11.4
6110,1528,2.02,15.0,15.0,6.8250621,30.0,30.0,0.0,30.0,0.0,143.745,-251.0075,37.4,11.4
6111,1528,55.1,15.0,15.0,5.2676153,0.0,0.0,0.0,30.0,0.0,1381.4450000000002,-298.84,37.4,11.4
6112,1528,69.91,15.0,15.0,3.7101685,0.0,0.0,0.0,30.0,0.0,12.2225,-28.0,37.4,11.4
6113,1529,98.79,18.206476,11.793524,8.6420834,0.0,6.4129521,6.4129521,23.587048,0.0,64.36666666666667,-30.3,37.4,11.4
6114,1529,113.89,18.206476,11.793524,13.573998,0.0,6.4129521,6.4129521,23.587048,0.0,0.0,15.542500000000004,37.4,11.4
6115,1529,141.18,18.206476,11.793524,18.505913,0.0,6.4129521,6.4129521,23.587048,0.0,0.0,82.29333333333334,37.4,11.4
6116,1529,136.31,18.206476,11.793524,23.437828,0.0,6.4129521,6.4129521,23.587048,0.0,0.0,1.7549999999999955,37.4,11.4
6117,1530,114.0,15.0,15.0,21.880381,0.0,0.0,0.0,30.0,0.0,0.0,24.73,32.239999999999995,10.08
6118,1530,102.56,15.0,15.0,20.322934,0.0,0.0,0.0,30.0,0.0,0.0,56.92,32.239999999999995,10.08
6119,1530,101.08,15.0,15.0,18.765488,0.0,0.0,0.0,30.0,0.0,0.0,58.755,32.239999999999995,10.08
6120,1530,87.68,15.0,15.0,17.208041,0.0,0.0,0.0,30.0,0.0,0.0,-33.302499999999995,32.239999999999995,10.08
6121,1531,81.87,15.0,15.0,15.650594,0.0,0.0,0.0,30.0,0.0,0.0,27.065000000000005,27.08,8.76
6122,1531,82.84,15.0,15.0,14.093147,0.0,0.0,0.0,30.0,0.0,0.0,71.7825,27.08,8.76
6123,1531,80.76,15.0,15.0,12.5357,0.0,0.0,0.0,30.0,0.0,0.0,-217.615,27.08,8.76
6124,1531,80.51,15.0,15.0,10.978254,0.0,0.0,0.0,30.0,0.0,0.0,-1.1525000000000034,27.08,8.76
6125,1532,84.6,12.178301,17.821699,3.7101685,5.6433978,0.0,-5.6433978,24.356602,0.0,91.97,73.94,27.08,8.76
6126,1532,105.51,17.821699,12.178301,7.86336,0.0,5.6433978,5.6433978,24.356602,0.0,55.09,75.91,27.08,8.76
6127,1532,133.55,17.821699,12.178301,12.016551,0.0,5.6433978,5.6433978,24.356602,0.0,78.19,69.78999999999999,27.08,8.76
6128,1532,134.88,17.821699,12.178301,16.169743,0.0,5.6433978,5.6433978,24.356602,0.0,0.0,35.56,27.08,8.76
6129,1533,103.43,15.0,15.0,14.612296,0.0,0.0,0.0,30.0,0.0,0.0,8.764999999999993,27.08,8.76
6130,1533,85.03,15.0,15.0,13.054849,0.0,0.0,0.0,30.0,0.0,0.0,-295.9275,27.08,8.76
6131,1533,77.99,15.0,15.0,11.497403,0.0,0.0,0.0,30.0,0.0,0.0,-306.1825,27.08,8.76
6132,1533,77.14,15.0,15.0,9.9399558,0.0,0.0,0.0,30.0,0.0,55.0975,83.2,27.08,8.76
6133,1534,75.8,15.0,15.0,8.3825089,30.0,30.0,0.0,30.0,0.0,43.295,-74.0,27.08,8.76
6134,1534,76.0,15.0,15.0,6.8250621,0.0,0.0,0.0,30.0,0.0,90.435,-82.815,27.08,8.76
6135,1534,77.04,15.0,15.0,5.2676153,0.0,0.0,0.0,30.0,0.0,0.0,-101.465,27.08,8.76
6136,1534,89.75,15.0,15.0,3.7101685,0.0,0.0,0.0,30.0,0.0,0.0,41.697500000000005,27.08,8.76
6137,1535,100.0,15.769554,14.230446,3.7101685,0.0,1.5391085,1.5391085,0.0,0.0,0.0,26.944999999999993,27.08,8.76
6138,1535,112.1,20.307008,9.6929924,12.893202,0.0,10.614015,10.614015,0.0,0.0,0.0,18.370000000000005,27.08,8.76
6139,1535,196.0,30.0,0.0,41.693202,0.0,30.0,30.0,0.0,0.0,96.08,59.98,27.08,8.76
6140,1535,196.16,30.0,0.0,70.493202,0.0,30.0,30.0,0.0,0.0,211.8725,0.0,27.08,8.76
6141,1536,117.08,15.0,15.0,68.935755,0.0,0.0,0.0,30.0,0.0,90.935,25.490000000000002,27.54,9.34
6142,1536,99.08,15.0,15.0,67.378308,0.0,0.0,0.0,30.0,0.0,64.3875,-78.67,27.54,9.34
6143,1536,91.78,15.0,15.0,65.820861,0.0,0.0,0.0,30.0,0.0,94.73,73.66666666666667,27.54,9.34
6144,1536,99.73,15.0,15.0,64.263415,0.0,0.0,0.0,30.0,0.0,0.0,78.38,27.54,9.34
6145,1537,90.52,15.0,15.0,62.705968,0.0,0.0,0.0,30.0,0.0,58.595,46.815,28.0,9.92
6146,1537,84.97,15.0,15.0,61.148521,0.0,0.0,0.0,30.0,0.0,52.5325,70.11,28.0,9.92
6147,1537,82.37,15.0,15.0,59.591074,0.0,0.0,0.0,30.0,0.0,35.760000000000005,0.0,28.0,9.92
6148,1537,79.78,15.0,15.0,58.033627,0.0,0.0,0.0,30.0,0.0,65.45333333333333,0.0,28.0,9.92
6149,1538,85.98,17.308663,12.691337,61.148521,0.0,4.6173255,4.6173255,25.382675,0.0,37.43333333333334,0.0,28.0,9.92
6150,1538,99.1,17.308663,12.691337,64.263415,0.0,4.6173255,4.6173255,25.382675,0.0,37.0725,0.0,28.0,9.92
6151,1538,119.55,17.308663,12.691337,67.378308,0.0,4.6173255,4.6173255,25.382675,0.0,91.13499999999999,77.895,28.0,9.92
6152,1538,131.6,17.308663,12.691337,70.493202,0.0,4.6173255,4.6173255,25.382675,0.0,10.87,3.3299999999999983,28.0,9.92
6153,1539,90.4,15.0,15.0,68.935755,0.0,0.0,0.0,30.0,0.0,0.0,1.5,28.0,9.92
6154,1539,99.18,15.0,15.0,67.378308,30.0,30.0,0.0,30.0,0.0,87.05,-78.6875,28.0,9.92
6155,1539,91.15,15.0,15.0,65.820861,0.0,0.0,0.0,30.0,0.0,67.0625,-74.0,28.0,9.92
6156,1539,45.0,15.0,15.0,64.263415,0.0,0.0,0.0,30.0,0.0,29.752500000000005,0.0,28.0,9.92
6157,1540,48.0,9.0590765,20.940923,50.68255,11.881847,0.0,-11.881847,18.118153,0.0,11.879999999999999,-41.5,28.0,9.92
6158,1540,10.0,9.0590765,20.940923,37.101685,11.881847,0.0,-11.881847,18.118153,0.0,0.0,-15.36,28.0,9.92
6159,1540,49.91,9.0590765,20.940923,23.52082,11.881847,0.0,-11.881847,18.118153,0.0,12.53,-96.42,28.0,9.92
6160,1540,66.71,9.0590765,20.940923,9.9399558,11.881847,0.0,-11.881847,18.118153,0.0,12.53,-16.0375,28.0,9.92
6161,1541,72.98,15.0,15.0,8.3825089,0.0,0.0,0.0,30.0,0.0,89.24,3.3725000000000023,28.0,9.92
6162,1541,95.83,15.0,15.0,6.8250621,30.0,30.0,0.0,30.0,0.0,0.0,24.055,28.0,9.92
6163,1541,100.1,15.0,15.0,5.2676153,0.0,0.0,0.0,30.0,0.0,70.57666666666667,80.7,28.0,9.92
6164,1541,109.9,15.0,15.0,3.7101685,30.0,30.0,0.0,30.0,0.0,74.94,78.41,28.0,9.92
6165,1542,103.4,24.01914,5.9808595,20.405927,0.0,18.038281,18.038281,11.961719,0.0,10.87,75.53,27.96,12.479999999999999
6166,1542,89.99,24.01914,5.9808595,37.101685,0.0,18.038281,18.038281,11.961719,0.0,50.425000000000004,71.0325,27.96,12.479999999999999
6167,1542,95.32,24.01914,5.9808595,53.797444,0.0,18.038281,18.038281,11.961719,0.0,10.89,60.3125,27.96,12.479999999999999
6168,1542,119.7,24.01914,5.9808595,70.493202,0.0,18.038281,18.038281,11.961719,0.0,0.0,57.650000000000006,27.96,12.479999999999999
6169,1543,107.6,15.769554,14.230446,70.493202,0.0,1.5391085,1.5391085,28.460892,0.0,31.9,0.0,27.92,15.04
6170,1543,100.2,15.769554,14.230446,70.493202,0.0,1.5391085,1.5391085,28.460892,0.0,77.3375,0.0,27.92,15.04
6171,1543,92.8,15.769554,14.230446,70.493202,0.0,1.5391085,1.5391085,28.460892,0.0,9.01,57.053333333333335,27.92,15.04
6172,1543,81.0,15.769554,14.230446,70.493202,0.0,1.5391085,1.5391085,28.460892,0.0,0.0,71.145,27.92,15.04
6173,1544,73.11,15.769554,14.230446,70.493202,0.0,1.5391085,1.5391085,28.460892,0.0,9.023333333333333,75.46,27.92,15.04
6174,1544,83.1,15.769554,14.230446,70.493202,0.0,1.5391085,1.5391085,28.460892,0.0,104.5325,74.71,27.92,15.04
6175,1544,112.9,15.769554,14.230446,70.493202,0.0,1.5391085,1.5391085,28.460892,0.0,156.33499999999998,65.9,27.92,15.04
6176,1544,111.0,15.769554,14.230446,70.493202,28.460892,30.0,1.5391079999999988,28.460892,0.0,78.19,38.64,27.92,15.04
6177,1545,105.0,15.769554,14.230446,70.493202,0.0,1.5391085,1.5391085,28.460892,0.0,0.0,-44.5,27.92,15.04
6178,1545,49.9,15.769554,14.230446,70.493202,0.0,1.5391085,1.5391085,28.460892,0.0,0.0,-543.5,27.92,15.04
6179,1545,8.15,14.230446,15.769554,67.378308,1.5391085,0.0,-1.5391085,28.460892,0.0,0.0,-21.77,27.92,15.04
6180,1545,1.11,14.230446,15.769554,64.263415,30.0,28.460892,-1.5391079999999988,28.460892,0.0,0.0,46.3525,27.92,15.04
6181,1546,0.25,8.2895223,21.710478,49.125103,13.420955,0.0,-13.420955,16.579045,0.0,0.3,-55.5125,27.92,15.04
6182,1546,-0.14,8.2895223,21.710478,33.986792,30.0,16.579045,-13.420955,16.579045,0.0,93.19,-90.2475,27.92,15.04
6183,1546,0.54,8.2895223,21.710478,18.84848,30.0,16.579045,-13.420955,16.579045,0.0,78.19,-292.27750000000003,27.92,15.04
6184,1546,10.33,8.2895223,21.710478,3.7101685,13.420955,0.0,-13.420955,16.579045,0.0,0.0,-97.76750000000001,27.92,15.04
6185,1547,65.09,15.769554,14.230446,3.7101685,0.0,1.5391085,1.5391085,6.4619949,0.0,51.154999999999994,-319.285,27.92,15.04
6186,1547,100.86,26.769003,3.2309975,25.97118,6.4619949,30.0,23.5380051,6.4619949,0.0,51.025,83.755,27.92,15.04
6187,1547,126.58,26.769003,3.2309975,48.232191,6.4619949,30.0,23.5380051,6.4619949,0.0,77.495,0.0,27.92,15.04
6188,1547,121.71,26.769003,3.2309975,70.493202,0.0,23.538005,23.538005,6.4619949,0.0,65.01333333333334,77.955,27.92,15.04
6189,1548,109.9,15.769554,14.230446,70.493202,0.0,1.5391085,1.5391085,28.460892,0.0,0.0,59.3225,27.840000000000003,16.22
6190,1548,93.75,15.769554,14.230446,70.493202,0.0,1.5391085,1.5391085,28.460892,0.0,0.0,57.7475,27.840000000000003,16.22
6191,1548,89.9,15.769554,14.230446,70.493202,0.0,1.5391085,1.5391085,28.460892,0.0,86.82,49.055,27.840000000000003,16.22
6192,1548,81.77,15.769554,14.230446,70.493202,0.0,1.5391085,1.5391085,28.460892,0.0,53.29,-147.04499999999996,27.840000000000003,16.22
6193,1549,79.9,15.0,15.0,68.935755,0.0,0.0,0.0,30.0,0.0,0.0,21.2525,27.76,17.4
6194,1549,73.28,15.0,15.0,67.378308,0.0,0.0,0.0,30.0,0.0,0.0,61.94,27.76,17.4
6195,1549,75.76,15.0,15.0,65.820861,0.0,0.0,0.0,30.0,0.0,82.315,77.92,27.76,17.4
6196,1549,71.32,15.0,15.0,64.263415,0.0,0.0,0.0,30.0,0.0,0.0,0.0,27.76,17.4
6197,1550,72.6,16.539108,13.460892,65.820861,0.0,3.078217,3.078217,26.921783,0.0,0.0,66.78,27.76,17.4
6198,1550,75.94,16.539108,13.460892,67.378308,0.0,3.078217,3.078217,26.921783,0.0,50.15,76.06,27.76,17.4
6199,1550,99.9,16.539108,13.460892,68.935755,0.0,3.078217,3.078217,26.921783,0.0,88.19,75.69,27.76,17.4
6200,1550,106.0,16.539108,13.460892,70.493202,0.0,3.078217,3.078217,26.921783,0.0,14.76,33.10333333333334,27.76,17.4
6201,1551,54.07,15.0,15.0,68.935755,0.0,0.0,0.0,30.0,0.0,10.78,-46.245000000000005,27.76,17.4
6202,1551,10.92,15.0,15.0,67.378308,30.0,30.0,0.0,30.0,0.0,0.0,-54.0,27.76,17.4
6203,1551,0.07,15.0,15.0,65.820861,0.0,0.0,0.0,30.0,0.0,0.0,-17.53,27.76,17.4
6204,1551,0.0,15.0,15.0,64.263415,0.0,0.0,0.0,30.0,0.0,1.21,25.96,27.76,17.4
6205,1552,-0.01,8.2895223,21.710478,49.125103,13.420955,0.0,-13.420955,16.579045,0.0,84.54,77.92,27.76,17.4
6206,1552,-0.4,8.2895223,21.710478,33.986792,13.420955,0.0,-13.420955,16.579045,0.0,0.0,11.46,27.76,17.4
6207,1552,-0.2,8.2895223,21.710478,18.84848,30.0,16.579045,-13.420955,16.579045,0.0,91.69,-26.76333333333333,27.76,17.4
6208,1552,19.25,8.2895223,21.710478,3.7101685,13.420955,0.0,-13.420955,16.579045,0.0,34.94,77.92,27.76,17.4
6209,1553,82.25,15.769554,14.230446,3.7101685,0.0,1.5391085,1.5391085,15.997564,0.0,85.69,27.795,27.76,17.4
6210,1553,109.2,22.001218,7.9987822,16.321995,0.0,14.002436,14.002436,15.997564,0.0,7.5975,-14.7,27.76,17.4
6211,1553,130.5,22.001218,7.9987822,28.933821,0.0,14.002436,14.002436,15.997564,0.0,46.040000000000006,0.0,27.76,17.4
6212,1553,126.78,22.001218,7.9987822,41.545648,0.0,14.002436,14.002436,15.997564,0.0,10.423333333333334,69.95,27.76,17.4
6213,1554,110.79,15.0,15.0,39.988201,0.0,0.0,0.0,30.0,0.0,39.4,73.23333333333333,27.1,14.3
6214,1554,104.21,15.0,15.0,38.430754,0.0,0.0,0.0,30.0,0.0,7.7,63.97,27.1,14.3
6215,1554,92.6,15.0,15.0,36.873307,0.0,0.0,0.0,30.0,0.0,38.46333333333334,63.185,27.1,14.3
6216,1554,92.99,15.0,15.0,35.31586,0.0,0.0,0.0,30.0,0.0,75.69,27.5,27.1,14.3
6217,1555,81.59,15.0,15.0,33.758414,0.0,0.0,0.0,30.0,0.0,8.86,81.3,26.44,11.2
6218,1555,78.48,15.0,15.0,32.200967,0.0,0.0,0.0,30.0,0.0,75.18,88.9,26.44,11.2
6219,1555,82.42,15.0,15.0,30.64352,0.0,0.0,0.0,30.0,0.0,0.0,81.48,26.44,11.2
6220,1555,79.3,15.0,15.0,29.086073,30.0,30.0,0.0,30.0,0.0,44.727500000000006,93.9,26.44,11.2
6221,1556,80.1,3.2309975,26.769003,3.7101685,23.538005,0.0,-23.538005,6.4619949,0.0,82.27250000000001,0.0,26.44,11.2
6222,1556,108.0,26.769003,3.2309975,25.97118,0.0,23.538005,23.538005,6.4619949,0.0,170.71333333333334,74.69,26.44,11.2
6223,1556,128.14,26.769003,3.2309975,48.232191,0.0,23.538005,23.538005,6.4619949,0.0,93.45750000000001,0.0,26.44,11.2
6224,1556,146.06,26.769003,3.2309975,70.493202,0.0,23.538005,23.538005,6.4619949,0.0,8.62,78.22666666666667,26.44,11.2
6225,1557,126.4,15.0,15.0,68.935755,0.0,0.0,0.0,30.0,0.0,13.98,62.63666666666667,26.44,11.2
6226,1557,104.6,15.0,15.0,67.378308,0.0,0.0,0.0,30.0,0.0,15.49,61.97,26.44,11.2
6227,1557,95.25,15.0,15.0,65.820861,0.0,0.0,0.0,30.0,0.0,77.9375,70.775,26.44,11.2
6228,1557,84.42,15.0,15.0,64.263415,0.0,0.0,0.0,30.0,0.0,33.269999999999996,66.33,26.44,11.2
6229,1558,74.33,15.0,15.0,62.705968,0.0,0.0,0.0,30.0,0.0,54.23,49.69,26.44,11.2
6230,1558,64.68,15.0,15.0,61.148521,0.0,0.0,0.0,30.0,0.0,0.0,22.68,26.44,11.2
6231,1558,59.54,15.0,15.0,59.591074,0.0,0.0,0.0,30.0,0.0,84.23666666666666,69.805,26.44,11.2
6232,1558,60.25,15.0,15.0,58.033627,0.0,0.0,0.0,30.0,0.0,45.11,0.0,26.44,11.2
6233,1559,79.17,15.0,15.0,56.476181,0.0,0.0,0.0,30.0,0.0,77.96,0.0,26.44,11.2
6234,1559,101.66,15.0,15.0,54.918734,0.0,0.0,0.0,30.0,0.0,0.0,64.37,26.44,11.2
6235,1559,108.8,15.0,15.0,53.361287,0.0,0.0,0.0,30.0,0.0,35.165,-30.0,26.44,11.2
6236,1559,109.01,15.0,15.0,51.80384,0.0,0.0,0.0,30.0,0.0,10.002500000000001,0.0,26.44,11.2
6237,1560,90.1,15.0,15.0,50.246393,0.0,0.0,0.0,30.0,0.0,60.88333333333334,60.83,27.020000000000003,10.72
6238,1560,78.81,15.0,15.0,48.688947,0.0,0.0,0.0,30.0,0.0,97.57666666666667,60.495,27.020000000000003,10.72
6239,1560,75.0,15.0,15.0,47.1315,0.0,0.0,0.0,30.0,0.0,76.94,26.910000000000004,27.020000000000003,10.72
6240,1560,85.54,15.0,15.0,45.574053,0.0,0.0,0.0,30.0,0.0,8.129999999999999,44.0,27.020000000000003,10.72
6241,1561,82.3,15.0,15.0,44.016606,0.0,0.0,0.0,30.0,0.0,0.0,49.457499999999996,27.6,10.24
6242,1561,78.7,15.0,15.0,42.459159,0.0,0.0,0.0,30.0,0.0,0.0,44.0,27.6,10.24
6243,1561,77.2,15.0,15.0,40.901712,0.0,0.0,0.0,30.0,0.0,44.53,0.0,27.6,10.24
6244,1561,73.0,15.0,15.0,39.344266,0.0,0.0,0.0,30.0,0.0,77.51,82.97,27.6,10.24
6245,1562,76.93,5.765349,24.234651,19.097457,30.0,11.530698,-18.469302,11.530698,0.0,48.205,93.10666666666667,27.6,10.24
6246,1562,94.89,24.234651,5.765349,36.229372,0.0,18.469302,18.469302,11.530698,0.0,69.725,0.0,27.6,10.24
6247,1562,127.44,24.234651,5.765349,53.361287,0.0,18.469302,18.469302,11.530698,0.0,71.4075,0.0,27.6,10.24
6248,1562,129.19,24.234651,5.765349,70.493202,0.0,18.469302,18.469302,11.530698,0.0,82.19,63.620000000000005,27.6,10.24
6249,1563,98.19,15.0,15.0,68.935755,0.0,0.0,0.0,30.0,0.0,0.0,59.37,27.6,10.24
6250,1563,79.9,15.0,15.0,67.378308,0.0,0.0,0.0,30.0,0.0,54.34,-30.0,27.6,10.24
6251,1563,67.46,15.0,15.0,65.820861,0.0,0.0,0.0,30.0,0.0,67.8775,75.75,27.6,10.24
6252,1563,48.67,15.0,15.0,64.263415,0.0,0.0,0.0,30.0,0.0,0.0,-34.485,27.6,10.24
6253,1564,28.0,5.7961783,24.203822,44.078999,18.407643,0.0,-18.407643,11.592357,0.0,0.0,-18.939999999999998,27.6,10.24
6254,1564,7.45,5.7961783,24.203822,23.894584,18.407643,0.0,-18.407643,11.592357,0.0,0.0,-2.2049999999999983,27.6,10.24
6255,1564,28.6,5.7961783,24.203822,3.7101685,18.407643,0.0,-18.407643,11.592357,0.0,0.0,-13.765,27.6,10.24
6256,1564,59.98,15.769554,14.230446,3.7101685,0.0,1.5391085,1.5391085,11.592357,0.0,0.0,-10.700000000000003,27.6,10.24
6257,1565,78.86,17.308663,12.691337,6.8250621,0.0,4.6173255,4.6173255,25.382675,0.0,22.5625,-12.07,27.6,10.24
6258,1565,111.4,17.308663,12.691337,9.9399558,0.0,4.6173255,4.6173255,25.382675,0.0,26.720000000000002,103.305,27.6,10.24
6259,1565,130.56,17.308663,12.691337,13.054849,0.0,4.6173255,4.6173255,25.382675,0.0,107.38,0.0,27.6,10.24
6260,1565,109.9,17.308663,12.691337,16.169743,0.0,4.6173255,4.6173255,25.382675,0.0,47.349999999999994,60.42,27.6,10.24
6261,1566,94.9,15.0,15.0,14.612296,0.0,0.0,0.0,30.0,0.0,0.0,68.685,28.400000000000002,10.0
6262,1566,87.19,15.0,15.0,13.054849,0.0,0.0,0.0,30.0,0.0,0.0,61.545,28.400000000000002,10.0
6263,1566,82.63,15.0,15.0,11.497403,0.0,0.0,0.0,30.0,0.0,29.676666666666655,68.52,28.400000000000002,10.0
6264,1566,78.05,15.0,15.0,9.9399558,0.0,0.0,0.0,30.0,0.0,94.06,0.0,28.400000000000002,10.0
6265,1567,77.32,15.0,15.0,8.3825089,0.0,0.0,0.0,30.0,0.0,93.94,0.0,29.2,9.76
6266,1567,78.05,15.0,15.0,6.8250621,0.0,0.0,0.0,30.0,0.0,58.61,63.65666666666667,29.2,9.76
6267,1567,77.01,15.0,15.0,5.2676153,0.0,0.0,0.0,30.0,0.0,74.86333333333333,91.43,29.2,9.76
6268,1567,74.65,15.0,15.0,3.7101685,0.0,0.0,0.0,30.0,0.0,0.0,80.65,29.2,9.76
6269,1568,83.22,24.01914,5.9808595,20.405927,0.0,18.038281,18.038281,11.961719,0.0,38.13666666666666,105.7,29.2,9.76
6270,1568,99.9,24.01914,5.9808595,37.101685,0.0,18.038281,18.038281,11.961719,0.0,29.814999999999998,0.0,29.2,9.76
6271,1568,138.92,24.01914,5.9808595,53.797444,0.0,18.038281,18.038281,11.961719,0.0,121.87,0.0,29.2,9.76
6272,1568,131.78,24.01914,5.9808595,70.493202,0.0,18.038281,18.038281,11.961719,0.0,18.5,0.0,29.2,9.76
6273,1569,98.55,15.769554,14.230446,70.493202,0.0,1.5391085,1.5391085,28.460892,0.0,130.01749999999998,0.0,29.2,9.76
6274,1569,77.79,15.769554,14.230446,70.493202,0.0,1.5391085,1.5391085,28.460892,0.0,91.185,46.98,29.2,9.76
6275,1569,47.82,15.769554,14.230446,70.493202,0.0,1.5391085,1.5391085,28.460892,0.0,450.29666666666674,-30.1125,29.2,9.76
6276,1569,5.49,14.230446,15.769554,67.378308,1.5391085,0.0,-1.5391085,28.460892,0.0,18.5,-76.4825,29.2,9.76
6277,1570,0.0,7.9047451,22.095255,51.461273,14.19051,0.0,-14.19051,15.80949,0.0,0.0,-68.9,29.2,9.76
6278,1570,-0.07,7.9047451,22.095255,35.544238,30.0,15.80949,-14.19051,15.80949,0.0,0.0,-24.5175,29.2,9.76
6279,1570,0.69,7.9047451,22.095255,19.627203,30.0,15.80949,-14.19051,15.80949,0.0,58.37,32.602500000000006,29.2,9.76
6280,1570,34.87,7.9047451,22.095255,3.7101685,14.19051,0.0,-14.19051,15.80949,0.0,80.9325,-30.0,29.2,9.76
6281,1571,79.12,17.308663,12.691337,6.8250621,0.0,4.6173255,4.6173255,25.382675,0.0,31.485,106.65,29.2,9.76
6282,1571,109.67,17.308663,12.691337,9.9399558,0.0,4.6173255,4.6173255,25.382675,0.0,87.91,66.10333333333334,29.2,9.76
6283,1571,129.92,17.308663,12.691337,13.054849,0.0,4.6173255,4.6173255,25.382675,0.0,68.19,60.6375,29.2,9.76
6284,1571,108.24,17.308663,12.691337,16.169743,0.0,4.6173255,4.6173255,25.382675,0.0,0.0,59.574999999999996,29.2,9.76
6285,1572,88.72,15.0,15.0,14.612296,0.0,0.0,0.0,30.0,0.0,0.0,54.775,29.439999999999998,9.44
6286,1572,82.53,15.0,15.0,13.054849,0.0,0.0,0.0,30.0,0.0,0.0,47.495000000000005,29.439999999999998,9.44
6287,1572,73.79,15.0,15.0,11.497403,0.0,0.0,0.0,30.0,0.0,0.0,-7.647500000000001,29.439999999999998,9.44
6288,1572,75.85,15.0,15.0,9.9399558,0.0,0.0,0.0,30.0,0.0,43.83,11.55,29.439999999999998,9.44
6289,1573,76.09,15.0,15.0,8.3825089,0.0,0.0,0.0,30.0,0.0,48.9975,0.0,29.68,9.12
6290,1573,86.07,15.0,15.0,6.8250621,0.0,0.0,0.0,30.0,0.0,84.17,0.0,29.68,9.12
6291,1573,88.74,15.0,15.0,5.2676153,0.0,0.0,0.0,30.0,0.0,52.045,59.82666666666666,29.68,9.12
6292,1573,81.0,15.0,15.0,3.7101685,0.0,0.0,0.0,30.0,0.0,25.745,33.94,29.68,9.12
6293,1574,88.25,24.01914,5.9808595,20.405927,0.0,18.038281,18.038281,11.961719,0.0,48.745,77.04,29.68,9.12
6294,1574,111.55,24.01914,5.9808595,37.101685,0.0,18.038281,18.038281,11.961719,0.0,40.095,69.18,29.68,9.12
6295,1574,141.62,24.01914,5.9808595,53.797444,0.0,18.038281,18.038281,11.961719,0.0,108.065,0.0,29.68,9.12
6296,1574,123.7,24.01914,5.9808595,70.493202,0.0,18.038281,18.038281,11.961719,0.0,113.065,64.58,29.68,9.12
6297,1575,97.28,15.0,15.0,68.935755,0.0,0.0,0.0,30.0,0.0,73.1525,77.14,29.68,9.12
6298,1575,74.81,15.0,15.0,67.378308,0.0,0.0,0.0,30.0,0.0,72.565,26.36,29.68,9.12
6299,1575,45.76,15.0,15.0,65.820861,0.0,0.0,0.0,30.0,0.0,684.8566666666668,-4.795000000000005,29.68,9.12
6300,1575,4.97,15.0,15.0,64.263415,30.0,30.0,0.0,30.0,0.0,61.295,-37.845,29.68,9.12
6301,1576,-0.07,5.7961783,24.203822,44.078999,30.0,11.592357,-18.407643,11.592357,0.0,0.0,-49.25,29.68,9.12
6302,1576,-0.09,5.7961783,24.203822,23.894584,30.0,11.592357,-18.407643,11.592357,0.0,0.0,-27.8,29.68,9.12
6303,1576,9.0,5.7961783,24.203822,3.7101685,18.407643,0.0,-18.407643,11.592357,0.0,55.406666666666666,-38.345,29.68,9.12
6304,1576,51.21,15.769554,14.230446,3.7101685,0.0,1.5391085,1.5391085,11.592357,0.0,3.4124999999999996,-15.69,29.68,9.12
6305,1577,90.83,24.01914,5.9808595,20.405927,0.0,18.038281,18.038281,11.961719,0.0,37.06666666666666,76.63,29.68,9.12
6306,1577,114.01,24.01914,5.9808595,37.101685,0.0,18.038281,18.038281,11.961719,0.0,81.6925,76.63,29.68,9.12
6307,1577,133.94,24.01914,5.9808595,53.797444,0.0,18.038281,18.038281,11.961719,0.0,93.19,71.12333333333333,29.68,9.12
6308,1577,113.5,24.01914,5.9808595,70.493202,0.0,18.038281,18.038281,11.961719,0.0,10.12,58.224999999999994,29.68,9.12
6309,1578,91.06,15.0,15.0,68.935755,0.0,0.0,0.0,30.0,0.0,0.0,39.5575,28.8,9.16
6310,1578,88.97,15.0,15.0,67.378308,0.0,0.0,0.0,30.0,0.0,0.0,41.3625,28.8,9.16
6311,1578,78.87,15.0,15.0,65.820861,0.0,0.0,0.0,30.0,0.0,72.285,77.65,28.8,9.16
6312,1578,72.38,15.0,15.0,64.263415,0.0,0.0,0.0,30.0,0.0,58.045,43.94,28.8,9.16
6313,1579,74.04,15.0,15.0,62.705968,0.0,0.0,0.0,30.0,0.0,84.56,11.725000000000001,27.92,9.2
6314,1579,73.42,15.0,15.0,61.148521,0.0,0.0,0.0,30.0,0.0,0.0,30.47,27.92,9.2
6315,1579,69.97,15.0,15.0,59.591074,0.0,0.0,0.0,30.0,0.0,81.23,45.19,27.92,9.2
6316,1579,73.0,15.0,15.0,58.033627,0.0,0.0,0.0,30.0,0.0,78.14,45.695,27.92,9.2
6317,1580,79.27,17.308663,12.691337,61.148521,0.0,4.6173255,4.6173255,25.382675,0.0,9.45,28.5775,27.92,9.2
6318,1580,108.64,17.308663,12.691337,64.263415,0.0,4.6173255,4.6173255,25.382675,0.0,521.3875,39.43,27.92,9.2
6319,1580,141.45,17.308663,12.691337,67.378308,0.0,4.6173255,4.6173255,25.382675,0.0,6.0,21.70333333333332,27.92,9.2
6320,1580,108.7,17.308663,12.691337,70.493202,0.0,4.6173255,4.6173255,25.382675,0.0,52.970000000000006,41.58,27.92,9.2
6321,1581,88.92,15.769554,14.230446,70.493202,0.0,1.5391085,1.5391085,28.460892,0.0,52.675,-4.457500000000003,27.92,9.2
6322,1581,62.05,15.769554,14.230446,70.493202,0.0,1.5391085,1.5391085,28.460892,0.0,0.0,-30.729999999999997,27.92,9.2
6323,1581,24.69,14.230446,15.769554,67.378308,1.5391085,0.0,-1.5391085,28.460892,0.0,0.0,-64.3125,27.92,9.2
6324,1581,8.35,14.230446,15.769554,64.263415,1.5391085,0.0,-1.5391085,28.460892,0.0,0.0,-46.945,27.92,9.2
6325,1582,-0.04,5.7961783,24.203822,44.078999,18.407643,0.0,-18.407643,11.592357,0.0,0.0,-50.379999999999995,27.92,9.2
6326,1582,0.07,5.7961783,24.203822,23.894584,18.407643,0.0,-18.407643,11.592357,0.0,62.0975,-79.7975,27.92,9.2
6327,1582,8.5,5.7961783,24.203822,3.7101685,18.407643,0.0,-18.407643,11.592357,0.0,0.0,-61.1025,27.92,9.2
6328,1582,44.34,15.769554,14.230446,3.7101685,0.0,1.5391085,1.5391085,11.592357,0.0,8.852500000000001,-46.8775,27.92,9.2
6329,1583,85.12,24.01914,5.9808595,20.405927,0.0,18.038281,18.038281,11.961719,0.0,31.64,-63.5,27.92,9.2
6330,1583,107.28,24.01914,5.9808595,37.101685,0.0,18.038281,18.038281,11.961719,0.0,35.8,73.25,27.92,9.2
6331,1583,147.21,24.01914,5.9808595,53.797444,0.0,18.038281,18.038281,11.961719,0.0,60.96,0.0,27.92,9.2
6332,1583,109.65,24.01914,5.9808595,70.493202,0.0,18.038281,18.038281,11.961719,0.0,93.35,2.7549999999999955,27.92,9.2
6333,1584,91.07,15.0,15.0,68.935755,0.0,0.0,0.0,30.0,0.0,0.0,-8.212499999999999,26.36,10.26
6334,1584,87.8,15.0,15.0,67.378308,0.0,0.0,0.0,30.0,0.0,0.0,33.3225,26.36,10.26
6335,1584,87.08,15.0,15.0,65.820861,0.0,0.0,0.0,30.0,0.0,0.0,9.042500000000004,26.36,10.26
6336,1584,88.29,15.0,15.0,64.263415,0.0,0.0,0.0,30.0,0.0,7.97,30.126666666666665,26.36,10.26
6337,1585,85.3,15.0,15.0,62.705968,0.0,0.0,0.0,30.0,0.0,60.655,73.66,24.8,11.32
6338,1585,82.0,15.0,15.0,61.148521,0.0,0.0,0.0,30.0,0.0,42.515,0.0,24.8,11.32
6339,1585,82.19,15.0,15.0,59.591074,0.0,0.0,0.0,30.0,0.0,29.0875,0.0,24.8,11.32
6340,1585,86.38,15.0,15.0,58.033627,0.0,0.0,0.0,30.0,0.0,68.335,0.0,24.8,11.32
6341,1586,89.48,17.308663,12.691337,61.148521,0.0,4.6173255,4.6173255,25.382675,0.0,48.3325,0.0,24.8,11.32
6342,1586,98.07,17.308663,12.691337,64.263415,0.0,4.6173255,4.6173255,25.382675,0.0,77.06,0.0,24.8,11.32
6343,1586,102.28,17.308663,12.691337,67.378308,0.0,4.6173255,4.6173255,25.382675,0.0,63.73,73.42,24.8,11.32
6344,1586,85.94,17.308663,12.691337,70.493202,0.0,4.6173255,4.6173255,25.382675,0.0,0.0,54.1175,24.8,11.32
6345,1587,61.21,15.0,15.0,68.935755,0.0,0.0,0.0,30.0,0.0,78.82666666666665,33.94,24.8,11.32
6346,1587,22.0,15.0,15.0,67.378308,30.0,30.0,0.0,30.0,0.0,115.685,-31.666666666666668,24.8,11.32
6347,1587,3.15,15.0,15.0,65.820861,30.0,30.0,0.0,30.0,0.0,29.245,-67.0,24.8,11.32
6348,1587,0.0,15.0,15.0,64.263415,0.0,0.0,0.0,30.0,0.0,0.3,-53.333333333333336,24.8,11.32
6349,1588,-3.36,5.7961783,24.203822,44.078999,18.407643,0.0,-18.407643,11.592357,0.0,0.3,-56.0,24.8,11.32
6350,1588,-3.95,5.7961783,24.203822,23.894584,18.407643,0.0,-18.407643,11.592357,0.0,0.0,-53.75,24.8,11.32
6351,1588,1.09,5.7961783,24.203822,3.7101685,30.0,11.592357,-18.407643,11.592357,0.0,7.89,31.474999999999994,24.8,11.32
6352,1588,43.14,15.769554,14.230446,3.7101685,0.0,1.5391085,1.5391085,11.592357,0.0,7.04,-19.03,24.8,11.32
6353,1589,86.37,15.769554,14.230446,3.7101685,0.0,1.5391085,1.5391085,6.4619949,0.0,48.76,26.18333333333333,24.8,11.32
6354,1589,125.93,26.769003,3.2309975,25.97118,0.0,23.538005,23.538005,6.4619949,0.0,54.523333333333326,75.54333333333334,24.8,11.32
6355,1589,144.0,26.769003,3.2309975,48.232191,0.0,23.538005,23.538005,6.4619949,0.0,6.8966666666666665,83.83,24.8,11.32
6356,1589,113.0,26.769003,3.2309975,70.493202,0.0,23.538005,23.538005,6.4619949,0.0,20.75,65.27,24.8,11.32
6357,1590,95.06,15.769554,14.230446,70.493202,0.0,1.5391085,1.5391085,28.460892,0.0,0.0,53.705,23.82,12.34
6358,1590,93.6,15.769554,14.230446,70.493202,0.0,1.5391085,1.5391085,28.460892,0.0,0.0,32.525000000000006,23.82,12.34
6359,1590,86.72,15.769554,14.230446,70.493202,0.0,1.5391085,1.5391085,28.460892,0.0,57.2825,34.0,23.82,12.34
6360,1590,98.3,15.769554,14.230446,70.493202,0.0,1.5391085,1.5391085,28.460892,0.0,8.11,60.5025,23.82,12.34
6361,1591,90.05,15.0,15.0,68.935755,0.0,0.0,0.0,30.0,0.0,38.336666666666666,65.49,22.84,13.36
6362,1591,89.93,15.0,15.0,67.378308,0.0,0.0,0.0,30.0,0.0,32.525000000000006,0.0,22.84,13.36
6363,1591,89.56,15.0,15.0,65.820861,0.0,0.0,0.0,30.0,0.0,52.5125,0.0,22.84,13.36
6364,1591,90.75,15.0,15.0,64.263415,0.0,0.0,0.0,30.0,0.0,82.0325,0.0,22.84,13.36
6365,1592,91.05,16.539108,13.460892,65.820861,0.0,3.078217,3.078217,26.921783,0.0,106.46000000000001,0.0,22.84,13.36
6366,1592,95.64,16.539108,13.460892,67.378308,0.0,3.078217,3.078217,26.921783,0.0,19.8425,0.0,22.84,13.36
6367,1592,98.2,16.539108,13.460892,68.935755,0.0,3.078217,3.078217,26.921783,0.0,0.0,65.825,22.84,13.36
6368,1592,83.47,16.539108,13.460892,70.493202,0.0,3.078217,3.078217,26.921783,0.0,0.0,-35.25,22.84,13.36
6369,1593,64.9,15.0,15.0,68.935755,0.0,0.0,0.0,30.0,0.0,10.465,-75.18,22.84,13.36
6370,1593,26.17,15.0,15.0,67.378308,0.0,0.0,0.0,30.0,0.0,53.34,33.94,22.84,13.36
6371,1593,12.25,15.0,15.0,65.820861,30.0,30.0,0.0,30.0,0.0,0.0,-39.1725,22.84,13.36
6372,1593,11.5,15.0,15.0,64.263415,0.0,0.0,0.0,30.0,0.0,35.66,-50.3,22.84,13.36
6373,1594,0.21,5.7961783,24.203822,44.078999,18.407643,0.0,-18.407643,11.592357,0.0,0.0,52.7925,22.84,13.36
6374,1594,0.01,5.7961783,24.203822,23.894584,30.0,11.592357,-18.407643,11.592357,0.0,1.27,68.66,22.84,13.36
6375,1594,9.66,5.7961783,24.203822,3.7101685,18.407643,0.0,-18.407643,11.592357,0.0,72.07,72.65,22.84,13.36
6376,1594,58.28,15.769554,14.230446,3.7101685,0.0,1.5391085,1.5391085,11.592357,0.0,73.19,-2.4299999999999997,22.84,13.36
6377,1595,103.19,15.769554,14.230446,3.7101685,0.0,1.5391085,1.5391085,6.4619949,0.0,114.90333333333334,65.4725,22.84,13.36
6378,1595,131.02,26.769003,3.2309975,25.97118,0.0,23.538005,23.538005,6.4619949,0.0,1.27,65.1775,22.84,13.36
6379,1595,162.06,26.769003,3.2309975,48.232191,0.0,23.538005,23.538005,6.4619949,0.0,74.815,70.88499999999999,22.84,13.36
6380,1595,128.0,26.769003,3.2309975,70.493202,0.0,23.538005,23.538005,6.4619949,0.0,78.1075,0.0,22.84,13.36
6381,1596,109.35,15.0,15.0,68.935755,0.0,0.0,0.0,30.0,0.0,50.21750000000001,0.0,22.57,8.32
6382,1596,98.76,15.0,15.0,67.378308,0.0,0.0,0.0,30.0,0.0,0.0,57.177499999999995,22.57,8.32
6383,1596,92.0,15.0,15.0,65.820861,0.0,0.0,0.0,30.0,0.0,0.0,-9.142499999999998,22.57,8.32
6384,1596,87.3,15.0,15.0,64.263415,0.0,0.0,0.0,30.0,0.0,0.0,8.1175,22.57,8.32
6385,1597,80.15,12.231911,17.768089,57.103826,5.5361783,0.0,-5.5361783,24.463822,0.0,89.64500000000001,42.06,22.48,6.64
6386,1597,81.6,12.231911,17.768089,49.944238,5.5361783,0.0,-5.5361783,24.463822,0.0,47.27,67.47,22.48,6.64
6387,1597,82.77,12.231911,17.768089,42.78465,5.5361783,0.0,-5.5361783,24.463822,0.0,0.0,49.87,22.48,6.64
6388,1597,84.03,12.231911,17.768089,35.625062,5.5361783,0.0,-5.5361783,24.463822,0.0,0.0,53.3075,22.48,6.64
6389,1598,90.9,0.0,30.0,3.7101685,30.0,0.0,-30.0,0.0,0.0,0.0,28.71,22.48,6.64
6390,1598,130.69,20.307008,9.6929924,12.893202,0.0,10.614015,10.614015,0.0,0.0,101.22,70.95,22.48,6.64
6391,1598,203.73,30.0,0.0,41.693202,0.0,30.0,30.0,0.0,0.0,0.0,66.62,22.48,6.64
6392,1598,151.33,30.0,0.0,70.493202,0.0,30.0,30.0,0.0,0.0,0.0,61.3575,22.48,6.64
6393,1599,109.99,15.0,15.0,68.935755,0.0,0.0,0.0,30.0,0.0,0.0,17.475,22.48,6.64
6394,1599,96.9,15.0,15.0,67.378308,0.0,0.0,0.0,30.0,0.0,0.0,-28.53,22.48,6.64
6395,1599,80.16,15.0,15.0,65.820861,0.0,0.0,0.0,30.0,0.0,0.0,-40.985,22.48,6.64
6396,1599,78.94,15.0,15.0,64.263415,0.0,0.0,0.0,30.0,0.0,0.0,34.099999999999994,22.48,6.64
6397,1600,73.0,8.2895223,21.710478,49.125103,13.420955,0.0,-13.420955,16.579045,0.0,82.07,65.47,22.48,6.64
6398,1600,70.42,8.2895223,21.710478,33.986792,13.420955,0.0,-13.420955,16.579045,0.0,8.64,31.36,22.48,6.64
6399,1600,69.53,8.2895223,21.710478,18.84848,13.420955,0.0,-13.420955,16.579045,0.0,0.0,45.65,22.48,6.64
6400,1600,90.54,8.2895223,21.710478,3.7101685,13.420955,0.0,-13.420955,16.579045,0.0,0.0,59.07333333333333,22.48,6.64
6401,1601,118.24,15.769554,14.230446,3.7101685,0.0,1.5391085,1.5391085,0.0,0.0,81.98,54.7675,22.48,6.64
6402,1601,205.51,30.0,0.0,32.510169,0.0,30.0,30.0,0.0,0.0,156.57999999999998,78.86333333333333,22.48,6.64
6403,1601,283.29,30.0,0.0,61.310169,0.0,30.0,30.0,0.0,0.0,92.7675,0.0,22.48,6.64
6404,1601,167.99,20.307008,9.6929924,70.493202,0.0,10.614015,10.614015,0.0,0.0,98.48,77.76,22.48,6.64
6405,1602,108.87,15.0,15.0,68.935755,0.0,0.0,0.0,30.0,0.0,0.0,66.65,28.27,9.67
6406,1602,90.84,15.0,15.0,67.378308,0.0,0.0,0.0,30.0,0.0,34.620000000000005,67.98,28.27,9.67
6407,1602,84.49,15.0,15.0,65.820861,0.0,0.0,0.0,30.0,0.0,0.0,69.0725,28.27,9.67
6408,1602,82.9,15.0,15.0,64.263415,0.0,0.0,0.0,30.0,0.0,85.0975,61.68,28.27,9.67
6409,1603,77.25,15.0,15.0,62.705968,0.0,0.0,0.0,30.0,0.0,48.095000000000006,0.0,30.2,10.68
6410,1603,76.8,15.0,15.0,61.148521,0.0,0.0,0.0,30.0,0.0,80.9525,0.0,30.2,10.68
6411,1603,77.0,15.0,15.0,59.591074,0.0,0.0,0.0,30.0,0.0,83.56333333333333,67.88,30.2,10.68
6412,1603,72.11,15.0,15.0,58.033627,0.0,0.0,0.0,30.0,0.0,88.655,71.49666666666667,30.2,10.68
6413,1604,79.7,14.568979,15.431021,55.603867,30.0,29.137958,-0.8620419999999989,29.137958,0.0,0.0,73.07,30.2,10.68
6414,1604,101.7,15.431021,14.568979,54.918734,0.0,0.86204199,0.86204199,29.137958,0.0,64.93333333333334,76.225,30.2,10.68
6415,1604,138.99,15.431021,14.568979,54.2336,0.0,0.86204199,0.86204199,29.137958,0.0,81.2425,70.32,30.2,10.68
6416,1604,127.4,15.431021,14.568979,53.548466,0.0,0.86204199,0.86204199,29.137958,0.0,52.575,78.98,30.2,10.68
6417,1605,100.07,15.0,15.0,51.99102,0.0,0.0,0.0,30.0,0.0,0.0,72.795,30.2,10.68
6418,1605,85.62,15.0,15.0,50.433573,0.0,0.0,0.0,30.0,0.0,87.61,64.63,30.2,10.68
6419,1605,78.38,15.0,15.0,48.876126,0.0,0.0,0.0,30.0,0.0,76.4625,0.0,30.2,10.68
6420,1605,69.22,15.0,15.0,47.318679,0.0,0.0,0.0,30.0,0.0,114.25,34.11,30.2,10.68
6421,1606,60.88,15.0,15.0,45.761232,30.0,30.0,0.0,30.0,0.0,0.0,-49.47,30.2,10.68
6422,1606,55.11,15.0,15.0,44.203786,30.0,30.0,0.0,30.0,0.0,83.67,-152.7,30.2,10.68
6423,1606,68.0,15.0,15.0,42.646339,0.0,0.0,0.0,30.0,0.0,50.355000000000004,61.040000000000006,30.2,10.68
6424,1606,76.93,15.0,15.0,41.088892,30.0,30.0,0.0,30.0,0.0,88.0,0.0,30.2,10.68
6425,1607,92.38,15.0,15.0,39.531445,0.0,0.0,0.0,30.0,0.0,92.14,51.945,30.2,10.68
6426,1607,113.64,15.0,15.0,37.973998,0.0,0.0,0.0,30.0,0.0,0.0,77.80000000000001,30.2,10.68
6427,1607,124.69,15.0,15.0,36.416551,0.0,0.0,0.0,30.0,0.0,0.0,78.44666666666667,30.2,10.68
6428,1607,102.28,15.0,15.0,34.859105,0.0,0.0,0.0,30.0,0.0,0.0,42.917500000000004,30.2,10.68
6429,1608,80.5,15.0,15.0,33.301658,0.0,0.0,0.0,30.0,0.0,97.03333333333333,52.3,28.64,9.780000000000001
6430,1608,76.51,15.0,15.0,31.744211,0.0,0.0,0.0,30.0,0.0,84.92,33.0475,28.64,9.780000000000001
6431,1608,67.0,15.0,15.0,30.186764,0.0,0.0,0.0,30.0,0.0,0.0,8.2425,28.64,9.780000000000001
6432,1608,62.18,15.0,15.0,28.629317,0.0,0.0,0.0,30.0,0.0,14.315000000000001,-273.82500000000005,28.64,9.780000000000001
6433,1609,77.0,15.0,15.0,27.071871,0.0,0.0,0.0,30.0,0.0,36.37,-37.165,28.12,9.48
6434,1609,69.0,15.0,15.0,25.514424,0.0,0.0,0.0,30.0,0.0,0.0,-26.98,28.12,9.48
6435,1609,56.8,15.0,15.0,23.956977,30.0,30.0,0.0,30.0,0.0,88.3275,28.28,28.12,9.48
6436,1609,73.27,15.0,15.0,22.39953,0.0,0.0,0.0,30.0,0.0,1.2425000000000002,33.94,28.12,9.48
6437,1610,68.77,15.0,15.0,20.842083,0.0,0.0,0.0,30.0,0.0,10.99,-30.4925,28.12,9.48
6438,1610,83.2,15.0,15.0,19.284637,0.0,0.0,0.0,30.0,0.0,0.0,-76.0775,28.12,9.48
6439,1610,95.53,15.0,15.0,17.72719,0.0,0.0,0.0,30.0,0.0,0.0,-29.015,28.12,9.48
6440,1610,100.39,15.0,15.0,16.169743,0.0,0.0,0.0,30.0,0.0,0.0,8.729999999999997,28.12,9.48
6441,1611,101.5,15.0,15.0,14.612296,0.0,0.0,0.0,30.0,0.0,89.65,34.22,28.12,9.48
6442,1611,97.0,15.0,15.0,13.054849,0.0,0.0,0.0,30.0,0.0,0.0,14.939999999999998,28.12,9.48
6443,1611,85.1,15.0,15.0,11.497403,0.0,0.0,0.0,30.0,0.0,0.0,39.122499999999995,28.12,9.48
6444,1611,85.55,15.0,15.0,9.9399558,0.0,0.0,0.0,30.0,0.0,59.995,13.2025,28.12,9.48
6445,1612,76.0,15.0,15.0,8.3825089,0.0,0.0,0.0,30.0,0.0,0.0,-94.66499999999999,28.12,9.48
6446,1612,85.0,15.0,15.0,6.8250621,0.0,0.0,0.0,30.0,0.0,0.0,-45.004999999999995,28.12,9.48
6447,1612,79.82,15.0,15.0,5.2676153,0.0,0.0,0.0,30.0,0.0,8.88,-50.980000000000004,28.12,9.48
6448,1612,97.58,15.0,15.0,3.7101685,0.0,0.0,0.0,30.0,0.0,89.17750000000001,35.0,28.12,9.48
6449,1613,118.74,15.769554,14.230446,3.7101685,0.0,1.5391085,1.5391085,6.4619949,0.0,28.924999999999997,0.0,28.12,9.48
6450,1613,174.08,26.769003,3.2309975,25.97118,6.4619949,30.0,23.5380051,6.4619949,0.0,47.974999999999994,74.73,28.12,9.48
6451,1613,199.39,26.769003,3.2309975,48.232191,0.0,23.538005,23.538005,6.4619949,0.0,8.0075,0.0,28.12,9.48
6452,1613,131.84,26.769003,3.2309975,70.493202,0.0,23.538005,23.538005,6.4619949,0.0,18.5,30.007500000000007,28.12,9.48
6453,1614,103.5,15.769554,14.230446,70.493202,0.0,1.5391085,1.5391085,28.460892,0.0,0.0,-87.5,31.84,25.65
6454,1614,98.0,15.769554,14.230446,70.493202,0.0,1.5391085,1.5391085,28.460892,0.0,78.19,-56.28499999999997,31.84,25.65
6455,1614,88.94,15.769554,14.230446,70.493202,0.0,1.5391085,1.5391085,28.460892,0.0,0.0,55.629999999999995,31.84,25.65
6456,1614,58.52,15.769554,14.230446,70.493202,0.0,1.5391085,1.5391085,28.460892,0.0,52.582499999999996,59.12,31.84,25.65
6457,1615,50.82,15.0,15.0,68.935755,0.0,0.0,0.0,30.0,0.0,100.8625,0.0,33.08,31.04
6458,1615,45.86,15.0,15.0,67.378308,0.0,0.0,0.0,30.0,0.0,42.1275,0.0,33.08,31.04
6459,1615,43.07,15.0,15.0,65.820861,0.0,0.0,0.0,30.0,0.0,78.3025,0.0,33.08,31.04
6460,1615,39.17,15.0,15.0,64.263415,0.0,0.0,0.0,30.0,0.0,51.1525,0.0,33.08,31.04
6461,1616,43.4,15.0,15.0,62.705968,0.0,0.0,0.0,30.0,0.0,44.917500000000004,0.0,33.08,31.04
6462,1616,66.15,15.0,15.0,61.148521,0.0,0.0,0.0,30.0,0.0,72.41,63.83333333333333,33.08,31.04
6463,1616,85.2,15.0,15.0,59.591074,0.0,0.0,0.0,30.0,0.0,81.94,-25.010000000000005,33.08,31.04
6464,1616,83.4,15.0,15.0,58.033627,0.0,0.0,0.0,30.0,0.0,0.0,19.55,33.08,31.04
6465,1617,64.98,15.0,15.0,56.476181,0.0,0.0,0.0,30.0,0.0,76.76666666666667,-54.222500000000004,33.08,31.04
6466,1617,45.96,15.0,15.0,54.918734,0.0,0.0,0.0,30.0,0.0,35.76666666666666,-152.96500000000003,33.08,31.04
6467,1617,31.62,15.0,15.0,53.361287,0.0,0.0,0.0,30.0,0.0,61.567499999999995,62.98,33.08,31.04
6468,1617,17.0,15.0,15.0,51.80384,30.0,30.0,0.0,30.0,0.0,66.705,-13.5,33.08,31.04
6469,1618,11.9,15.0,15.0,50.246393,30.0,30.0,0.0,30.0,0.0,0.65,-156.705,33.08,31.04
6470,1618,11.6,15.0,15.0,48.688947,0.0,0.0,0.0,30.0,0.0,57.864999999999995,-179.18,33.08,31.04
6471,1618,30.41,15.0,15.0,47.1315,0.0,0.0,0.0,30.0,0.0,37.932500000000005,-315.01,33.08,31.04
6472,1618,47.0,15.0,15.0,45.574053,0.0,0.0,0.0,30.0,0.0,39.027499999999996,-30.0,33.08,31.04
6473,1619,63.68,18.847771,11.152229,51.80384,0.0,7.6955425,7.6955425,22.304458,0.0,18.5,-16.92,33.08,31.04
6474,1619,80.0,18.847771,11.152229,58.033627,0.0,7.6955425,7.6955425,22.304458,0.0,48.0975,34.0,33.08,31.04
6475,1619,95.1,18.847771,11.152229,64.263415,0.0,7.6955425,7.6955425,22.304458,0.0,0.9666666666666667,5.300000000000001,33.08,31.04
6476,1619,82.14,18.847771,11.152229,70.493202,0.0,7.6955425,7.6955425,22.304458,0.0,0.0,-14.265,33.08,31.04
6477,1620,61.04,15.0,15.0,68.935755,30.0,30.0,0.0,30.0,0.0,0.0,-26.595000000000006,43.64,34.04
6478,1620,52.29,15.0,15.0,67.378308,0.0,0.0,0.0,30.0,0.0,0.0,-21.15,43.64,34.04
6479,1620,36.3,15.0,15.0,65.820861,0.0,0.0,0.0,30.0,0.0,0.95,-126.85,43.64,34.04
6480,1620,0.05,15.0,15.0,64.263415,30.0,30.0,0.0,30.0,0.0,0.3,-35.8,43.64,34.04
6481,1621,-0.11,15.0,15.0,62.705968,0.0,0.0,0.0,30.0,0.0,0.0,-38.25,47.16,35.04
6482,1621,-1.02,15.0,15.0,61.148521,0.0,0.0,0.0,30.0,0.0,28.32333333333333,-19.542500000000004,47.16,35.04
6483,1621,-0.59,15.0,15.0,59.591074,30.0,30.0,0.0,30.0,0.0,81.5325,-43.455,47.16,35.04
6484,1621,-5.85,15.0,15.0,58.033627,30.0,30.0,0.0,30.0,0.0,11.02,-66.88499999999999,47.16,35.04
6485,1622,-1.84,15.0,15.0,56.476181,0.0,0.0,0.0,30.0,0.0,21.343333333333334,-199.0,47.16,35.04
6486,1622,0.42,15.0,15.0,54.918734,30.0,30.0,0.0,30.0,0.0,19.77,-194.365,47.16,35.04
6487,1622,25.42,15.0,15.0,53.361287,0.0,0.0,0.0,30.0,0.0,58.724999999999994,-34.29,47.16,35.04
6488,1622,40.54,15.0,15.0,51.80384,0.0,0.0,0.0,30.0,0.0,22.03,-20.537499999999994,47.16,35.04
6489,1623,7.78,15.0,15.0,50.246393,0.0,0.0,0.0,30.0,0.0,0.0,-56.585,47.16,35.04
6490,1623,0.0,15.0,15.0,48.688947,0.0,0.0,0.0,30.0,0.0,0.0,-58.75,47.16,35.04
6491,1623,-1.62,15.0,15.0,47.1315,30.0,30.0,0.0,30.0,0.0,0.0,-39.025,47.16,35.04
6492,1623,0.0,15.0,15.0,45.574053,0.0,0.0,0.0,30.0,0.0,0.0,-13.104999999999999,47.16,35.04
6493,1624,0.3,15.0,15.0,44.016606,0.0,0.0,0.0,30.0,0.0,100.75666666666666,-19.2,47.16,35.04
6494,1624,3.88,15.0,15.0,42.459159,30.0,30.0,0.0,30.0,0.0,86.07333333333334,33.94,47.16,35.04
6495,1624,4.93,15.0,15.0,40.901712,0.0,0.0,0.0,30.0,0.0,0.95,18.196666666666665,47.16,35.04
6496,1624,18.3,15.0,15.0,39.344266,0.0,0.0,0.0,30.0,0.0,75.30000000000001,-94.8875,47.16,35.04
6497,1625,52.97,15.21551,14.78449,38.222975,0.0,0.431021,0.431021,29.568979,0.0,0.95,56.345,47.16,35.04
6498,1625,72.5,15.21551,14.78449,37.101685,0.0,0.431021,0.431021,29.568979,0.0,0.0,63.095,47.16,35.04
6499,1625,78.96,15.21551,14.78449,35.980395,0.0,0.431021,0.431021,29.568979,0.0,0.0,70.79333333333332,47.16,35.04
6500,1625,72.73,15.21551,14.78449,34.859105,0.0,0.431021,0.431021,29.568979,0.0,57.660000000000004,-9.272500000000008,47.16,35.04
6501,1626,44.72,15.0,15.0,33.301658,0.0,0.0,0.0,30.0,0.0,22.28,-19.1975,37.08,32.1
6502,1626,42.5,15.0,15.0,31.744211,0.0,0.0,0.0,30.0,0.0,13.765,-121.42249999999999,37.08,32.1
6503,1626,25.2,15.0,15.0,30.186764,0.0,0.0,0.0,30.0,0.0,0.5166666666666666,13.845,37.08,32.1
6504,1626,1.77,15.0,15.0,28.629317,0.0,0.0,0.0,30.0,0.0,49.87,-246.4525,37.08,32.1
6505,1627,3.03,15.0,15.0,27.071871,0.0,0.0,0.0,30.0,0.0,0.3,-18.9775,33.72,31.12
6506,1627,3.29,15.0,15.0,25.514424,30.0,30.0,0.0,30.0,0.0,0.3,10.0,33.72,31.12
6507,1627,3.16,15.0,15.0,23.956977,0.0,0.0,0.0,30.0,0.0,0.0,-6.280000000000001,33.72,31.12
6508,1627,3.27,15.0,15.0,22.39953,0.0,0.0,0.0,30.0,0.0,43.48,-10.16,33.72,31.12
6509,1628,4.15,15.0,15.0,20.842083,30.0,30.0,0.0,30.0,0.0,81.24,-10.16,33.72,31.12
6510,1628,11.96,15.0,15.0,19.284637,0.0,0.0,0.0,30.0,0.0,89.82249999999999,-11.693333333333333,33.72,31.12
6511,1628,39.9,15.0,15.0,17.72719,0.0,0.0,0.0,30.0,0.0,53.32333333333334,-14.5075,33.72,31.12
6512,1628,42.01,15.0,15.0,16.169743,0.0,0.0,0.0,30.0,0.0,0.95,-8.579999999999998,33.72,31.12
6513,1629,35.17,15.0,15.0,14.612296,0.0,0.0,0.0,30.0,0.0,76.69,-59.07,33.72,31.12
6514,1629,9.83,15.0,15.0,13.054849,0.0,0.0,0.0,30.0,0.0,0.0,-72.25,33.72,31.12
6515,1629,3.82,15.0,15.0,11.497403,0.0,0.0,0.0,30.0,0.0,0.3,-149.8225,33.72,31.12
6516,1629,0.66,15.0,15.0,9.9399558,0.0,0.0,0.0,30.0,0.0,72.06,-35.182500000000005,33.72,31.12
6517,1630,0.0,15.0,15.0,8.3825089,0.0,0.0,0.0,30.0,0.0,0.0,-82.75,33.72,31.12
6518,1630,0.0,15.0,15.0,6.8250621,0.0,0.0,0.0,30.0,0.0,0.0,-63.5,33.72,31.12
6519,1630,0.06,15.0,15.0,5.2676153,30.0,30.0,0.0,30.0,0.0,7.37,-147.48000000000002,33.72,31.12
6520,1630,9.83,15.0,15.0,3.7101685,30.0,30.0,0.0,30.0,0.0,43.915,-104.3725,33.72,31.12
6521,1631,75.0,15.769554,14.230446,3.7101685,0.0,1.5391085,1.5391085,6.4619949,0.0,88.38333333333334,-4.543333333333334,33.72,31.12
6522,1631,105.2,26.769003,3.2309975,25.97118,0.0,23.538005,23.538005,6.4619949,0.0,87.94333333333333,0.0,33.72,31.12
6523,1631,144.77,26.769003,3.2309975,48.232191,0.0,23.538005,23.538005,6.4619949,0.0,6.8125,7.099999999999994,33.72,31.12
6524,1631,141.98,26.769003,3.2309975,70.493202,0.0,23.538005,23.538005,6.4619949,0.0,67.15,50.08,33.72,31.12
6525,1632,105.5,15.769554,14.230446,70.493202,0.0,1.5391085,1.5391085,28.460892,0.0,45.965,-15.446666666666664,31.62,29.62
6526,1632,94.5,15.769554,14.230446,70.493202,0.0,1.5391085,1.5391085,28.460892,0.0,34.57,56.60333333333334,31.62,29.62
6527,1632,90.22,15.769554,14.230446,70.493202,0.0,1.5391085,1.5391085,28.460892,0.0,112.29249999999999,10.0,31.62,29.62
6528,1632,107.4,15.769554,14.230446,70.493202,0.0,1.5391085,1.5391085,28.460892,0.0,41.212500000000006,0.0,31.62,29.62
6529,1633,111.0,15.769554,14.230446,70.493202,0.0,1.5391085,1.5391085,0.0,28.460892,0.95,70.74666666666667,30.92,29.12
6530,1633,82.0,15.769554,14.230446,70.493202,0.0,1.5391085,1.5391085,0.0,28.460892,0.0,35.675,30.92,29.12
6531,1633,99.3,15.769554,14.230446,70.493202,0.0,1.5391085,1.5391085,0.0,28.460892,0.0,41.85,30.92,29.12
6532,1633,99.97,15.769554,14.230446,70.493202,0.0,1.5391085,1.5391085,0.0,28.460892,81.455,75.565,30.92,29.12
6533,1634,84.9,15.769554,14.230446,70.493202,0.0,1.5391085,1.5391085,0.0,28.460892,0.0,53.5625,30.92,29.12
6534,1634,75.1,15.769554,14.230446,70.493202,0.0,1.5391085,1.5391085,0.0,28.460892,0.0,79.575,30.92,29.12
6535,1634,98.0,15.769554,14.230446,70.493202,0.0,1.5391085,1.5391085,0.0,28.460892,22.14333333333333,80.14,30.92,29.12
6536,1634,94.43,15.769554,14.230446,70.493202,0.0,1.5391085,1.5391085,0.0,28.460892,5.5,20.200000000000003,30.92,29.12
6537,1635,54.43,15.769554,14.230446,70.493202,0.0,1.5391085,1.5391085,11.592357,0.0,0.0,-75.04333333333334,30.92,29.12
6538,1635,1.33,5.7961783,24.203822,50.308786,30.0,11.592357,-18.407643,11.592357,0.0,0.0,-61.807500000000005,30.92,29.12
6539,1635,0.0,5.7961783,24.203822,30.124371,18.407643,0.0,-18.407643,11.592357,0.0,0.0,-45.305,30.92,29.12
6540,1635,-0.01,5.7961783,24.203822,9.9399558,18.407643,0.0,-18.407643,11.592357,0.0,0.0,41.12333333333333,30.92,29.12
6541,1636,-0.5,15.0,15.0,8.3825089,0.0,0.0,0.0,30.0,0.0,0.0,40.11750000000001,30.92,29.12
6542,1636,-0.45,15.0,15.0,6.8250621,30.0,30.0,0.0,30.0,0.0,90.98,59.72,30.92,29.12
6543,1636,0.0,15.0,15.0,5.2676153,0.0,0.0,0.0,30.0,0.0,90.98,12.320000000000007,30.92,29.12
6544,1636,42.63,15.0,15.0,3.7101685,0.0,0.0,0.0,30.0,0.0,9.4025,15.490000000000002,30.92,29.12
6545,1637,96.61,24.01914,5.9808595,20.405927,0.0,18.038281,18.038281,11.961719,0.0,484.9075,0.0,30.92,29.12
6546,1637,150.6,24.01914,5.9808595,37.101685,0.0,18.038281,18.038281,11.961719,0.0,68.19,81.75999999999999,30.92,29.12
6547,1637,166.16,24.01914,5.9808595,53.797444,0.0,18.038281,18.038281,11.961719,0.0,0.0,82.375,30.92,29.12
6548,1637,109.09,24.01914,5.9808595,70.493202,0.0,18.038281,18.038281,11.961719,0.0,10.16,12.2425,30.92,29.12
6549,1638,79.64,15.0,15.0,68.935755,0.0,0.0,0.0,30.0,0.0,62.07,34.06999999999999,37.43,24.26
6550,1638,65.0,15.0,15.0,67.378308,0.0,0.0,0.0,30.0,0.0,0.0,26.065,37.43,24.26
6551,1638,37.36,15.0,15.0,65.820861,30.0,30.0,0.0,30.0,0.0,0.0,-11.084999999999997,37.43,24.26
6552,1638,18.57,15.0,15.0,64.263415,0.0,0.0,0.0,30.0,0.0,38.050000000000004,-5.7200000000000015,37.43,24.26
6553,1639,10.82,15.0,15.0,62.705968,0.0,0.0,0.0,30.0,0.0,71.97,-13.18,39.6,22.64
6554,1639,8.08,15.0,15.0,61.148521,30.0,30.0,0.0,30.0,0.0,80.69,-40.0,39.6,22.64
6555,1639,5.23,15.0,15.0,59.591074,0.0,0.0,0.0,30.0,0.0,76.19,-15.035,39.6,22.64
6556,1639,5.8,15.0,15.0,58.033627,30.0,30.0,0.0,30.0,0.0,46.0275,-21.535,39.6,22.64
6557,1640,17.32,15.0,15.0,56.476181,0.0,0.0,0.0,30.0,0.0,69.63,-31.939999999999998,39.6,22.64
6558,1640,46.4,15.0,15.0,54.918734,0.0,0.0,0.0,30.0,0.0,1.0175,-60.0,39.6,22.64
6559,1640,83.58,15.0,15.0,53.361287,0.0,0.0,0.0,30.0,0.0,169.0475,-34.92,39.6,22.64
6560,1640,88.91,15.0,15.0,51.80384,0.0,0.0,0.0,30.0,0.0,46.6425,-19.91,39.6,22.64
6561,1641,63.27,15.0,15.0,50.246393,0.0,0.0,0.0,30.0,0.0,23.064999999999998,-34.7475,39.6,22.64
6562,1641,39.09,15.0,15.0,48.688947,0.0,0.0,0.0,30.0,0.0,15.910000000000002,-39.54,39.6,22.64
6563,1641,18.4,15.0,15.0,47.1315,0.0,0.0,0.0,30.0,0.0,37.510000000000005,0.0,39.6,22.64
6564,1641,9.28,15.0,15.0,45.574053,30.0,30.0,0.0,30.0,0.0,56.305,10.963333333333338,39.6,22.64
6565,1642,2.06,15.0,15.0,44.016606,30.0,30.0,0.0,30.0,0.0,46.93,-58.835,39.6,22.64
6566,1642,15.0,15.0,15.0,42.459159,0.0,0.0,0.0,30.0,0.0,53.41,-39.89666666666667,39.6,22.64
6567,1642,26.0,15.0,15.0,40.901712,0.0,0.0,0.0,30.0,0.0,43.18666666666667,10.0,39.6,22.64
6568,1642,59.0,15.0,15.0,39.344266,0.0,0.0,0.0,30.0,0.0,22.224999999999994,-13.46,39.6,22.64
6569,1643,88.0,15.0,15.0,37.786819,0.0,0.0,0.0,30.0,0.0,50.12249999999999,0.0,39.6,22.64
6570,1643,79.9,15.0,15.0,36.229372,0.0,0.0,0.0,30.0,0.0,3.610000000000001,0.0,39.6,22.64
6571,1643,66.56,15.0,15.0,34.671925,0.0,0.0,0.0,30.0,0.0,16.513333333333335,33.94,39.6,22.64
6572,1643,50.0,15.0,15.0,33.114478,0.0,0.0,0.0,30.0,0.0,469.25749999999994,-47.915,39.6,22.64
6573,1644,25.74,15.0,15.0,31.557032,0.0,0.0,0.0,30.0,0.0,89.00999999999999,-29.86,44.43,20.480000000000004
6574,1644,20.86,15.0,15.0,29.999585,0.0,0.0,0.0,30.0,0.0,583.375,-9.44,44.43,20.480000000000004
6575,1644,9.84,15.0,15.0,28.442138,0.0,0.0,0.0,30.0,0.0,483.1675,57.62,44.43,20.480000000000004
6576,1644,3.21,15.0,15.0,26.884691,30.0,30.0,0.0,30.0,0.0,84.7225,29.18,44.43,20.480000000000004
6577,1645,0.07,15.0,15.0,25.327244,0.0,0.0,0.0,30.0,0.0,41.665,-16.0,46.04,19.76
6578,1645,0.05,15.0,15.0,23.769798,30.0,30.0,0.0,30.0,0.0,23.535000000000004,-15.280000000000001,46.04,19.76
6579,1645,0.02,15.0,15.0,22.212351,30.0,30.0,0.0,30.0,0.0,41.220000000000006,-14.022499999999999,46.04,19.76
6580,1645,0.09,15.0,15.0,20.654904,30.0,30.0,0.0,30.0,0.0,80.255,0.0,46.04,19.76
6581,1646,5.9,14.568979,15.431021,18.225144,30.0,29.137958,-0.8620419999999989,29.137958,0.0,49.0775,1.0500000000000007,46.04,19.76
6582,1646,62.8,15.431021,14.568979,17.54001,0.0,0.86204199,0.86204199,29.137958,0.0,55.39,-30.0,46.04,19.76
6583,1646,104.42,15.431021,14.568979,16.854877,0.0,0.86204199,0.86204199,29.137958,0.0,29.299999999999997,0.0,46.04,19.76
6584,1646,114.92,15.431021,14.568979,16.169743,0.0,0.86204199,0.86204199,29.137958,0.0,146.49,0.0,46.04,19.76
6585,1647,100.32,15.0,15.0,14.612296,0.0,0.0,0.0,30.0,0.0,983.1074999999998,0.0,46.04,19.76
6586,1647,76.41,15.0,15.0,13.054849,0.0,0.0,0.0,30.0,0.0,11.09,85.24,46.04,19.76
6587,1647,68.69,15.0,15.0,11.497403,0.0,0.0,0.0,30.0,0.0,48.63,64.84,46.04,19.76
6588,1647,58.8,15.0,15.0,9.9399558,0.0,0.0,0.0,30.0,0.0,64.1325,0.0,46.04,19.76
6589,1648,55.6,15.0,15.0,8.3825089,0.0,0.0,0.0,30.0,0.0,33.5525,0.0,46.04,19.76
6590,1648,56.45,15.0,15.0,6.8250621,0.0,0.0,0.0,30.0,0.0,27.96,0.0,46.04,19.76
6591,1648,61.63,15.0,15.0,5.2676153,0.0,0.0,0.0,30.0,0.0,59.195,0.0,46.04,19.76
6592,1648,93.33,15.0,15.0,3.7101685,0.0,0.0,0.0,30.0,0.0,45.715,0.0,46.04,19.76
6593,1649,105.42,19.617325,10.382675,11.497403,20.765349,30.0,9.234651,20.765349,0.0,73.85499999999999,0.0,46.04,19.76
6594,1649,130.6,19.617325,10.382675,19.284637,0.0,9.234651,9.234651,20.765349,0.0,54.724999999999994,43.17999999999999,46.04,19.76
6595,1649,139.25,19.617325,10.382675,27.071871,0.0,9.234651,9.234651,20.765349,0.0,120.8725,0.0,46.04,19.76
6596,1649,119.37,19.617325,10.382675,34.859105,0.0,9.234651,9.234651,20.765349,0.0,5.2,80.93666666666667,46.04,19.76
6597,1650,92.57,15.0,15.0,33.301658,0.0,0.0,0.0,30.0,0.0,89.92,71.01,31.520000000000003,15.559999999999999
6598,1650,91.45,15.0,15.0,31.744211,0.0,0.0,0.0,30.0,0.0,77.495,0.0,31.520000000000003,15.559999999999999
6599,1650,76.24,15.0,15.0,30.186764,0.0,0.0,0.0,30.0,0.0,62.129999999999995,86.11,31.520000000000003,15.559999999999999
6600,1650,85.38,15.0,15.0,28.629317,0.0,0.0,0.0,30.0,0.0,49.6575,-65.72749999999999,31.520000000000003,15.559999999999999
6601,1651,88.0,15.0,15.0,27.071871,0.0,0.0,0.0,30.0,0.0,87.42,-7.845000000000001,26.68,14.16
6602,1651,85.6,15.0,15.0,25.514424,0.0,0.0,0.0,30.0,0.0,70.6875,-4.485,26.68,14.16
6603,1651,81.0,15.0,15.0,23.956977,0.0,0.0,0.0,30.0,0.0,10.406666666666666,-4.94,26.68,14.16
6604,1651,78.38,15.0,15.0,22.39953,0.0,0.0,0.0,30.0,0.0,102.47,-28.8,26.68,14.16
6605,1652,80.8,15.0,15.0,20.842083,0.0,0.0,0.0,30.0,0.0,0.0,-12.6525,26.68,14.16
6606,1652,97.65,15.0,15.0,19.284637,0.0,0.0,0.0,30.0,0.0,687.19,-4.819999999999993,26.68,14.16
6607,1652,119.9,15.0,15.0,17.72719,0.0,0.0,0.0,30.0,0.0,752.4533333333333,59.9125,26.68,14.16
6608,1652,133.72,15.0,15.0,16.169743,0.0,0.0,0.0,30.0,0.0,839.115,91.5375,26.68,14.16
6609,1653,116.23,15.0,15.0,14.612296,0.0,0.0,0.0,30.0,0.0,119.57,58.055,26.68,14.16
6610,1653,97.0,15.0,15.0,13.054849,0.0,0.0,0.0,30.0,0.0,73.21000000000001,-4.114999999999998,26.68,14.16
6611,1653,95.4,15.0,15.0,11.497403,0.0,0.0,0.0,30.0,0.0,51.815,1.697499999999991,26.68,14.16
6612,1653,88.0,15.0,15.0,9.9399558,0.0,0.0,0.0,30.0,0.0,1156.0349999999999,17.300000000000004,26.68,14.16
6613,1654,80.57,15.0,15.0,8.3825089,0.0,0.0,0.0,30.0,0.0,287.6575,-0.11999999999999744,26.68,14.16
6614,1654,79.0,15.0,15.0,6.8250621,0.0,0.0,0.0,30.0,0.0,54.782500000000006,2.5775000000000006,26.68,14.16
6615,1654,81.43,15.0,15.0,5.2676153,0.0,0.0,0.0,30.0,0.0,0.0,-0.6699999999999982,26.68,14.16
6616,1654,81.58,15.0,15.0,3.7101685,0.0,0.0,0.0,30.0,0.0,65.54333333333334,8.450000000000003,26.68,14.16
6617,1655,99.09,19.617325,10.382675,11.497403,0.0,9.234651,9.234651,20.765349,0.0,95.64,79.4125,26.68,14.16
6618,1655,117.01,19.617325,10.382675,19.284637,0.0,9.234651,9.234651,20.765349,0.0,107.4,84.7475,26.68,14.16
6619,1655,130.07,19.617325,10.382675,27.071871,0.0,9.234651,9.234651,20.765349,0.0,122.3325,79.81,26.68,14.16
6620,1655,114.37,19.617325,10.382675,34.859105,0.0,9.234651,9.234651,20.765349,0.0,91.60499999999999,49.655,26.68,14.16
6621,1656,96.41,15.0,15.0,33.301658,0.0,0.0,0.0,30.0,0.0,12.51,24.277500000000003,28.03,14.34
6622,1656,93.42,15.0,15.0,31.744211,0.0,0.0,0.0,30.0,0.0,0.0,58.4125,28.03,14.34
6623,1656,85.0,15.0,15.0,30.186764,0.0,0.0,0.0,30.0,0.0,88.345,15.1,28.03,14.34
6624,1656,66.0,15.0,15.0,28.629317,0.0,0.0,0.0,30.0,0.0,0.0,-33.8075,28.03,14.34
6625,1657,63.8,15.0,15.0,27.071871,0.0,0.0,0.0,30.0,0.0,0.0,-1.1724999999999994,28.48,14.4
6626,1657,79.9,15.0,15.0,25.514424,0.0,0.0,0.0,30.0,0.0,0.0,-56.915000000000006,28.48,14.4
6627,1657,80.0,15.0,15.0,23.956977,0.0,0.0,0.0,30.0,0.0,0.0,30.627499999999998,28.48,14.4
6628,1657,80.1,15.0,15.0,22.39953,0.0,0.0,0.0,30.0,0.0,0.0,-6.774999999999999,28.48,14.4
6629,1658,86.0,15.0,15.0,20.842083,0.0,0.0,0.0,30.0,0.0,53.61,51.07999999999999,28.48,14.4
6630,1658,88.67,15.0,15.0,19.284637,0.0,0.0,0.0,30.0,0.0,40.415000000000006,27.075000000000003,28.48,14.4
6631,1658,125.9,15.0,15.0,17.72719,0.0,0.0,0.0,30.0,0.0,64.08333333333334,-0.13000000000002387,28.48,14.4
6632,1658,143.48,15.0,15.0,16.169743,0.0,0.0,0.0,30.0,0.0,86.18666666666667,26.975,28.48,14.4
6633,1659,107.68,15.0,15.0,14.612296,30.0,30.0,0.0,30.0,0.0,53.61,-10.102499999999992,28.48,14.4
6634,1659,70.1,15.0,15.0,13.054849,0.0,0.0,0.0,30.0,0.0,0.0,-57.7375,28.48,14.4
6635,1659,62.22,15.0,15.0,11.497403,0.0,0.0,0.0,30.0,0.0,0.0,-54.269999999999996,28.48,14.4
6636,1659,47.01,15.0,15.0,9.9399558,30.0,30.0,0.0,30.0,0.0,0.0,-28.195,28.48,14.4
6637,1660,34.99,15.0,15.0,8.3825089,30.0,30.0,0.0,30.0,0.0,1266.4166666666665,-367.2475,28.48,14.4
6638,1660,38.34,15.0,15.0,6.8250621,30.0,30.0,0.0,30.0,0.0,25.442499999999995,-826.6625,28.48,14.4
6639,1660,47.13,15.0,15.0,5.2676153,30.0,30.0,0.0,30.0,0.0,56.155,-219.81,28.48,14.4
6640,1660,70.27,15.0,15.0,3.7101685,0.0,0.0,0.0,30.0,0.0,0.0,8.056666666666665,28.48,14.4
6641,1661,99.9,19.617325,10.382675,11.497403,0.0,9.234651,9.234651,20.765349,0.0,0.0,72.8,28.48,14.4
6642,1661,121.46,19.617325,10.382675,19.284637,0.0,9.234651,9.234651,20.765349,0.0,50.32000000000001,49.0,28.48,14.4
6643,1661,140.0,19.617325,10.382675,27.071871,0.0,9.234651,9.234651,20.765349,0.0,12.38,83.495,28.48,14.4
6644,1661,123.6,19.617325,10.382675,34.859105,0.0,9.234651,9.234651,20.765349,0.0,53.61,65.84,28.48,14.4
6645,1662,101.0,15.0,15.0,33.301658,0.0,0.0,0.0,30.0,0.0,0.0,43.3,26.380000000000003,12.81
6646,1662,97.62,15.0,15.0,31.744211,0.0,0.0,0.0,30.0,0.0,101.01,31.323333333333338,26.380000000000003,12.81
6647,1662,90.0,15.0,15.0,30.186764,0.0,0.0,0.0,30.0,0.0,0.0,30.775,26.380000000000003,12.81
6648,1662,75.1,15.0,15.0,28.629317,0.0,0.0,0.0,30.0,0.0,84.5,80.3,26.380000000000003,12.81
6649,1663,72.52,15.0,15.0,27.071871,0.0,0.0,0.0,30.0,0.0,85.98,70.47,25.68,12.28
6650,1663,76.6,15.0,15.0,25.514424,0.0,0.0,0.0,30.0,0.0,84.0,72.99000000000001,25.68,12.28
6651,1663,79.9,15.0,15.0,23.956977,0.0,0.0,0.0,30.0,0.0,73.64,0.0,25.68,12.28
6652,1663,72.33,15.0,15.0,22.39953,30.0,30.0,0.0,30.0,0.0,49.89,0.0,25.68,12.28
6653,1664,77.1,15.0,15.0,20.842083,0.0,0.0,0.0,30.0,0.0,80.0925,71.74,25.68,12.28
6654,1664,103.0,15.0,15.0,19.284637,0.0,0.0,0.0,30.0,0.0,68.61,78.505,25.68,12.28
6655,1664,127.08,15.0,15.0,17.72719,0.0,0.0,0.0,30.0,0.0,50.3725,57.7,25.68,12.28
6656,1664,141.42,15.0,15.0,16.169743,0.0,0.0,0.0,30.0,0.0,105.15333333333335,54.980000000000004,25.68,12.28
6657,1665,116.43,15.0,15.0,14.612296,0.0,0.0,0.0,30.0,0.0,1236.1933333333332,-41.38000000000001,25.68,12.28
6658,1665,100.15,15.0,15.0,13.054849,0.0,0.0,0.0,30.0,0.0,9.49,46.295,25.68,12.28
6659,1665,83.98,15.0,15.0,11.497403,0.0,0.0,0.0,30.0,0.0,0.8,-26.79,25.68,12.28
6660,1665,74.13,15.0,15.0,9.9399558,0.0,0.0,0.0,30.0,0.0,0.7,24.4225,25.68,12.28
6661,1666,71.44,15.0,15.0,8.3825089,0.0,0.0,0.0,30.0,0.0,38.7075,20.275000000000013,25.68,12.28
6662,1666,72.44,15.0,15.0,6.8250621,0.0,0.0,0.0,30.0,0.0,39.7375,25.159999999999997,25.68,12.28
6663,1666,74.98,15.0,15.0,5.2676153,0.0,0.0,0.0,30.0,0.0,43.705,-59.49,25.68,12.28
6664,1666,85.67,15.0,15.0,3.7101685,0.0,0.0,0.0,30.0,0.0,0.0,76.64,25.68,12.28
6665,1667,104.42,24.01914,5.9808595,20.405927,0.0,18.038281,18.038281,11.961719,0.0,94.94666666666667,-207.39,25.68,12.28
6666,1667,129.18,24.01914,5.9808595,37.101685,0.0,18.038281,18.038281,11.961719,0.0,79.92500000000001,70.155,25.68,12.28
6667,1667,148.0,24.01914,5.9808595,53.797444,0.0,18.038281,18.038281,11.961719,0.0,71.42999999999999,0.0,25.68,12.28
6668,1667,123.7,24.01914,5.9808595,70.493202,0.0,18.038281,18.038281,11.961719,0.0,81.5,76.98,25.68,12.28
6669,1668,99.9,15.0,15.0,68.935755,0.0,0.0,0.0,30.0,0.0,72.3325,83.575,24.240000000000002,12.939999999999998
6670,1668,99.9,15.0,15.0,67.378308,0.0,0.0,0.0,30.0,0.0,89.7525,84.975,24.240000000000002,12.939999999999998
6671,1668,90.0,15.0,15.0,65.820861,0.0,0.0,0.0,30.0,0.0,60.445,77.795,24.240000000000002,12.939999999999998
6672,1668,93.1,15.0,15.0,64.263415,0.0,0.0,0.0,30.0,0.0,91.35,79.64,24.240000000000002,12.939999999999998
6673,1669,84.64,15.0,15.0,62.705968,0.0,0.0,0.0,30.0,0.0,77.345,76.72999999999999,23.76,13.16
6674,1669,81.4,15.0,15.0,61.148521,0.0,0.0,0.0,30.0,0.0,85.76,82.59333333333333,23.76,13.16
6675,1669,75.54,15.0,15.0,59.591074,0.0,0.0,0.0,30.0,0.0,93.2525,0.0,23.76,13.16
6676,1669,75.72,15.0,15.0,58.033627,0.0,0.0,0.0,30.0,0.0,59.120000000000005,0.0,23.76,13.16
6677,1670,79.82,15.0,15.0,56.476181,30.0,30.0,0.0,30.0,0.0,65.3,82.855,23.76,13.16
6678,1670,86.2,15.0,15.0,54.918734,0.0,0.0,0.0,30.0,0.0,95.16,75.98,23.76,13.16
6679,1670,100.4,15.0,15.0,53.361287,0.0,0.0,0.0,30.0,0.0,34.995000000000005,82.07,23.76,13.16
6680,1670,110.62,15.0,15.0,51.80384,0.0,0.0,0.0,30.0,0.0,78.44749999999999,65.31,23.76,13.16
6681,1671,101.73,15.0,15.0,50.246393,0.0,0.0,0.0,30.0,0.0,82.995,-39.16499999999999,23.76,13.16
6682,1671,80.08,15.0,15.0,48.688947,0.0,0.0,0.0,30.0,0.0,91.98,20.7225,23.76,13.16
6683,1671,60.0,15.0,15.0,47.1315,0.0,0.0,0.0,30.0,0.0,9.18,49.995,23.76,13.16
6684,1671,42.21,15.0,15.0,45.574053,30.0,30.0,0.0,30.0,0.0,0.0,76.68333333333334,23.76,13.16
6685,1672,36.0,10.598185,19.401815,35.108082,8.80363,0.0,-8.80363,21.19637,0.0,18.236666666666668,-37.825,23.76,13.16
6686,1672,26.0,10.598185,19.401815,24.642111,8.80363,0.0,-8.80363,21.19637,0.0,38.71666666666667,-42.045,23.76,13.16
6687,1672,56.11,10.598185,19.401815,14.17614,8.80363,0.0,-8.80363,21.19637,0.0,94.84,-45.405,23.76,13.16
6688,1672,72.55,10.598185,19.401815,3.7101685,8.80363,0.0,-8.80363,21.19637,0.0,0.84,-21.825000000000003,23.76,13.16
6689,1673,92.55,15.769554,14.230446,3.7101685,0.0,1.5391085,1.5391085,6.4619949,0.0,0.84,42.1,23.76,13.16
6690,1673,138.07,26.769003,3.2309975,25.97118,0.0,23.538005,23.538005,6.4619949,0.0,48.895,86.68333333333332,23.76,13.16
6691,1673,137.97,26.769003,3.2309975,48.232191,0.0,23.538005,23.538005,6.4619949,0.0,0.0,61.985,23.76,13.16
6692,1673,106.35,26.769003,3.2309975,70.493202,0.0,23.538005,23.538005,6.4619949,0.0,61.11,40.0275,23.76,13.16
6693,1674,94.57,15.769554,14.230446,70.493202,0.0,1.5391085,1.5391085,28.460892,0.0,43.785,69.9,26.52,16.16
6694,1674,84.29,15.769554,14.230446,70.493202,0.0,1.5391085,1.5391085,28.460892,0.0,0.0,35.5325,26.52,16.16
6695,1674,67.0,15.769554,14.230446,70.493202,0.0,1.5391085,1.5391085,28.460892,0.0,0.0,54.230000000000004,26.52,16.16
6696,1674,65.12,15.769554,14.230446,70.493202,0.0,1.5391085,1.5391085,28.460892,0.0,97.93,-4.122500000000002,26.52,16.16
6697,1675,60.65,15.0,15.0,68.935755,0.0,0.0,0.0,30.0,0.0,0.0,33.71,27.44,17.16
6698,1675,59.1,15.0,15.0,67.378308,0.0,0.0,0.0,30.0,0.0,30.579999999999995,83.07,27.44,17.16
6699,1675,58.13,15.0,15.0,65.820861,0.0,0.0,0.0,30.0,0.0,19.285,0.0,27.44,17.16
6700,1675,56.93,15.0,15.0,64.263415,0.0,0.0,0.0,30.0,0.0,0.0,58.125,27.44,17.16
6701,1676,58.13,15.0,15.0,62.705968,0.0,0.0,0.0,30.0,0.0,0.0,-9.344999999999999,27.44,17.16
6702,1676,57.93,15.0,15.0,61.148521,0.0,0.0,0.0,30.0,0.0,7.52,37.27,27.44,17.16
6703,1676,66.35,15.0,15.0,59.591074,0.0,0.0,0.0,30.0,0.0,54.4825,0.0,27.44,17.16
6704,1676,70.1,15.0,15.0,58.033627,0.0,0.0,0.0,30.0,0.0,45.864999999999995,64.74333333333334,27.44,17.16
6705,1677,59.9,15.0,15.0,56.476181,0.0,0.0,0.0,30.0,0.0,0.0,63.035,27.44,17.16
6706,1677,35.0,15.0,15.0,54.918734,0.0,0.0,0.0,30.0,0.0,0.0,56.6125,27.44,17.16
6707,1677,16.68,15.0,15.0,53.361287,0.0,0.0,0.0,30.0,0.0,0.0,-1.8149999999999995,27.44,17.16
6708,1677,5.25,15.0,15.0,51.80384,0.0,0.0,0.0,30.0,0.0,5.47,-15.275,27.44,17.16
6709,1678,-0.01,7.8483229,22.151677,35.772616,30.0,15.696646,-14.303354,15.696646,0.0,0.0,-54.5975,27.44,17.16
6710,1678,-0.01,7.8483229,22.151677,19.741392,30.0,15.696646,-14.303354,15.696646,0.0,0.0,-48.965,27.44,17.16
6711,1678,0.2,7.8483229,22.151677,3.7101685,30.0,15.696646,-14.303354,15.696646,0.0,71.27,-458.555,27.44,17.16
6712,1678,53.1,15.769554,14.230446,3.7101685,0.0,1.5391085,1.5391085,15.696646,0.0,0.0,-37.75,27.44,17.16
6713,1679,82.78,19.617325,10.382675,11.497403,0.0,9.234651,9.234651,20.765349,0.0,465.5174999999999,-29.54333333333333,27.44,17.16
6714,1679,106.3,19.617325,10.382675,19.284637,0.0,9.234651,9.234651,20.765349,0.0,65.17,71.52499999999999,27.44,17.16
6715,1679,106.3,19.617325,10.382675,27.071871,0.0,9.234651,9.234651,20.765349,0.0,22.075,-5.705,27.44,17.16
6716,1679,97.6,19.617325,10.382675,34.859105,0.0,9.234651,9.234651,20.765349,0.0,0.0,-11.954999999999998,27.44,17.16
6717,1680,76.3,15.0,15.0,33.301658,0.0,0.0,0.0,30.0,0.0,39.1575,10.0,41.69,14.43
6718,1680,64.9,15.0,15.0,31.744211,0.0,0.0,0.0,30.0,0.0,60.435,0.0,41.69,14.43
6719,1680,51.71,15.0,15.0,30.186764,0.0,0.0,0.0,30.0,0.0,119.88,10.0,41.69,14.43
6720,1680,34.58,15.0,15.0,28.629317,0.0,0.0,0.0,30.0,0.0,139.69,0.0,41.69,14.43
6721,1681,35.34,15.0,15.0,27.071871,0.0,0.0,0.0,30.0,0.0,22.6875,0.0,46.44,13.52
6722,1681,33.25,15.0,15.0,25.514424,0.0,0.0,0.0,30.0,0.0,0.0,17.3,46.44,13.52
6723,1681,29.96,15.0,15.0,23.956977,0.0,0.0,0.0,30.0,0.0,0.0,54.635000000000005,46.44,13.52
6724,1681,33.56,15.0,15.0,22.39953,0.0,0.0,0.0,30.0,0.0,5.04,-20.69,46.44,13.52
6725,1682,43.0,15.0,15.0,20.842083,0.0,0.0,0.0,30.0,0.0,43.61,-5.085000000000001,46.44,13.52
6726,1682,64.08,15.0,15.0,19.284637,0.0,0.0,0.0,30.0,0.0,33.254999999999995,-35.0,46.44,13.52
6727,1682,102.0,15.0,15.0,17.72719,0.0,0.0,0.0,30.0,0.0,1843.61,-89.6825,46.44,13.52
6728,1682,108.32,15.0,15.0,16.169743,0.0,0.0,0.0,30.0,0.0,70.89,42.34,46.44,13.52
6729,1683,91.83,15.0,15.0,14.612296,0.0,0.0,0.0,30.0,0.0,102.21000000000001,0.5324999999999989,46.44,13.52
6730,1683,66.05,15.0,15.0,13.054849,0.0,0.0,0.0,30.0,0.0,83.98,-82.05,46.44,13.52
6731,1683,60.2,15.0,15.0,11.497403,0.0,0.0,0.0,30.0,0.0,65.61,-75.155,46.44,13.52
6732,1683,45.88,15.0,15.0,9.9399558,0.0,0.0,0.0,30.0,0.0,42.66,-19.82,46.44,13.52
6733,1684,43.29,15.0,15.0,8.3825089,0.0,0.0,0.0,30.0,0.0,949.6474999999999,-48.06999999999999,46.44,13.52
6734,1684,55.0,15.0,15.0,6.8250621,0.0,0.0,0.0,30.0,0.0,42.585,-33.379999999999995,46.44,13.52
6735,1684,61.45,15.0,15.0,5.2676153,0.0,0.0,0.0,30.0,0.0,17.085,-112.2875,46.44,13.52
6736,1684,88.79,15.0,15.0,3.7101685,0.0,0.0,0.0,30.0,0.0,83.61,42.94666666666667,46.44,13.52
6737,1685,112.4,15.769554,14.230446,3.7101685,0.0,1.5391085,1.5391085,6.4619949,0.0,113.2775,83.01,46.44,13.52
6738,1685,227.65,26.769003,3.2309975,25.97118,0.0,23.538005,23.538005,6.4619949,0.0,14.896666666666668,7.810000000000002,46.44,13.52
6739,1685,217.36,26.769003,3.2309975,48.232191,0.0,23.538005,23.538005,6.4619949,0.0,43.61,57.94,46.44,13.52
6740,1685,127.43,26.769003,3.2309975,70.493202,0.0,23.538005,23.538005,6.4619949,0.0,53.985,69.3875,46.44,13.52
6741,1686,99.91,15.0,15.0,68.935755,0.0,0.0,0.0,30.0,0.0,49.2125,77.715,40.32,12.83
6742,1686,94.33,15.0,15.0,67.378308,0.0,0.0,0.0,30.0,0.0,60.21999999999999,82.345,40.32,12.83
6743,1686,79.12,15.0,15.0,65.820861,0.0,0.0,0.0,30.0,0.0,68.11500000000001,24.167500000000004,40.32,12.83
6744,1686,68.72,15.0,15.0,64.263415,0.0,0.0,0.0,30.0,0.0,56.81,-28.41,40.32,12.83
6745,1687,62.0,15.0,15.0,62.705968,0.0,0.0,0.0,30.0,0.0,0.54,-13.976666666666667,38.28,12.6
6746,1687,58.23,15.0,15.0,61.148521,30.0,30.0,0.0,30.0,0.0,0.0,9.326666666666666,38.28,12.6
6747,1687,52.85,15.0,15.0,59.591074,30.0,30.0,0.0,30.0,0.0,0.0,-17.42,38.28,12.6
6748,1687,52.57,15.0,15.0,58.033627,30.0,30.0,0.0,30.0,0.0,86.62,48.745000000000005,38.28,12.6
6749,1688,61.4,15.0,15.0,56.476181,0.0,0.0,0.0,30.0,0.0,89.69,-23.656666666666666,38.28,12.6
6750,1688,85.49,15.0,15.0,54.918734,0.0,0.0,0.0,30.0,0.0,0.0,51.58,38.28,12.6
6751,1688,106.61,15.0,15.0,53.361287,0.0,0.0,0.0,30.0,0.0,90.23,-55.9675,38.28,12.6
6752,1688,110.0,15.0,15.0,51.80384,0.0,0.0,0.0,30.0,0.0,0.0,-5.535,38.28,12.6
6753,1689,89.1,15.0,15.0,50.246393,0.0,0.0,0.0,30.0,0.0,0.0,-27.01,38.28,12.6
6754,1689,80.33,15.0,15.0,48.688947,0.0,0.0,0.0,30.0,0.0,0.0,-40.345,38.28,12.6
6755,1689,73.42,15.0,15.0,47.1315,0.0,0.0,0.0,30.0,0.0,0.0,-74.645,38.28,12.6
6756,1689,66.51,15.0,15.0,45.574053,0.0,0.0,0.0,30.0,0.0,62.266666666666666,-177.745,38.28,12.6
6757,1690,70.97,15.0,15.0,44.016606,0.0,0.0,0.0,30.0,0.0,650.1333333333332,-55.3125,38.28,12.6
6758,1690,75.79,15.0,15.0,42.459159,0.0,0.0,0.0,30.0,0.0,48.555,-31.497500000000002,38.28,12.6
6759,1690,77.53,15.0,15.0,40.901712,0.0,0.0,0.0,30.0,0.0,64.84,18.889999999999997,38.28,12.6
6760,1690,85.92,15.0,15.0,39.344266,0.0,0.0,0.0,30.0,0.0,49.04,61.135000000000005,38.28,12.6
6761,1691,114.0,19.617325,10.382675,47.1315,0.0,9.234651,9.234651,20.765349,0.0,0.0,72.91250000000001,38.28,12.6
6762,1691,144.0,19.617325,10.382675,54.918734,0.0,9.234651,9.234651,20.765349,0.0,59.2025,-30.0,38.28,12.6
6763,1691,158.27,19.617325,10.382675,62.705968,0.0,9.234651,9.234651,20.765349,0.0,93.515,80.38,38.28,12.6
6764,1691,109.23,19.617325,10.382675,70.493202,0.0,9.234651,9.234651,20.765349,0.0,62.32666666666667,23.465000000000003,38.28,12.6
6765,1692,94.9,15.0,15.0,68.935755,0.0,0.0,0.0,30.0,0.0,87.61,-37.5,43.349999999999994,12.75
6766,1692,81.86,15.0,15.0,67.378308,0.0,0.0,0.0,30.0,0.0,91.91,-1.7549999999999955,43.349999999999994,12.75
6767,1692,63.53,15.0,15.0,65.820861,0.0,0.0,0.0,30.0,0.0,0.0,31.049999999999997,43.349999999999994,12.75
6768,1692,56.36,15.0,15.0,64.263415,0.0,0.0,0.0,30.0,0.0,0.0,22.35,43.349999999999994,12.75
6769,1693,52.05,15.0,15.0,62.705968,0.0,0.0,0.0,30.0,0.0,87.89,55.685,45.04,12.8
6770,1693,49.21,15.0,15.0,61.148521,30.0,30.0,0.0,30.0,0.0,0.0,44.94,45.04,12.8
6771,1693,46.3,15.0,15.0,59.591074,0.0,0.0,0.0,30.0,0.0,0.0,-33.56,45.04,12.8
6772,1693,48.85,15.0,15.0,58.033627,0.0,0.0,0.0,30.0,0.0,9.08,-20.2125,45.04,12.8
6773,1694,54.97,15.0,15.0,56.476181,0.0,0.0,0.0,30.0,0.0,0.0,-8.526666666666667,45.04,12.8
6774,1694,77.87,15.0,15.0,54.918734,0.0,0.0,0.0,30.0,0.0,81.99,-85.43666666666667,45.04,12.8
6775,1694,98.88,15.0,15.0,53.361287,0.0,0.0,0.0,30.0,0.0,72.005,16.3,45.04,12.8
6776,1694,101.09,15.0,15.0,51.80384,0.0,0.0,0.0,30.0,0.0,53.26,53.25,45.04,12.8
6777,1695,87.0,15.0,15.0,50.246393,0.0,0.0,0.0,30.0,0.0,78.61,-7.159999999999997,45.04,12.8
6778,1695,66.14,15.0,15.0,48.688947,0.0,0.0,0.0,30.0,0.0,0.0,-25.005000000000003,45.04,12.8
6779,1695,55.28,15.0,15.0,47.1315,0.0,0.0,0.0,30.0,0.0,87.87,-2.397500000000001,45.04,12.8
6780,1695,55.99,15.0,15.0,45.574053,0.0,0.0,0.0,30.0,0.0,79.175,0.0,45.04,12.8
6781,1696,59.0,15.0,15.0,44.016606,0.0,0.0,0.0,30.0,0.0,32.60333333333334,-13.85,45.04,12.8
6782,1696,68.48,15.0,15.0,42.459159,0.0,0.0,0.0,30.0,0.0,59.59333333333333,26.052499999999995,45.04,12.8
6783,1696,85.27,15.0,15.0,40.901712,0.0,0.0,0.0,30.0,0.0,86.56333333333333,-26.715,45.04,12.8
6784,1696,95.0,15.0,15.0,39.344266,0.0,0.0,0.0,30.0,0.0,140.875,80.04666666666667,45.04,12.8
6785,1697,112.0,19.617325,10.382675,47.1315,0.0,9.234651,9.234651,20.765349,0.0,0.0,64.155,45.04,12.8
6786,1697,128.0,19.617325,10.382675,54.918734,0.0,9.234651,9.234651,20.765349,0.0,36.345,69.34333333333333,45.04,12.8
6787,1697,129.17,19.617325,10.382675,62.705968,0.0,9.234651,9.234651,20.765349,0.0,32.580000000000005,68.75,45.04,12.8
6788,1697,117.4,19.617325,10.382675,70.493202,0.0,9.234651,9.234651,20.765349,0.0,8.95,59.56,45.04,12.8
6789,1698,99.9,15.0,15.0,68.935755,0.0,0.0,0.0,30.0,0.0,87.81666666666666,62.25,53.650000000000006,13.91
6790,1698,97.94,15.0,15.0,67.378308,0.0,0.0,0.0,30.0,0.0,85.6725,0.0,53.650000000000006,13.91
6791,1698,79.5,15.0,15.0,65.820861,0.0,0.0,0.0,30.0,0.0,48.535,-30.0,53.650000000000006,13.91
6792,1698,70.0,15.0,15.0,64.263415,0.0,0.0,0.0,30.0,0.0,0.0,-22.310000000000002,53.650000000000006,13.91
6793,1699,45.39,15.0,15.0,62.705968,0.0,0.0,0.0,30.0,0.0,18.7675,19.18,56.52,14.28
6794,1699,39.0,15.0,15.0,61.148521,0.0,0.0,0.0,30.0,0.0,95.3925,0.0,56.52,14.28
6795,1699,35.34,15.0,15.0,59.591074,0.0,0.0,0.0,30.0,0.0,1853.61,-94.625,56.52,14.28
6796,1699,26.3,15.0,15.0,58.033627,0.0,0.0,0.0,30.0,0.0,0.0,-42.2875,56.52,14.28
6797,1700,33.79,15.0,15.0,56.476181,0.0,0.0,0.0,30.0,0.0,0.0,-48.7625,56.52,14.28
6798,1700,56.14,15.0,15.0,54.918734,0.0,0.0,0.0,30.0,0.0,8.88,-3.4166666666666643,56.52,14.28
6799,1700,84.9,15.0,15.0,53.361287,0.0,0.0,0.0,30.0,0.0,108.7725,0.0,56.52,14.28
6800,1700,80.46,15.0,15.0,51.80384,0.0,0.0,0.0,30.0,0.0,83.61,34.57666666666667,56.52,14.28
6801,1701,67.5,15.0,15.0,50.246393,0.0,0.0,0.0,30.0,0.0,40.0,-38.9375,56.52,14.28
6802,1701,52.01,15.0,15.0,48.688947,0.0,0.0,0.0,30.0,0.0,43.61,-39.0675,56.52,14.28
6803,1701,38.93,15.0,15.0,47.1315,0.0,0.0,0.0,30.0,0.0,43.61,-43.205,56.52,14.28
6804,1701,21.89,15.0,15.0,45.574053,0.0,0.0,0.0,30.0,0.0,64.71333333333334,-56.5,56.52,14.28
6805,1702,15.94,15.0,15.0,44.016606,0.0,0.0,0.0,30.0,0.0,60.066666666666656,-33.915,56.52,14.28
6806,1702,20.01,15.0,15.0,42.459159,0.0,0.0,0.0,30.0,0.0,65.99,-10.5275,56.52,14.28
6807,1702,38.37,15.0,15.0,40.901712,0.0,0.0,0.0,30.0,0.0,145.10500000000002,57.07666666666667,56.52,14.28
6808,1702,58.0,15.0,15.0,39.344266,0.0,0.0,0.0,30.0,0.0,673.19,-151.60500000000002,56.52,14.28
6809,1703,89.9,15.0,15.0,37.786819,0.0,0.0,0.0,30.0,0.0,159.7475,-14.85,56.52,14.28
6810,1703,109.9,15.0,15.0,36.229372,0.0,0.0,0.0,30.0,0.0,973.3174999999999,0.0,56.52,14.28
6811,1703,145.94,15.0,15.0,34.671925,0.0,0.0,0.0,30.0,0.0,953.9675,0.0,56.52,14.28
6812,1703,120.0,15.0,15.0,33.114478,0.0,0.0,0.0,30.0,0.0,173.93333333333334,-1.9399999999999977,56.52,14.28
6813,1704,90.41,15.0,15.0,31.557032,0.0,0.0,0.0,30.0,0.0,1853.61,7.085000000000008,47.489999999999995,16.499999999999996
6814,1704,95.26,15.0,15.0,29.999585,0.0,0.0,0.0,30.0,0.0,71.98666666666666,32.54,47.489999999999995,16.499999999999996
6815,1704,86.2,15.0,15.0,28.442138,0.0,0.0,0.0,30.0,0.0,62.25750000000001,-16.32,47.489999999999995,16.499999999999996
6816,1704,83.9,15.0,15.0,26.884691,0.0,0.0,0.0,30.0,0.0,66.03666666666666,22.89,47.489999999999995,16.499999999999996
6817,1705,79.9,15.0,15.0,25.327244,0.0,0.0,0.0,30.0,0.0,5.895,-1.6800000000000068,44.48,17.24
6818,1705,79.19,15.0,15.0,23.769798,0.0,0.0,0.0,30.0,0.0,46.144999999999996,-45.3425,44.48,17.24
6819,1705,67.91,15.0,15.0,22.212351,0.0,0.0,0.0,30.0,0.0,27.0125,0.3049999999999997,44.48,17.24
6820,1705,69.14,15.0,15.0,20.654904,0.0,0.0,0.0,30.0,0.0,87.68666666666667,63.045,44.48,17.24
6821,1706,80.29,15.21551,14.78449,19.533614,0.0,0.431021,0.431021,29.568979,0.0,68.02499999999999,-45.0,44.48,17.24
6822,1706,99.95,15.21551,14.78449,18.412323,0.0,0.431021,0.431021,29.568979,0.0,1.13,31.16,44.48,17.24
6823,1706,140.41,15.21551,14.78449,17.291033,0.0,0.431021,0.431021,29.568979,0.0,38.13333333333334,66.11,44.48,17.24
6824,1706,155.49,15.21551,14.78449,16.169743,0.0,0.431021,0.431021,29.568979,0.0,1.13,81.29333333333334,44.48,17.24
6825,1707,110.01,15.0,15.0,14.612296,0.0,0.0,0.0,30.0,0.0,0.0,44.267500000000005,44.48,17.24
6826,1707,90.0,15.0,15.0,13.054849,0.0,0.0,0.0,30.0,0.0,107.0,-3.1199999999999974,44.48,17.24
6827,1707,72.35,15.0,15.0,11.497403,0.0,0.0,0.0,30.0,0.0,1414.575,-328.24249999999995,44.48,17.24
6828,1707,61.65,15.0,15.0,9.9399558,0.0,0.0,0.0,30.0,0.0,172.5075,-410.99333333333334,44.48,17.24
6829,1708,57.17,15.0,15.0,8.3825089,0.0,0.0,0.0,30.0,0.0,82.5875,0.0,44.48,17.24
6830,1708,59.56,15.0,15.0,6.8250621,0.0,0.0,0.0,30.0,0.0,114.26,47.09,44.48,17.24
6831,1708,66.96,15.0,15.0,5.2676153,0.0,0.0,0.0,30.0,0.0,492.79999999999995,-110.935,44.48,17.24
6832,1708,85.35,15.0,15.0,3.7101685,0.0,0.0,0.0,30.0,0.0,0.0,-31.5,44.48,17.24
6833,1709,106.6,24.01914,5.9808595,20.405927,0.0,18.038281,18.038281,11.961719,0.0,97.54,40.2025,44.48,17.24
6834,1709,158.35,24.01914,5.9808595,37.101685,0.0,18.038281,18.038281,11.961719,0.0,97.64,0.0,44.48,17.24
6835,1709,172.05,24.01914,5.9808595,53.797444,0.0,18.038281,18.038281,11.961719,0.0,23.447500000000005,0.0,44.48,17.24
6836,1709,120.0,24.01914,5.9808595,70.493202,0.0,18.038281,18.038281,11.961719,0.0,49.32000000000001,0.0,44.48,17.24
6837,1710,99.79,15.0,15.0,68.935755,0.0,0.0,0.0,30.0,0.0,77.30250000000001,0.0,36.29,17.33
6838,1710,100.0,15.0,15.0,67.378308,0.0,0.0,0.0,30.0,0.0,78.625,0.0,36.29,17.33
6839,1710,90.0,15.0,15.0,65.820861,0.0,0.0,0.0,30.0,0.0,90.725,78.065,36.29,17.33
6840,1710,91.21,15.0,15.0,64.263415,0.0,0.0,0.0,30.0,0.0,44.4925,12.816666666666677,36.29,17.33
6841,1711,83.33,15.0,15.0,62.705968,0.0,0.0,0.0,30.0,0.0,72.21333333333334,0.0,33.56,17.36
6842,1711,80.54,15.0,15.0,61.148521,0.0,0.0,0.0,30.0,0.0,90.13,0.0,33.56,17.36
6843,1711,81.46,15.0,15.0,59.591074,0.0,0.0,0.0,30.0,0.0,56.410000000000004,58.01,33.56,17.36
6844,1711,77.81,15.0,15.0,58.033627,0.0,0.0,0.0,30.0,0.0,54.9,72.08500000000001,33.56,17.36
6845,1712,74.9,15.0,15.0,56.476181,0.0,0.0,0.0,30.0,0.0,61.11,17.056666666666672,33.56,17.36
6846,1712,71.63,15.0,15.0,54.918734,0.0,0.0,0.0,30.0,0.0,74.35,-28.0,33.56,17.36
6847,1712,105.6,15.0,15.0,53.361287,30.0,30.0,0.0,30.0,0.0,109.63,40.7125,33.56,17.36
6848,1712,122.0,15.0,15.0,51.80384,0.0,0.0,0.0,30.0,0.0,0.0,22.725,33.56,17.36
6849,1713,119.9,18.078217,11.921783,56.476181,0.0,6.156434,6.156434,23.843566,0.0,0.0,30.7675,33.56,17.36
6850,1713,125.81,18.078217,11.921783,61.148521,0.0,6.156434,6.156434,23.843566,0.0,37.60333333333334,64.75999999999999,33.56,17.36
6851,1713,89.9,18.078217,11.921783,65.820861,0.0,6.156434,6.156434,23.843566,0.0,98.59,-20.78,33.56,17.36
6852,1713,67.59,18.078217,11.921783,70.493202,0.0,6.156434,6.156434,23.843566,0.0,43.61,46.097500000000004,33.56,17.36
6853,1714,44.32,15.0,15.0,68.935755,0.0,0.0,0.0,30.0,0.0,26.42,89.62333333333333,33.56,17.36
6854,1714,23.34,15.0,15.0,67.378308,0.0,0.0,0.0,30.0,0.0,100.84,66.37,33.56,17.36
6855,1714,46.35,15.0,15.0,65.820861,0.0,0.0,0.0,30.0,0.0,72.475,11.240000000000002,33.56,17.36
6856,1714,69.47,15.0,15.0,64.263415,0.0,0.0,0.0,30.0,0.0,287.61,55.525,33.56,17.36
6857,1715,84.55,16.539108,13.460892,65.820861,0.0,3.078217,3.078217,26.921783,0.0,578.5975,89.87,33.56,17.36
6858,1715,82.77,16.539108,13.460892,67.378308,0.0,3.078217,3.078217,26.921783,0.0,56.055,11.662500000000001,33.56,17.36
6859,1715,79.44,16.539108,13.460892,68.935755,0.0,3.078217,3.078217,26.921783,0.0,44.707499999999996,-36.6875,33.56,17.36
6860,1715,60.58,16.539108,13.460892,70.493202,0.0,3.078217,3.078217,26.921783,0.0,263.87333333333333,-44.3175,33.56,17.36
6861,1716,45.42,15.0,15.0,68.935755,0.0,0.0,0.0,30.0,0.0,76.475,41.44,35.03000000000001,22.76
6862,1716,34.87,15.0,15.0,67.378308,0.0,0.0,0.0,30.0,0.0,1026.19,25.11,35.03000000000001,22.76
6863,1716,25.37,15.0,15.0,65.820861,0.0,0.0,0.0,30.0,0.0,207.34,-32.0,35.03000000000001,22.76
6864,1716,0.0,15.0,15.0,64.263415,0.0,0.0,0.0,30.0,0.0,97.75999999999999,-30.0,35.03000000000001,22.76
6865,1717,-0.01,15.0,15.0,62.705968,0.0,0.0,0.0,30.0,0.0,90.7075,-25.35,35.52,24.56
6866,1717,-0.07,15.0,15.0,61.148521,30.0,30.0,0.0,30.0,0.0,93.23666666666666,-80.305,35.52,24.56
6867,1717,-0.37,15.0,15.0,59.591074,0.0,0.0,0.0,30.0,0.0,157.695,-84.035,35.52,24.56
6868,1717,-0.51,15.0,15.0,58.033627,0.0,0.0,0.0,30.0,0.0,124.1225,-38.9875,35.52,24.56
6869,1718,-0.09,15.0,15.0,56.476181,30.0,30.0,0.0,30.0,0.0,60.615,-30.2675,35.52,24.56
6870,1718,-0.01,15.0,15.0,54.918734,0.0,0.0,0.0,30.0,0.0,69.6525,-25.072499999999998,35.52,24.56
6871,1718,1.72,15.0,15.0,53.361287,30.0,30.0,0.0,30.0,0.0,89.4425,-64.8475,35.52,24.56
6872,1718,17.96,15.0,15.0,51.80384,0.0,0.0,0.0,30.0,0.0,83.61,61.14666666666666,35.52,24.56
6873,1719,9.85,10.598185,19.401815,41.337869,8.80363,0.0,-8.80363,21.19637,0.0,44.339999999999996,-0.9074999999999989,35.52,24.56
6874,1719,0.0,10.598185,19.401815,30.871898,8.80363,0.0,-8.80363,21.19637,0.0,106.6025,-51.260000000000005,35.52,24.56
6875,1719,-10.0,10.598185,19.401815,20.405927,8.80363,0.0,-8.80363,21.19637,0.0,95.87,-44.75,35.52,24.56
6876,1719,-10.06,10.598185,19.401815,9.9399558,30.0,21.19637,-8.803629999999998,21.19637,0.0,53.3825,-130.675,35.52,24.56
6877,1720,-10.04,15.0,15.0,8.3825089,30.0,30.0,0.0,30.0,0.0,63.4525,-31.4675,35.52,24.56
6878,1720,-3.01,15.0,15.0,6.8250621,0.0,0.0,0.0,30.0,0.0,195.575,-63.25,35.52,24.56
6879,1720,7.28,15.0,15.0,5.2676153,0.0,0.0,0.0,30.0,0.0,75.47,-37.412499999999994,35.52,24.56
6880,1720,30.14,15.0,15.0,3.7101685,0.0,0.0,0.0,30.0,0.0,44.04,-391.5175,35.52,24.56
6881,1721,115.0,18.206476,11.793524,8.6420834,0.0,6.4129521,6.4129521,23.587048,0.0,174.1725,58.01,35.52,24.56
6882,1721,118.74,18.206476,11.793524,13.573998,0.0,6.4129521,6.4129521,23.587048,0.0,112.24333333333334,78.3825,35.52,24.56
6883,1721,131.97,18.206476,11.793524,18.505913,0.0,6.4129521,6.4129521,23.587048,0.0,113.61,30.840000000000003,35.52,24.56
6884,1721,108.07,18.206476,11.793524,23.437828,0.0,6.4129521,6.4129521,23.587048,0.0,43.61,75.09,35.52,24.56
6885,1722,99.9,15.0,15.0,21.880381,0.0,0.0,0.0,30.0,0.0,90.49666666666667,81.725,30.659999999999997,14.27
6886,1722,94.0,15.0,15.0,20.322934,0.0,0.0,0.0,30.0,0.0,53.70333333333333,70.83333333333334,30.659999999999997,14.27
6887,1722,90.0,15.0,15.0,18.765488,0.0,0.0,0.0,30.0,0.0,91.88499999999999,2.864999999999995,30.659999999999997,14.27
6888,1722,104.0,15.0,15.0,17.208041,0.0,0.0,0.0,30.0,0.0,89.695,51.4975,30.659999999999997,14.27
6889,1723,89.9,15.0,15.0,15.650594,0.0,0.0,0.0,30.0,0.0,0.0,61.8525,29.04,10.84
6890,1723,98.0,15.0,15.0,14.093147,0.0,0.0,0.0,30.0,0.0,66.88666666666667,79.56750000000001,29.04,10.84
6891,1723,94.0,15.0,15.0,12.5357,0.0,0.0,0.0,30.0,0.0,100.7925,110.18,29.04,10.84
6892,1723,72.0,15.0,15.0,10.978254,0.0,0.0,0.0,30.0,0.0,96.51,80.9725,29.04,10.84
6893,1724,62.2,12.178301,17.821699,3.7101685,30.0,24.356602,-5.643398000000001,24.356602,0.0,0.0,-147.42999999999995,29.04,10.84
6894,1724,98.74,17.821699,12.178301,7.86336,0.0,5.6433978,5.6433978,24.356602,0.0,93.04333333333334,2.99,29.04,10.84
6895,1724,130.53,17.821699,12.178301,12.016551,0.0,5.6433978,5.6433978,24.356602,0.0,982.3299999999998,0.0,29.04,10.84
6896,1724,153.12,17.821699,12.178301,16.169743,0.0,5.6433978,5.6433978,24.356602,0.0,73.30000000000001,89.69,29.04,10.84
6897,1725,125.58,15.0,15.0,14.612296,0.0,0.0,0.0,30.0,0.0,0.0,82.1,29.04,10.84
6898,1725,103.0,15.0,15.0,13.054849,0.0,0.0,0.0,30.0,0.0,0.0,80.785,29.04,10.84
6899,1725,95.53,15.0,15.0,11.497403,0.0,0.0,0.0,30.0,0.0,0.0,75.16,29.04,10.84
6900,1725,91.56,15.0,15.0,9.9399558,0.0,0.0,0.0,30.0,0.0,0.0,46.2675,29.04,10.84
6901,1726,85.0,15.0,15.0,8.3825089,0.0,0.0,0.0,30.0,0.0,0.0,70.185,29.04,10.84
6902,1726,74.16,15.0,15.0,6.8250621,0.0,0.0,0.0,30.0,0.0,90.715,79.98666666666666,29.04,10.84
6903,1726,88.32,15.0,15.0,5.2676153,30.0,30.0,0.0,30.0,0.0,0.0,-59.40249999999999,29.04,10.84
6904,1726,105.79,15.0,15.0,3.7101685,0.0,0.0,0.0,30.0,0.0,43.84,9.930000000000007,29.04,10.84
6905,1727,158.51,24.01914,5.9808595,20.405927,0.0,18.038281,18.038281,11.961719,0.0,826.1766666666667,78.04,29.04,10.84
6906,1727,250.0,24.01914,5.9808595,37.101685,0.0,18.038281,18.038281,11.961719,0.0,2038.97,0.0,29.04,10.84
6907,1727,263.27,24.01914,5.9808595,53.797444,0.0,18.038281,18.038281,11.961719,0.0,1645.045,0.0,29.04,10.84
6908,1727,158.0,24.01914,5.9808595,70.493202,0.0,18.038281,18.038281,11.961719,0.0,34.25,76.44333333333334,29.04,10.84
6909,1728,113.64,15.0,15.0,68.935755,0.0,0.0,0.0,30.0,0.0,0.0,75.7,26.549999999999997,9.28
6910,1728,99.66,15.0,15.0,67.378308,0.0,0.0,0.0,30.0,0.0,92.3475,88.84,26.549999999999997,9.28
6911,1728,94.8,15.0,15.0,65.820861,0.0,0.0,0.0,30.0,0.0,94.21000000000001,84.50666666666667,26.549999999999997,9.28
6912,1728,90.4,15.0,15.0,64.263415,0.0,0.0,0.0,30.0,0.0,86.05,47.5625,26.549999999999997,9.28
6913,1729,86.08,15.0,15.0,62.705968,0.0,0.0,0.0,30.0,0.0,0.0,15.19,25.72,8.76
6914,1729,88.76,15.0,15.0,61.148521,0.0,0.0,0.0,30.0,0.0,0.0,-10.1875,25.72,8.76
6915,1729,84.04,15.0,15.0,59.591074,0.0,0.0,0.0,30.0,0.0,86.05,78.35249999999999,25.72,8.76
6916,1729,79.94,15.0,15.0,58.033627,0.0,0.0,0.0,30.0,0.0,0.0,66.78999999999999,25.72,8.76
6917,1730,87.0,0.0,30.0,26.118734,30.0,0.0,-30.0,0.0,0.0,47.255,4.534999999999997,25.72,8.76
6918,1730,109.9,9.234651,20.765349,12.893202,30.0,18.469302,-11.530698000000001,0.0,0.0,0.0,50.0375,25.72,8.76
6919,1730,175.94,30.0,0.0,41.693202,0.0,30.0,30.0,0.0,0.0,112.72,50.39,25.72,8.76
6920,1730,171.13,30.0,0.0,70.493202,0.0,30.0,30.0,0.0,0.0,142.69,71.88,25.72,8.76
6921,1731,110.54,15.0,15.0,68.935755,0.0,0.0,0.0,30.0,0.0,96.58,-43.572500000000005,25.72,8.76
6922,1731,92.74,15.0,15.0,67.378308,0.0,0.0,0.0,30.0,0.0,32.315,75.6,25.72,8.76
6923,1731,83.05,15.0,15.0,65.820861,0.0,0.0,0.0,30.0,0.0,86.29,-15.519999999999998,25.72,8.76
6924,1731,78.47,15.0,15.0,64.263415,0.0,0.0,0.0,30.0,0.0,87.935,-7.91,25.72,8.76
6925,1732,71.16,15.0,15.0,62.705968,0.0,0.0,0.0,30.0,0.0,89.58,2.41,25.72,8.76
6926,1732,70.03,15.0,15.0,61.148521,0.0,0.0,0.0,30.0,0.0,0.0,-7.282499999999999,25.72,8.76
6927,1732,77.37,15.0,15.0,59.591074,0.0,0.0,0.0,30.0,0.0,14.63,-5.017499999999998,25.72,8.76
6928,1732,86.33,15.0,15.0,58.033627,0.0,0.0,0.0,30.0,0.0,10.09,-19.73,25.72,8.76
6929,1733,116.17,17.308663,12.691337,61.148521,25.382675,30.0,4.617325000000001,25.382675,0.0,400.1125,57.69,25.72,8.76
6930,1733,132.18,17.308663,12.691337,64.263415,0.0,4.6173255,4.6173255,25.382675,0.0,1210.38,-92.45,25.72,8.76
6931,1733,101.53,17.308663,12.691337,67.378308,25.382675,30.0,4.617325000000001,25.382675,0.0,102.04,-9.535000000000004,25.72,8.76
6932,1733,76.9,17.308663,12.691337,70.493202,0.0,4.6173255,4.6173255,25.382675,0.0,99.11749999999999,-44.48000000000002,25.72,8.76
6933,1734,66.44,15.0,15.0,68.935755,0.0,0.0,0.0,30.0,0.0,50.8,36.00333333333333,69.64,11.07
6934,1734,59.24,15.0,15.0,67.378308,0.0,0.0,0.0,30.0,0.0,0.0,19.9,69.64,11.07
6935,1734,42.13,15.0,15.0,65.820861,0.0,0.0,0.0,30.0,0.0,1.05,-17.1075,69.64,11.07
6936,1734,25.54,15.0,15.0,64.263415,0.0,0.0,0.0,30.0,0.0,18.5,-16.72,69.64,11.07
6937,1735,12.8,15.0,15.0,62.705968,30.0,30.0,0.0,30.0,0.0,22.74,4.3999999999999995,84.28,11.84
6938,1735,5.3,15.0,15.0,61.148521,30.0,30.0,0.0,30.0,0.0,0.0,1.802500000000002,84.28,11.84
6939,1735,3.61,15.0,15.0,59.591074,30.0,30.0,0.0,30.0,0.0,27.25,-33.095,84.28,11.84
6940,1735,2.86,15.0,15.0,58.033627,30.0,30.0,0.0,30.0,0.0,22.86,-47.894999999999996,84.28,11.84
6941,1736,7.19,15.0,15.0,56.476181,30.0,30.0,0.0,30.0,0.0,45.18,-24.509999999999998,84.28,11.84
6942,1736,41.36,15.0,15.0,54.918734,0.0,0.0,0.0,30.0,0.0,60.88749999999999,-0.6799999999999926,84.28,11.84
6943,1736,61.5,15.0,15.0,53.361287,0.0,0.0,0.0,30.0,0.0,126.83,-18.095,84.28,11.84
6944,1736,80.1,15.0,15.0,51.80384,0.0,0.0,0.0,30.0,0.0,73.245,19.18,84.28,11.84
6945,1737,54.29,15.0,15.0,50.246393,0.0,0.0,0.0,30.0,0.0,41.230000000000004,-19.576666666666664,84.28,11.84
6946,1737,26.68,15.0,15.0,48.688947,0.0,0.0,0.0,30.0,0.0,73.5625,-78.91,84.28,11.84
6947,1737,14.16,15.0,15.0,47.1315,30.0,30.0,0.0,30.0,0.0,52.705,-20.38,84.28,11.84
6948,1737,4.09,15.0,15.0,45.574053,30.0,30.0,0.0,30.0,0.0,139.185,0.0,84.28,11.84
6949,1738,2.04,15.0,15.0,44.016606,30.0,30.0,0.0,30.0,0.0,94.55,-15.5,84.28,11.84
6950,1738,4.0,15.0,15.0,42.459159,0.0,0.0,0.0,30.0,0.0,24.542499999999997,-57.1475,84.28,11.84
6951,1738,14.18,15.0,15.0,40.901712,0.0,0.0,0.0,30.0,0.0,57.18,-68.71666666666667,84.28,11.84
6952,1738,52.0,15.0,15.0,39.344266,0.0,0.0,0.0,30.0,0.0,33.7825,-38.0,84.28,11.84
6953,1739,99.9,15.0,15.0,37.786819,0.0,0.0,0.0,30.0,0.0,41.54,-11.780000000000001,84.28,11.84
6954,1739,106.0,15.0,15.0,36.229372,0.0,0.0,0.0,30.0,0.0,87.4725,-30.295,84.28,11.84
6955,1739,104.0,15.0,15.0,34.671925,0.0,0.0,0.0,30.0,0.0,24.202499999999997,-17.486666666666668,84.28,11.84
6956,1739,78.74,15.0,15.0,33.114478,0.0,0.0,0.0,30.0,0.0,44.69,-23.2275,84.28,11.84
6957,1740,67.0,15.0,15.0,31.557032,0.0,0.0,0.0,30.0,0.0,75.31,-7.86,56.559999999999995,11.329999999999998
6958,1740,35.14,15.0,15.0,29.999585,0.0,0.0,0.0,30.0,0.0,30.6975,-20.955,56.559999999999995,11.329999999999998
6959,1740,26.54,15.0,15.0,28.442138,0.0,0.0,0.0,30.0,0.0,28.82,-33.7225,56.559999999999995,11.329999999999998
6960,1740,17.04,15.0,15.0,26.884691,0.0,0.0,0.0,30.0,0.0,0.0,-14.754999999999999,56.559999999999995,11.329999999999998
6961,1741,12.15,15.0,15.0,25.327244,30.0,30.0,0.0,30.0,0.0,0.0,15.387500000000001,47.32,11.16
6962,1741,10.48,15.0,15.0,23.769798,30.0,30.0,0.0,30.0,0.0,0.0,12.765,47.32,11.16
6963,1741,5.61,15.0,15.0,22.212351,30.0,30.0,0.0,30.0,0.0,0.0,-8.996666666666666,47.32,11.16
6964,1741,10.01,15.0,15.0,20.654904,30.0,30.0,0.0,30.0,0.0,0.0,13.752500000000001,47.32,11.16
6965,1742,28.97,15.0,15.0,19.097457,0.0,0.0,0.0,30.0,0.0,43.61,-33.25,47.32,11.16
6966,1742,69.22,15.0,15.0,17.54001,0.0,0.0,0.0,30.0,0.0,485.75749999999994,-320.07000000000005,47.32,11.16
6967,1742,98.94,15.0,15.0,15.982564,0.0,0.0,0.0,30.0,0.0,109.72,33.61,47.32,11.16
6968,1742,101.8,15.0,15.0,14.425117,0.0,0.0,0.0,30.0,0.0,62.224999999999994,83.795,47.32,11.16
6969,1743,104.1,15.21551,14.78449,13.303826,0.0,0.431021,0.431021,29.568979,0.0,80.525,0.0,47.32,11.16
6970,1743,101.91,15.21551,14.78449,12.182536,0.0,0.431021,0.431021,29.568979,0.0,111.4125,-19.247500000000002,47.32,11.16
6971,1743,98.0,15.21551,14.78449,11.061246,0.0,0.431021,0.431021,29.568979,0.0,94.54,50.412499999999994,47.32,11.16
6972,1743,96.0,15.21551,14.78449,9.9399558,0.0,0.431021,0.431021,29.568979,0.0,33.44,4.142499999999998,47.32,11.16
6973,1744,94.7,15.0,15.0,8.3825089,0.0,0.0,0.0,30.0,0.0,176.4875,72.41,47.32,11.16
6974,1744,92.6,15.0,15.0,6.8250621,0.0,0.0,0.0,30.0,0.0,61.06,0.0,47.32,11.16
6975,1744,96.6,15.0,15.0,5.2676153,0.0,0.0,0.0,30.0,0.0,59.010000000000005,-0.3499999999999943,47.32,11.16
6976,1744,96.0,15.0,15.0,3.7101685,0.0,0.0,0.0,30.0,0.0,790.8425,-69.435,47.32,11.16
6977,1745,124.7,19.617325,10.382675,11.497403,0.0,9.234651,9.234651,20.765349,0.0,27.29,75.7375,47.32,11.16
6978,1745,181.32,19.617325,10.382675,19.284637,0.0,9.234651,9.234651,20.765349,0.0,43.61,58.2975,47.32,11.16
6979,1745,171.0,19.617325,10.382675,27.071871,0.0,9.234651,9.234651,20.765349,0.0,46.795,75.9525,47.32,11.16
6980,1745,117.5,19.617325,10.382675,34.859105,0.0,9.234651,9.234651,20.765349,0.0,86.9025,82.67,47.32,11.16
6981,1746,100.0,15.0,15.0,33.301658,0.0,0.0,0.0,30.0,0.0,70.41499999999999,65.39,38.88,10.38
6982,1746,97.0,15.0,15.0,31.744211,0.0,0.0,0.0,30.0,0.0,17.035,71.61333333333333,38.88,10.38
6983,1746,88.4,15.0,15.0,30.186764,0.0,0.0,0.0,30.0,0.0,1226.9433333333332,22.0875,38.88,10.38
6984,1746,87.27,15.0,15.0,28.629317,0.0,0.0,0.0,30.0,0.0,71.8975,68.68,38.88,10.38
6985,1747,85.92,15.0,15.0,27.071871,0.0,0.0,0.0,30.0,0.0,121.145,80.185,30.44,9.6
6986,1747,89.71,15.0,15.0,25.514424,0.0,0.0,0.0,30.0,0.0,39.235,84.47999999999999,30.44,9.6
6987,1747,82.68,15.0,15.0,23.956977,0.0,0.0,0.0,30.0,0.0,115.145,0.0,30.44,9.6
6988,1747,86.97,15.0,15.0,22.39953,0.0,0.0,0.0,30.0,0.0,119.5625,0.0,30.44,9.6
6989,1748,87.05,15.0,15.0,20.842083,0.0,0.0,0.0,30.0,0.0,45.56749999999999,51.04,30.44,9.6
6990,1748,100.58,15.0,15.0,19.284637,0.0,0.0,0.0,30.0,0.0,126.0725,66.96000000000001,30.44,9.6
6991,1748,146.66,15.0,15.0,17.72719,0.0,0.0,0.0,30.0,0.0,67.4575,64.22,30.44,9.6
6992,1748,157.67,15.0,15.0,16.169743,0.0,0.0,0.0,30.0,0.0,97.97,82.09,30.44,9.6
6993,1749,118.11,15.0,15.0,14.612296,0.0,0.0,0.0,30.0,0.0,90.08,80.48,30.44,9.6
6994,1749,103.45,15.0,15.0,13.054849,0.0,0.0,0.0,30.0,0.0,59.065,65.91,30.44,9.6
6995,1749,89.96,15.0,15.0,11.497403,0.0,0.0,0.0,30.0,0.0,65.30666666666667,55.99666666666667,30.44,9.6
6996,1749,90.33,15.0,15.0,9.9399558,0.0,0.0,0.0,30.0,0.0,0.99,19.2425,30.44,9.6
6997,1750,86.2,15.0,15.0,8.3825089,0.0,0.0,0.0,30.0,0.0,163.03,34.3375,30.44,9.6
6998,1750,90.53,15.0,15.0,6.8250621,0.0,0.0,0.0,30.0,0.0,67.8825,78.12,30.44,9.6
6999,1750,86.8,15.0,15.0,5.2676153,0.0,0.0,0.0,30.0,0.0,57.917500000000004,46.504999999999995,30.44,9.6
7000,1750,103.29,15.0,15.0,3.7101685,0.0,0.0,0.0,30.0,0.0,154.89249999999998,77.26,30.44,9.6
7001,1751,133.67,26.769003,3.2309975,25.97118,0.0,23.538005,23.538005,6.4619949,0.0,100.95,91.6,30.44,9.6
7002,1751,181.0,26.769003,3.2309975,48.232191,0.0,23.538005,23.538005,6.4619949,0.0,96.7075,85.9,30.44,9.6
7003,1751,142.85,26.769003,3.2309975,70.493202,0.0,23.538005,23.538005,6.4619949,0.0,103.05,78.74000000000001,30.44,9.6
7004,1751,103.25,15.769554,14.230446,70.493202,0.0,1.5391085,1.5391085,6.4619949,0.0,99.81,64.715,30.44,9.6
7005,1752,97.06,15.0,15.0,68.935755,0.0,0.0,0.0,30.0,0.0,118.78999999999999,61.95333333333333,29.060000000000002,13.05
7006,1752,97.13,15.0,15.0,67.378308,0.0,0.0,0.0,30.0,0.0,47.8925,78.38333333333334,29.060000000000002,13.05
7007,1752,86.74,15.0,15.0,65.820861,0.0,0.0,0.0,30.0,0.0,59.475,73.55,29.060000000000002,13.05
7008,1752,91.09,15.0,15.0,64.263415,0.0,0.0,0.0,30.0,0.0,25.682499999999997,76.91,29.060000000000002,13.05
7009,1753,92.07,15.0,15.0,62.705968,0.0,0.0,0.0,30.0,0.0,105.97666666666666,73.59,28.6,14.2
7010,1753,87.88,15.0,15.0,61.148521,0.0,0.0,0.0,30.0,0.0,54.135,76.91,28.6,14.2
7011,1753,81.08,15.0,15.0,59.591074,0.0,0.0,0.0,30.0,0.0,73.5375,0.0,28.6,14.2
7012,1753,84.65,15.0,15.0,58.033627,0.0,0.0,0.0,30.0,0.0,29.669999999999995,55.69,28.6,14.2
7013,1754,83.48,15.0,15.0,56.476181,0.0,0.0,0.0,30.0,0.0,58.61,78.99000000000001,28.6,14.2
7014,1754,83.21,15.0,15.0,54.918734,0.0,0.0,0.0,30.0,0.0,48.39000000000001,84.87,28.6,14.2
7015,1754,90.55,15.0,15.0,53.361287,0.0,0.0,0.0,30.0,0.0,165.0,77.89666666666666,28.6,14.2
7016,1754,98.7,15.0,15.0,51.80384,0.0,0.0,0.0,30.0,0.0,117.5,67.24000000000001,28.6,14.2
7017,1755,91.8,15.0,15.0,50.246393,0.0,0.0,0.0,30.0,0.0,53.615,0.0,28.6,14.2
7018,1755,78.59,15.0,15.0,48.688947,0.0,0.0,0.0,30.0,0.0,30.507499999999993,66.0,28.6,14.2
7019,1755,72.03,15.0,15.0,47.1315,0.0,0.0,0.0,30.0,0.0,27.299999999999997,42.6625,28.6,14.2
7020,1755,66.0,15.0,15.0,45.574053,0.0,0.0,0.0,30.0,0.0,87.6625,66.0,28.6,14.2
7021,1756,60.15,15.0,15.0,44.016606,0.0,0.0,0.0,30.0,0.0,133.39249999999998,80.47,28.6,14.2
7022,1756,61.0,15.0,15.0,42.459159,0.0,0.0,0.0,30.0,0.0,27.7075,0.0,28.6,14.2
7023,1756,75.45,15.0,15.0,40.901712,0.0,0.0,0.0,30.0,0.0,40.64,35.805,28.6,14.2
7024,1756,96.0,15.0,15.0,39.344266,0.0,0.0,0.0,30.0,0.0,11.5675,-30.79,28.6,14.2
7025,1757,106.83,19.617325,10.382675,47.1315,0.0,9.234651,9.234651,20.765349,0.0,116.81666666666666,85.83,28.6,14.2
7026,1757,133.13,19.617325,10.382675,54.918734,0.0,9.234651,9.234651,20.765349,0.0,68.61,59.97,28.6,14.2
7027,1757,117.0,19.617325,10.382675,62.705968,0.0,9.234651,9.234651,20.765349,0.0,100.04,67.74,28.6,14.2
7028,1757,95.45,19.617325,10.382675,70.493202,0.0,9.234651,9.234651,20.765349,0.0,68.61,49.913333333333334,28.6,14.2
7029,1758,88.6,15.769554,14.230446,70.493202,0.0,1.5391085,1.5391085,28.460892,0.0,39.28666666666667,39.69,30.4,22.57
7030,1758,83.41,15.769554,14.230446,70.493202,0.0,1.5391085,1.5391085,28.460892,0.0,21.21333333333333,27.476666666666667,30.4,22.57
7031,1758,73.33,15.769554,14.230446,70.493202,0.0,1.5391085,1.5391085,28.460892,0.0,62.905,42.666666666666664,30.4,22.57
7032,1758,54.04,15.769554,14.230446,70.493202,0.0,1.5391085,1.5391085,28.460892,0.0,909.825,-608.5475,30.4,22.57
7033,1759,54.9,15.0,15.0,68.935755,0.0,0.0,0.0,30.0,0.0,39.805,12.659999999999997,31.0,25.36
7034,1759,54.58,15.0,15.0,67.378308,0.0,0.0,0.0,30.0,0.0,33.82000000000001,55.32,31.0,25.36
7035,1759,55.91,15.0,15.0,65.820861,0.0,0.0,0.0,30.0,0.0,54.19,55.23,31.0,25.36
7036,1759,59.59,15.0,15.0,64.263415,0.0,0.0,0.0,30.0,0.0,85.98,44.1725,31.0,25.36
7037,1760,63.01,16.539108,13.460892,65.820861,0.0,3.078217,3.078217,26.921783,0.0,0.96,18.7725,31.0,25.36
7038,1760,59.95,16.539108,13.460892,67.378308,0.0,3.078217,3.078217,26.921783,0.0,21.622500000000002,55.23,31.0,25.36
7039,1760,73.24,16.539108,13.460892,68.935755,0.0,3.078217,3.078217,26.921783,0.0,51.6975,55.13,31.0,25.36
7040,1760,65.8,16.539108,13.460892,70.493202,0.0,3.078217,3.078217,26.921783,0.0,42.47,25.099999999999998,31.0,25.36
7041,1761,44.36,15.0,15.0,68.935755,0.0,0.0,0.0,30.0,0.0,0.0,-29.276666666666667,31.0,25.36
7042,1761,6.37,15.0,15.0,67.378308,30.0,30.0,0.0,30.0,0.0,83.61,0.447499999999998,31.0,25.36
7043,1761,0.08,15.0,15.0,65.820861,30.0,30.0,0.0,30.0,0.0,907.285,-25.0275,31.0,25.36
7044,1761,0.0,15.0,15.0,64.263415,0.0,0.0,0.0,30.0,0.0,0.8,-55.54,31.0,25.36
7045,1762,-0.98,10.982962,19.017038,54.576167,30.0,21.965924,-8.034075999999999,21.965924,0.0,0.0,-159.815,31.0,25.36
7046,1762,-2.01,10.982962,19.017038,44.888919,8.0340757,0.0,-8.0340757,21.965924,0.0,30.129999999999995,-126.75,31.0,25.36
7047,1762,0.0,10.982962,19.017038,35.201672,8.0340757,0.0,-8.0340757,21.965924,0.0,52.075,-72.41499999999999,31.0,25.36
7048,1762,5.0,10.982962,19.017038,25.514424,8.0340757,0.0,-8.0340757,21.965924,0.0,61.605,-53.155,31.0,25.36
7049,1763,55.55,15.0,15.0,23.956977,0.0,0.0,0.0,30.0,0.0,61.32,-43.0775,31.0,25.36
7050,1763,60.0,15.0,15.0,22.39953,0.0,0.0,0.0,30.0,0.0,33.215,-38.6,31.0,25.36
7051,1763,47.44,15.0,15.0,20.842083,0.0,0.0,0.0,30.0,0.0,19.626666666666665,-13.405000000000001,31.0,25.36
7052,1763,35.09,15.0,15.0,19.284637,0.0,0.0,0.0,30.0,0.0,0.7949999999999999,-10.435000000000002,31.0,25.36
7053,1764,21.72,15.0,15.0,17.72719,0.0,0.0,0.0,30.0,0.0,480.2049999999999,39.04749999999999,44.019999999999996,15.07
7054,1764,12.66,15.0,15.0,16.169743,0.0,0.0,0.0,30.0,0.0,0.465,-20.21,44.019999999999996,15.07
7055,1764,2.02,15.0,15.0,14.612296,30.0,30.0,0.0,30.0,0.0,7.99,-81.965,44.019999999999996,15.07
7056,1764,-0.1,15.0,15.0,13.054849,30.0,30.0,0.0,30.0,0.0,0.0,-35.015,44.019999999999996,15.07
7057,1765,-0.1,15.0,15.0,11.497403,30.0,30.0,0.0,30.0,0.0,0.0,-37.8075,48.36,11.64
7058,1765,-0.14,15.0,15.0,9.9399558,30.0,30.0,0.0,30.0,0.0,87.74333333333333,-45.3,48.36,11.64
7059,1765,-0.08,15.0,15.0,8.3825089,0.0,0.0,0.0,30.0,0.0,0.0,-32.32,48.36,11.64
7060,1765,0.0,15.0,15.0,6.8250621,0.0,0.0,0.0,30.0,0.0,37.98500000000001,-26.9,48.36,11.64
7061,1766,3.45,14.230446,15.769554,3.7101685,1.5391085,0.0,-1.5391085,28.460892,0.0,66.54,-25.0325,48.36,11.64
7062,1766,61.96,15.769554,14.230446,3.7101685,0.0,1.5391085,1.5391085,28.460892,0.0,36.5125,-20.924999999999997,48.36,11.64
7063,1766,104.13,15.769554,14.230446,3.7101685,0.0,1.5391085,1.5391085,28.460892,0.0,38.5225,29.693333333333335,48.36,11.64
7064,1766,120.35,15.769554,14.230446,3.7101685,0.0,1.5391085,1.5391085,28.460892,0.0,0.68,-2.2250000000000014,48.36,11.64
7065,1767,103.9,15.769554,14.230446,3.7101685,0.0,1.5391085,1.5391085,28.460892,0.0,63.010000000000005,-10.127499999999998,48.36,11.64
7066,1767,91.0,15.769554,14.230446,3.7101685,0.0,1.5391085,1.5391085,28.460892,0.0,92.96,-29.75,48.36,11.64
7067,1767,84.91,15.769554,14.230446,3.7101685,0.0,1.5391085,1.5391085,28.460892,0.0,0.0,20.709999999999994,48.36,11.64
7068,1767,80.0,15.769554,14.230446,3.7101685,0.0,1.5391085,1.5391085,28.460892,0.0,0.0,-27.019999999999996,48.36,11.64
7069,1768,83.15,15.769554,14.230446,3.7101685,0.0,1.5391085,1.5391085,28.460892,0.0,0.25,-158.4475,48.36,11.64
7070,1768,83.19,15.769554,14.230446,3.7101685,0.0,1.5391085,1.5391085,28.460892,0.0,46.129999999999995,-54.1275,48.36,11.64
7071,1768,95.82,15.769554,14.230446,3.7101685,0.0,1.5391085,1.5391085,28.460892,0.0,83.57,46.765,48.36,11.64
7072,1768,116.57,15.769554,14.230446,3.7101685,0.0,1.5391085,1.5391085,28.460892,0.0,115.02,78.75,48.36,11.64
7073,1769,130.04,24.01914,5.9808595,20.405927,0.0,18.038281,18.038281,11.961719,0.0,60.2525,0.0,48.36,11.64
7074,1769,212.15,24.01914,5.9808595,37.101685,0.0,18.038281,18.038281,11.961719,0.0,107.78999999999999,0.0,48.36,11.64
7075,1769,188.35,24.01914,5.9808595,53.797444,0.0,18.038281,18.038281,11.961719,0.0,40.49333333333334,79.805,48.36,11.64
7076,1769,128.18,24.01914,5.9808595,70.493202,0.0,18.038281,18.038281,11.961719,0.0,58.589999999999996,71.53,48.36,11.64
7077,1770,100.56,15.0,15.0,68.935755,0.0,0.0,0.0,30.0,0.0,634.5866666666667,57.4125,33.0,10.620000000000001
7078,1770,97.79,15.0,15.0,67.378308,0.0,0.0,0.0,30.0,0.0,47.794999999999995,60.96666666666667,33.0,10.620000000000001
7079,1770,92.97,15.0,15.0,65.820861,0.0,0.0,0.0,30.0,0.0,34.88666666666667,68.16499999999999,33.0,10.620000000000001
7080,1770,89.42,15.0,15.0,64.263415,0.0,0.0,0.0,30.0,0.0,89.98,46.4975,33.0,10.620000000000001
7081,1771,87.04,15.0,15.0,62.705968,0.0,0.0,0.0,30.0,0.0,93.70500000000001,82.265,27.88,10.28
7082,1771,84.33,15.0,15.0,61.148521,30.0,30.0,0.0,30.0,0.0,54.5125,0.0,27.88,10.28
7083,1771,83.6,15.0,15.0,59.591074,0.0,0.0,0.0,30.0,0.0,90.22666666666666,80.6575,27.88,10.28
7084,1771,83.02,15.0,15.0,58.033627,30.0,30.0,0.0,30.0,0.0,96.45333333333333,71.98,27.88,10.28
7085,1772,86.0,15.0,15.0,56.476181,0.0,0.0,0.0,30.0,0.0,79.8275,53.865,27.88,10.28
7086,1772,98.14,15.0,15.0,54.918734,0.0,0.0,0.0,30.0,0.0,1853.61,65.9975,27.88,10.28
7087,1772,150.0,15.0,15.0,53.361287,0.0,0.0,0.0,30.0,0.0,107.77,73.075,27.88,10.28
7088,1772,163.01,15.0,15.0,51.80384,0.0,0.0,0.0,30.0,0.0,112.77,67.215,27.88,10.28
7089,1773,113.37,15.0,15.0,50.246393,0.0,0.0,0.0,30.0,0.0,93.12,72.87,27.88,10.28
7090,1773,98.79,15.0,15.0,48.688947,0.0,0.0,0.0,30.0,0.0,66.385,54.2475,27.88,10.28
7091,1773,88.53,15.0,15.0,47.1315,0.0,0.0,0.0,30.0,0.0,55.78333333333333,29.067499999999995,27.88,10.28
7092,1773,77.61,15.0,15.0,45.574053,30.0,30.0,0.0,30.0,0.0,0.0,-33.0,27.88,10.28
7093,1774,70.88,15.0,15.0,44.016606,0.0,0.0,0.0,30.0,0.0,2.54,-159.0775,27.88,10.28
7094,1774,71.93,15.0,15.0,42.459159,30.0,30.0,0.0,30.0,0.0,43.08,-52.2525,27.88,10.28
7095,1774,81.8,15.0,15.0,40.901712,30.0,30.0,0.0,30.0,0.0,1.1,-40.5325,27.88,10.28
7096,1774,103.11,15.0,15.0,39.344266,0.0,0.0,0.0,30.0,0.0,92.64,62.495000000000005,27.88,10.28
7097,1775,107.45,15.0,15.0,37.786819,0.0,0.0,0.0,30.0,0.0,65.19999999999999,15.350000000000001,27.88,10.28
7098,1775,139.92,15.0,15.0,36.229372,0.0,0.0,0.0,30.0,0.0,13.114999999999998,65.77000000000001,27.88,10.28
7099,1775,158.32,15.0,15.0,34.671925,0.0,0.0,0.0,30.0,0.0,0.0,57.06,27.88,10.28
7100,1775,114.28,15.0,15.0,33.114478,0.0,0.0,0.0,30.0,0.0,39.256666666666675,71.34666666666666,27.88,10.28
7101,1776,99.59,15.0,15.0,31.557032,0.0,0.0,0.0,30.0,0.0,0.99,77.59,25.39,8.6
7102,1776,95.73,15.0,15.0,29.999585,0.0,0.0,0.0,30.0,0.0,68.61,49.045,25.39,8.6
7103,1776,88.35,15.0,15.0,28.442138,0.0,0.0,0.0,30.0,0.0,76.48,65.655,25.39,8.6
7104,1776,81.16,15.0,15.0,26.884691,0.0,0.0,0.0,30.0,0.0,94.3625,76.61,25.39,8.6
7105,1777,83.78,15.0,15.0,25.327244,0.0,0.0,0.0,30.0,0.0,80.5425,86.93,24.56,8.04
7106,1777,83.53,15.0,15.0,23.769798,0.0,0.0,0.0,30.0,0.0,68.1375,86.93,24.56,8.04
7107,1777,85.81,15.0,15.0,22.212351,0.0,0.0,0.0,30.0,0.0,78.035,0.0,24.56,8.04
7108,1777,83.69,15.0,15.0,20.654904,0.0,0.0,0.0,30.0,0.0,39.76,49.550000000000004,24.56,8.04
7109,1778,90.64,14.568979,15.431021,18.225144,0.86204199,0.0,-0.86204199,29.137958,0.0,72.94,59.614999999999995,24.56,8.04
7110,1778,104.72,15.431021,14.568979,17.54001,0.0,0.86204199,0.86204199,29.137958,0.0,96.29,68.28999999999999,24.56,8.04
7111,1778,137.49,15.431021,14.568979,16.854877,0.0,0.86204199,0.86204199,29.137958,0.0,189.98,70.20333333333333,24.56,8.04
7112,1778,162.41,15.431021,14.568979,16.169743,0.0,0.86204199,0.86204199,29.137958,0.0,51.275000000000006,84.685,24.56,8.04
7113,1779,127.69,15.0,15.0,14.612296,0.0,0.0,0.0,30.0,0.0,14.22,55.667500000000004,24.56,8.04
7114,1779,102.2,15.0,15.0,13.054849,0.0,0.0,0.0,30.0,0.0,111.1875,71.14,24.56,8.04
7115,1779,91.24,15.0,15.0,11.497403,0.0,0.0,0.0,30.0,0.0,86.42999999999999,79.79333333333334,24.56,8.04
7116,1779,82.36,15.0,15.0,9.9399558,0.0,0.0,0.0,30.0,0.0,97.725,87.2,24.56,8.04
7117,1780,77.07,15.0,15.0,8.3825089,0.0,0.0,0.0,30.0,0.0,94.98,72.22666666666667,24.56,8.04
7118,1780,75.42,15.0,15.0,6.8250621,30.0,30.0,0.0,30.0,0.0,36.50999999999999,80.84,24.56,8.04
7119,1780,84.2,15.0,15.0,5.2676153,30.0,30.0,0.0,30.0,0.0,59.87749999999999,0.0,24.56,8.04
7120,1780,97.37,15.0,15.0,3.7101685,0.0,0.0,0.0,30.0,0.0,115.3425,83.4,24.56,8.04
7121,1781,139.97,26.769003,3.2309975,25.97118,0.0,23.538005,23.538005,6.4619949,0.0,214.6675,74.48,24.56,8.04
7122,1781,205.36,26.769003,3.2309975,48.232191,0.0,23.538005,23.538005,6.4619949,0.0,134.8275,0.0,24.56,8.04
7123,1781,176.0,26.769003,3.2309975,70.493202,0.0,23.538005,23.538005,6.4619949,0.0,55.059999999999995,85.9425,24.56,8.04
7124,1781,113.16,15.769554,14.230446,70.493202,0.0,1.5391085,1.5391085,6.4619949,0.0,973.3349999999999,77.19,24.56,8.04
7125,1782,101.22,15.0,15.0,68.935755,0.0,0.0,0.0,30.0,0.0,44.370000000000005,87.185,24.74,7.89
7126,1782,102.93,15.0,15.0,67.378308,0.0,0.0,0.0,30.0,0.0,55.9575,84.22666666666667,24.74,7.89
7127,1782,93.16,15.0,15.0,65.820861,0.0,0.0,0.0,30.0,0.0,92.98,77.0125,24.74,7.89
7128,1782,86.76,15.0,15.0,64.263415,0.0,0.0,0.0,30.0,0.0,0.0,48.449999999999996,24.74,7.89
7129,1783,80.11,15.0,15.0,62.705968,0.0,0.0,0.0,30.0,0.0,87.2025,109.18,24.8,7.84
7130,1783,78.1,15.0,15.0,61.148521,0.0,0.0,0.0,30.0,0.0,68.61,51.48,24.8,7.84
7131,1783,75.67,15.0,15.0,59.591074,0.0,0.0,0.0,30.0,0.0,68.61,74.36,24.8,7.84
7132,1783,76.07,15.0,15.0,58.033627,30.0,30.0,0.0,30.0,0.0,40.72666666666667,82.155,24.8,7.84
7133,1784,80.17,1.9175778,28.082422,29.999585,30.0,3.8351556,-26.1648444,3.8351556,0.0,78.0675,80.21,24.8,7.84
7134,1784,100.35,2.7796198,27.22038,3.7101685,30.0,5.5592396,-24.440760400000002,3.8351556,0.0,48.6425,77.86,24.8,7.84
7135,1784,141.86,28.082422,1.9175778,28.629317,0.0,26.164844,26.164844,3.8351556,0.0,85.1975,50.78,24.8,7.84
7136,1784,165.39,28.082422,1.9175778,53.548466,0.0,26.164844,26.164844,3.8351556,0.0,77.89,109.18,24.8,7.84
7137,1785,114.77,15.0,15.0,51.99102,30.0,30.0,0.0,30.0,0.0,107.9,5.147500000000001,24.8,7.84
7138,1785,98.31,15.0,15.0,50.433573,0.0,0.0,0.0,30.0,0.0,69.76,88.52,24.8,7.84
7139,1785,89.03,15.0,15.0,48.876126,0.0,0.0,0.0,30.0,0.0,106.915,43.21666666666667,24.8,7.84
7140,1785,80.0,15.0,15.0,47.318679,0.0,0.0,0.0,30.0,0.0,37.62666666666667,89.0275,24.8,7.84
7141,1786,75.08,15.0,15.0,45.761232,30.0,30.0,0.0,30.0,0.0,52.519999999999996,83.99,24.8,7.84
7142,1786,75.13,15.0,15.0,44.203786,0.0,0.0,0.0,30.0,0.0,103.99,85.4675,24.8,7.84
7143,1786,87.27,15.0,15.0,42.646339,0.0,0.0,0.0,30.0,0.0,99.58,56.61666666666666,24.8,7.84
7144,1786,106.15,15.0,15.0,41.088892,0.0,0.0,0.0,30.0,0.0,43.78,115.31,24.8,7.84
7145,1787,123.58,15.0,15.0,39.531445,0.0,0.0,0.0,30.0,0.0,84.50500000000001,86.0675,24.8,7.84
7146,1787,136.37,15.0,15.0,37.973998,0.0,0.0,0.0,30.0,0.0,117.58,-7.382499999999993,24.8,7.84
7147,1787,116.04,15.0,15.0,36.416551,0.0,0.0,0.0,30.0,0.0,13.92,45.6375,24.8,7.84
7148,1787,96.61,15.0,15.0,34.859105,30.0,30.0,0.0,30.0,0.0,53.114999999999995,4.852499999999999,24.8,7.84
7149,1788,93.29,15.0,15.0,33.301658,0.0,0.0,0.0,30.0,0.0,38.769999999999996,87.71,27.35,7.540000000000001
7150,1788,111.46,15.0,15.0,31.744211,0.0,0.0,0.0,30.0,0.0,169.825,0.0,27.35,7.540000000000001
7151,1788,83.61,15.0,15.0,30.186764,0.0,0.0,0.0,30.0,0.0,112.2175,0.0,27.35,7.540000000000001
7152,1788,82.5,15.0,15.0,28.629317,0.0,0.0,0.0,30.0,0.0,78.3225,0.0,27.35,7.540000000000001
7153,1789,82.07,15.0,15.0,27.071871,0.0,0.0,0.0,30.0,0.0,75.305,84.32,28.2,7.44
7154,1789,79.69,15.0,15.0,25.514424,0.0,0.0,0.0,30.0,0.0,84.99333333333334,51.75,28.2,7.44
7155,1789,82.6,15.0,15.0,23.956977,0.0,0.0,0.0,30.0,0.0,108.84,44.18,28.2,7.44
7156,1789,84.47,15.0,15.0,22.39953,0.0,0.0,0.0,30.0,0.0,130.79000000000002,0.0,28.2,7.44
7157,1790,94.59,15.0,15.0,20.842083,0.0,0.0,0.0,30.0,0.0,70.8975,49.18,28.2,7.44
7158,1790,103.43,15.0,15.0,19.284637,0.0,0.0,0.0,30.0,0.0,23.685,35.22666666666667,28.2,7.44
7159,1790,120.03,15.0,15.0,17.72719,0.0,0.0,0.0,30.0,0.0,37.42999999999999,63.540000000000006,28.2,7.44
7160,1790,143.2,15.0,15.0,16.169743,0.0,0.0,0.0,30.0,0.0,75.71333333333334,87.53,28.2,7.44
7161,1791,118.74,15.0,15.0,14.612296,0.0,0.0,0.0,30.0,0.0,95.13333333333335,76.62,28.2,7.44
7162,1791,105.14,15.0,15.0,13.054849,0.0,0.0,0.0,30.0,0.0,76.75,85.815,28.2,7.44
7163,1791,90.71,15.0,15.0,11.497403,0.0,0.0,0.0,30.0,0.0,106.315,43.88,28.2,7.44
7164,1791,79.14,15.0,15.0,9.9399558,0.0,0.0,0.0,30.0,0.0,106.66666666666667,37.2025,28.2,7.44
7165,1792,76.17,15.0,15.0,8.3825089,0.0,0.0,0.0,30.0,0.0,0.0,40.457499999999996,28.2,7.44
7166,1792,79.9,15.0,15.0,6.8250621,0.0,0.0,0.0,30.0,0.0,81.08,64.55,28.2,7.44
7167,1792,94.2,15.0,15.0,5.2676153,0.0,0.0,0.0,30.0,0.0,93.55,31.882499999999997,28.2,7.44
7168,1792,110.5,15.0,15.0,3.7101685,0.0,0.0,0.0,30.0,0.0,69.54249999999999,62.6775,28.2,7.44
7169,1793,145.48,26.769003,3.2309975,25.97118,0.0,23.538005,23.538005,6.4619949,0.0,164.405,42.43,28.2,7.44
7170,1793,209.41,26.769003,3.2309975,48.232191,0.0,23.538005,23.538005,6.4619949,0.0,123.4975,84.98,28.2,7.44
7171,1793,176.36,26.769003,3.2309975,70.493202,0.0,23.538005,23.538005,6.4619949,0.0,73.13333333333334,73.98,28.2,7.44
7172,1793,121.68,15.769554,14.230446,70.493202,0.0,1.5391085,1.5391085,6.4619949,0.0,110.67666666666666,75.73,28.2,7.44
7173,1794,113.69,15.0,15.0,68.935755,0.0,0.0,0.0,30.0,0.0,90.31,77.4375,26.459999999999997,9.120000000000001
7174,1794,111.49,15.0,15.0,67.378308,0.0,0.0,0.0,30.0,0.0,10.83,68.345,26.459999999999997,9.120000000000001
7175,1794,104.22,15.0,15.0,65.820861,0.0,0.0,0.0,30.0,0.0,95.53666666666666,73.81,26.459999999999997,9.120000000000001
7176,1794,109.95,15.0,15.0,64.263415,0.0,0.0,0.0,30.0,0.0,91.915,83.06,26.459999999999997,9.120000000000001
7177,1795,104.5,15.0,15.0,62.705968,0.0,0.0,0.0,30.0,0.0,53.4225,86.84,25.88,9.68
7178,1795,102.7,15.0,15.0,61.148521,0.0,0.0,0.0,30.0,0.0,3.5225,86.68,25.88,9.68
7179,1795,102.5,15.0,15.0,59.591074,0.0,0.0,0.0,30.0,0.0,7.8575,0.0,25.88,9.68
7180,1795,99.23,15.0,15.0,58.033627,0.0,0.0,0.0,30.0,0.0,32.322500000000005,0.0,25.88,9.68
7181,1796,100.3,15.0,15.0,56.476181,0.0,0.0,0.0,30.0,0.0,111.4975,81.48,25.88,9.68
7182,1796,105.26,15.0,15.0,54.918734,0.0,0.0,0.0,30.0,0.0,57.5025,82.9,25.88,9.68
7183,1796,118.29,15.0,15.0,53.361287,0.0,0.0,0.0,30.0,0.0,1.2025000000000001,86.73,25.88,9.68
7184,1796,126.0,15.0,15.0,51.80384,0.0,0.0,0.0,30.0,0.0,93.405,0.0,25.88,9.68
7185,1797,121.96,15.0,15.0,50.246393,0.0,0.0,0.0,30.0,0.0,71.185,82.55000000000001,25.88,9.68
7186,1797,97.0,15.0,15.0,48.688947,0.0,0.0,0.0,30.0,0.0,142.57,79.12333333333333,25.88,9.68
7187,1797,78.19,15.0,15.0,47.1315,0.0,0.0,0.0,30.0,0.0,0.0,72.0425,25.88,9.68
7188,1797,66.11,15.0,15.0,45.574053,0.0,0.0,0.0,30.0,0.0,35.016666666666666,61.13,25.88,9.68
7189,1798,62.23,15.0,15.0,44.016606,0.0,0.0,0.0,30.0,0.0,68.61,63.2,25.88,9.68
7190,1798,62.7,15.0,15.0,42.459159,0.0,0.0,0.0,30.0,0.0,54.11333333333334,75.225,25.88,9.68
7191,1798,75.78,15.0,15.0,40.901712,0.0,0.0,0.0,30.0,0.0,39.775,79.18,25.88,9.68
7192,1798,95.63,15.0,15.0,39.344266,0.0,0.0,0.0,30.0,0.0,133.245,0.0,25.88,9.68
7193,1799,124.98,19.617325,10.382675,47.1315,0.0,9.234651,9.234651,20.765349,0.0,83.76500000000001,79.18,25.88,9.68
7194,1799,151.65,19.617325,10.382675,54.918734,0.0,9.234651,9.234651,20.765349,0.0,33.552499999999995,0.0,25.88,9.68
7195,1799,118.94,19.617325,10.382675,62.705968,0.0,9.234651,9.234651,20.765349,0.0,41.693333333333335,73.30333333333333,25.88,9.68
7196,1799,101.0,19.617325,10.382675,70.493202,0.0,9.234651,9.234651,20.765349,0.0,135.75,67.265,25.88,9.68
7197,1800,106.4,15.0,15.0,68.935755,0.0,0.0,0.0,30.0,0.0,133.98,72.8225,27.980000000000004,17.42
7198,1800,110.1,15.0,15.0,67.378308,0.0,0.0,0.0,30.0,0.0,117.9725,62.2,27.980000000000004,17.42
7199,1800,85.38,15.0,15.0,65.820861,0.0,0.0,0.0,30.0,0.0,77.975,0.0,27.980000000000004,17.42
7200,1800,91.56,15.0,15.0,64.263415,0.0,0.0,0.0,30.0,0.0,103.27000000000001,65.0,27.980000000000004,17.42
7201,1801,84.0,15.0,15.0,62.705968,0.0,0.0,0.0,30.0,0.0,98.42,37.2975,28.68,20.0
7202,1801,82.23,15.0,15.0,61.148521,0.0,0.0,0.0,30.0,0.0,94.58,72.21000000000001,28.68,20.0
7203,1801,80.43,15.0,15.0,59.591074,0.0,0.0,0.0,30.0,0.0,0.0,85.1525,28.68,20.0
7204,1801,81.12,15.0,15.0,58.033627,0.0,0.0,0.0,30.0,0.0,0.0,89.0,28.68,20.0
7205,1802,77.08,15.0,15.0,56.476181,0.0,0.0,0.0,30.0,0.0,83.61,79.0025,28.68,20.0
7206,1802,81.7,15.0,15.0,54.918734,0.0,0.0,0.0,30.0,0.0,65.465,90.56,28.68,20.0
7207,1802,91.3,15.0,15.0,53.361287,0.0,0.0,0.0,30.0,0.0,28.969999999999995,0.0,28.68,20.0
7208,1802,88.25,15.0,15.0,51.80384,0.0,0.0,0.0,30.0,0.0,35.72333333333333,71.16,28.68,20.0
7209,1803,84.68,15.0,15.0,50.246393,0.0,0.0,0.0,30.0,0.0,0.0,2.319999999999993,28.68,20.0
7210,1803,66.72,15.0,15.0,48.688947,0.0,0.0,0.0,30.0,0.0,9.28,-33.17250000000001,28.68,20.0
7211,1803,54.72,15.0,15.0,47.1315,0.0,0.0,0.0,30.0,0.0,9.26,88.9675,28.68,20.0
7212,1803,42.5,15.0,15.0,45.574053,0.0,0.0,0.0,30.0,0.0,101.74000000000001,0.0,28.68,20.0
7213,1804,39.99,8.8743953,21.125605,31.619425,30.0,17.748791,-12.251209,17.748791,0.0,48.44,30.23750000000001,28.68,20.0
7214,1804,40.0,8.8743953,21.125605,17.664797,12.251209,0.0,-12.251209,17.748791,0.0,50.4825,0.0,28.68,20.0
7215,1804,63.38,8.8743953,21.125605,3.7101685,12.251209,0.0,-12.251209,17.748791,0.0,66.3125,-9.18,28.68,20.0
7216,1804,101.88,15.769554,14.230446,3.7101685,0.0,1.5391085,1.5391085,17.748791,0.0,84.35,71.62,28.68,20.0
7217,1805,117.8,19.617325,10.382675,11.497403,0.0,9.234651,9.234651,20.765349,0.0,55.7775,71.62,28.68,20.0
7218,1805,147.25,19.617325,10.382675,19.284637,0.0,9.234651,9.234651,20.765349,0.0,45.2125,95.69,28.68,20.0
7219,1805,150.71,19.617325,10.382675,27.071871,0.0,9.234651,9.234651,20.765349,0.0,43.777499999999996,90.91,28.68,20.0
7220,1805,130.48,19.617325,10.382675,34.859105,0.0,9.234651,9.234651,20.765349,0.0,12.58,59.71333333333334,28.68,20.0
7221,1806,118.1,15.0,15.0,33.301658,30.0,30.0,0.0,30.0,0.0,34.69499999999999,11.17,26.159999999999997,11.180000000000001
7222,1806,111.39,15.0,15.0,31.744211,0.0,0.0,0.0,30.0,0.0,0.0,-8.305,26.159999999999997,11.180000000000001
7223,1806,109.96,15.0,15.0,30.186764,0.0,0.0,0.0,30.0,0.0,41.28,25.980000000000004,26.159999999999997,11.180000000000001
7224,1806,102.99,15.0,15.0,28.629317,0.0,0.0,0.0,30.0,0.0,0.0,11.980000000000004,26.159999999999997,11.180000000000001
7225,1807,93.67,15.0,15.0,27.071871,0.0,0.0,0.0,30.0,0.0,1.0,-12.54,25.32,8.24
7226,1807,89.38,15.0,15.0,25.514424,0.0,0.0,0.0,30.0,0.0,0.0,-28.5325,25.32,8.24
7227,1807,84.14,15.0,15.0,23.956977,0.0,0.0,0.0,30.0,0.0,0.0,-23.1575,25.32,8.24
7228,1807,79.4,15.0,15.0,22.39953,0.0,0.0,0.0,30.0,0.0,0.0,-9.5225,25.32,8.24
7229,1808,79.89,15.0,15.0,20.842083,0.0,0.0,0.0,30.0,0.0,0.0,-36.5725,25.32,8.24
7230,1808,94.12,15.0,15.0,19.284637,0.0,0.0,0.0,30.0,0.0,0.0,27.897500000000004,25.32,8.24
7231,1808,94.3,15.0,15.0,17.72719,0.0,0.0,0.0,30.0,0.0,0.0,49.46000000000001,25.32,8.24
7232,1808,111.1,15.0,15.0,16.169743,0.0,0.0,0.0,30.0,0.0,100.7,26.049999999999997,25.32,8.24
7233,1809,111.28,15.0,15.0,14.612296,0.0,0.0,0.0,30.0,0.0,82.01,-21.665,25.32,8.24
7234,1809,102.92,15.0,15.0,13.054849,0.0,0.0,0.0,30.0,0.0,0.85,49.6675,25.32,8.24
7235,1809,94.42,15.0,15.0,11.497403,0.0,0.0,0.0,30.0,0.0,34.88,80.495,25.32,8.24
7236,1809,94.51,15.0,15.0,9.9399558,0.0,0.0,0.0,30.0,0.0,1.1,35.4875,25.32,8.24
7237,1810,91.09,15.0,15.0,8.3825089,0.0,0.0,0.0,30.0,0.0,0.0,83.52250000000001,25.32,8.24
7238,1810,96.75,15.0,15.0,6.8250621,0.0,0.0,0.0,30.0,0.0,0.0,84.75333333333333,25.32,8.24
7239,1810,108.27,15.0,15.0,5.2676153,0.0,0.0,0.0,30.0,0.0,0.0,48.6575,25.32,8.24
7240,1810,117.18,15.0,15.0,3.7101685,0.0,0.0,0.0,30.0,0.0,0.0,65.28999999999999,25.32,8.24
7241,1811,116.65,19.617325,10.382675,11.497403,0.0,9.234651,9.234651,20.765349,0.0,184.6325,27.599999999999994,25.32,8.24
7242,1811,140.0,19.617325,10.382675,19.284637,0.0,9.234651,9.234651,20.765349,0.0,1.1,84.4775,25.32,8.24
7243,1811,149.99,19.617325,10.382675,27.071871,0.0,9.234651,9.234651,20.765349,0.0,1.1,77.0,25.32,8.24
7244,1811,144.44,19.617325,10.382675,34.859105,0.0,9.234651,9.234651,20.765349,0.0,62.394999999999996,81.97,25.32,8.24
7245,1812,120.1,15.0,15.0,33.301658,0.0,0.0,0.0,30.0,0.0,103.62,70.0775,25.619999999999997,7.25
7246,1812,109.9,15.0,15.0,31.744211,0.0,0.0,0.0,30.0,0.0,47.155,84.525,25.619999999999997,7.25
7247,1812,108.58,15.0,15.0,30.186764,0.0,0.0,0.0,30.0,0.0,52.5075,76.965,25.619999999999997,7.25
7248,1812,101.02,15.0,15.0,28.629317,0.0,0.0,0.0,30.0,0.0,128.68,73.005,25.619999999999997,7.25
7249,1813,97.69,15.0,15.0,27.071871,0.0,0.0,0.0,30.0,0.0,9.125,0.0,25.72,6.92
7250,1813,95.7,15.0,15.0,25.514424,0.0,0.0,0.0,30.0,0.0,74.85249999999999,99.18,25.72,6.92
7251,1813,94.08,15.0,15.0,23.956977,0.0,0.0,0.0,30.0,0.0,64.0275,72.22,25.72,6.92
7252,1813,92.92,15.0,15.0,22.39953,0.0,0.0,0.0,30.0,0.0,0.0,62.625,25.72,6.92
7253,1814,94.62,15.0,15.0,20.842083,0.0,0.0,0.0,30.0,0.0,1.5,82.55333333333334,25.72,6.92
7254,1814,107.05,15.0,15.0,19.284637,0.0,0.0,0.0,30.0,0.0,34.85,68.69,25.72,6.92
7255,1814,120.32,15.0,15.0,17.72719,0.0,0.0,0.0,30.0,0.0,11.89,81.25999999999999,25.72,6.92
7256,1814,146.29,15.0,15.0,16.169743,0.0,0.0,0.0,30.0,0.0,80.12,89.66499999999999,25.72,6.92
7257,1815,144.7,15.0,15.0,14.612296,0.0,0.0,0.0,30.0,0.0,53.73500000000001,84.25,25.72,6.92
7258,1815,127.07,15.0,15.0,13.054849,0.0,0.0,0.0,30.0,0.0,0.85,71.5975,25.72,6.92
7259,1815,118.7,15.0,15.0,11.497403,0.0,0.0,0.0,30.0,0.0,4.366666666666666,81.5025,25.72,6.92
7260,1815,110.81,15.0,15.0,9.9399558,0.0,0.0,0.0,30.0,0.0,0.0,82.5125,25.72,6.92
7261,1816,104.09,15.0,15.0,8.3825089,0.0,0.0,0.0,30.0,0.0,11.35,91.46000000000001,25.72,6.92
7262,1816,113.46,15.0,15.0,6.8250621,0.0,0.0,0.0,30.0,0.0,12.265,87.83,25.72,6.92
7263,1816,129.24,15.0,15.0,5.2676153,0.0,0.0,0.0,30.0,0.0,33.906666666666666,82.84333333333333,25.72,6.92
7264,1816,158.3,15.0,15.0,3.7101685,0.0,0.0,0.0,30.0,0.0,110.4725,99.18,25.72,6.92
7265,1817,192.07,24.01914,5.9808595,20.405927,0.0,18.038281,18.038281,11.961719,0.0,1096.3574999999998,66.81,25.72,6.92
7266,1817,261.07,24.01914,5.9808595,37.101685,0.0,18.038281,18.038281,11.961719,0.0,141.28,99.18,25.72,6.92
7267,1817,247.0,24.01914,5.9808595,53.797444,0.0,18.038281,18.038281,11.961719,0.0,56.25,93.005,25.72,6.92
7268,1817,196.85,24.01914,5.9808595,70.493202,0.0,18.038281,18.038281,11.961719,0.0,46.653333333333336,86.92750000000001,25.72,6.92
7269,1818,136.39,15.0,15.0,68.935755,0.0,0.0,0.0,30.0,0.0,60.83999999999999,82.03999999999999,25.18,5.75
7270,1818,119.9,15.0,15.0,67.378308,0.0,0.0,0.0,30.0,0.0,82.27666666666666,81.46666666666667,25.18,5.75
7271,1818,113.74,15.0,15.0,65.820861,0.0,0.0,0.0,30.0,0.0,77.37,88.415,25.18,5.75
7272,1818,98.72,15.0,15.0,64.263415,0.0,0.0,0.0,30.0,0.0,539.585,92.09,25.18,5.75
7273,1819,97.0,10.598185,19.401815,53.797444,8.80363,0.0,-8.80363,21.19637,0.0,90.94,79.0025,25.0,5.36
7274,1819,95.3,10.598185,19.401815,43.331472,8.80363,0.0,-8.80363,21.19637,0.0,55.779999999999994,90.9,25.0,5.36
7275,1819,93.06,10.598185,19.401815,32.865501,8.80363,0.0,-8.80363,21.19637,0.0,25.567500000000003,90.95,25.0,5.36
7276,1819,91.32,10.598185,19.401815,22.39953,8.80363,0.0,-8.80363,21.19637,0.0,0.0,88.4175,25.0,5.36
7277,1820,92.76,15.0,15.0,20.842083,0.0,0.0,0.0,30.0,0.0,83.0825,86.99,25.0,5.36
7278,1820,99.87,15.0,15.0,19.284637,0.0,0.0,0.0,30.0,0.0,148.0075,89.31333333333333,25.0,5.36
7279,1820,117.0,15.0,15.0,17.72719,0.0,0.0,0.0,30.0,0.0,115.61500000000001,87.33,25.0,5.36
7280,1820,129.33,15.0,15.0,16.169743,0.0,0.0,0.0,30.0,0.0,11.25,93.515,25.0,5.36
7281,1821,132.05,15.0,15.0,14.612296,0.0,0.0,0.0,30.0,0.0,12.913333333333332,90.88333333333333,25.0,5.36
7282,1821,119.9,15.0,15.0,13.054849,0.0,0.0,0.0,30.0,0.0,259.50333333333333,75.84,25.0,5.36
7283,1821,108.93,15.0,15.0,11.497403,0.0,0.0,0.0,30.0,0.0,27.6875,0.0,25.0,5.36
7284,1821,104.23,15.0,15.0,9.9399558,0.0,0.0,0.0,30.0,0.0,63.5625,0.0,25.0,5.36
7285,1822,98.34,15.0,15.0,8.3825089,0.0,0.0,0.0,30.0,0.0,279.51,0.0,25.0,5.36
7286,1822,102.15,15.0,15.0,6.8250621,0.0,0.0,0.0,30.0,0.0,218.06999999999994,0.0,25.0,5.36
7287,1822,105.78,15.0,15.0,5.2676153,0.0,0.0,0.0,30.0,0.0,25.18,84.45,25.0,5.36
7288,1822,118.81,15.0,15.0,3.7101685,0.0,0.0,0.0,30.0,0.0,79.78666666666666,78.0025,25.0,5.36
7289,1823,149.79,24.01914,5.9808595,20.405927,0.0,18.038281,18.038281,11.961719,0.0,55.55,78.555,25.0,5.36
7290,1823,181.0,24.01914,5.9808595,37.101685,0.0,18.038281,18.038281,11.961719,0.0,14.31,89.9675,25.0,5.36
7291,1823,185.51,24.01914,5.9808595,53.797444,0.0,18.038281,18.038281,11.961719,0.0,464.27499999999986,93.15666666666667,25.0,5.36
7292,1823,157.02,24.01914,5.9808595,70.493202,0.0,18.038281,18.038281,11.961719,0.0,81.8675,0.0,25.0,5.36
7293,1824,129.76,15.0,15.0,68.935755,0.0,0.0,0.0,30.0,0.0,48.544999999999995,90.42,24.159999999999997,5.72
7294,1824,115.76,15.0,15.0,67.378308,30.0,30.0,0.0,30.0,0.0,38.87,87.00666666666666,24.159999999999997,5.72
7295,1824,111.16,15.0,15.0,65.820861,0.0,0.0,0.0,30.0,0.0,4.095000000000001,90.49,24.159999999999997,5.72
7296,1824,108.92,15.0,15.0,64.263415,0.0,0.0,0.0,30.0,0.0,71.83999999999999,80.0,24.159999999999997,5.72
7297,1825,101.68,15.0,15.0,62.705968,30.0,30.0,0.0,30.0,0.0,67.5975,84.52333333333333,23.88,5.84
7298,1825,95.71,15.0,15.0,61.148521,0.0,0.0,0.0,30.0,0.0,120.14,81.0675,23.88,5.84
7299,1825,93.75,15.0,15.0,59.591074,0.0,0.0,0.0,30.0,0.0,0.0,70.53,23.88,5.84
7300,1825,91.87,15.0,15.0,58.033627,0.0,0.0,0.0,30.0,0.0,0.0,67.045,23.88,5.84
7301,1826,94.45,15.0,15.0,56.476181,0.0,0.0,0.0,30.0,0.0,107.58,80.2825,23.88,5.84
7302,1826,99.22,15.0,15.0,54.918734,0.0,0.0,0.0,30.0,0.0,106.2875,64.62,23.88,5.84
7303,1826,116.68,15.0,15.0,53.361287,0.0,0.0,0.0,30.0,0.0,140.94,69.1,23.88,5.84
7304,1826,132.09,15.0,15.0,51.80384,0.0,0.0,0.0,30.0,0.0,86.74999999999999,97.4,23.88,5.84
7305,1827,131.76,15.0,15.0,50.246393,0.0,0.0,0.0,30.0,0.0,48.445,86.195,23.88,5.84
7306,1827,120.76,15.0,15.0,48.688947,0.0,0.0,0.0,30.0,0.0,103.625,101.12,23.88,5.84
7307,1827,103.48,15.0,15.0,47.1315,0.0,0.0,0.0,30.0,0.0,10.265,0.0,23.88,5.84
7308,1827,96.33,15.0,15.0,45.574053,0.0,0.0,0.0,30.0,0.0,676.8999999999999,0.0,23.88,5.84
7309,1828,88.91,15.0,15.0,44.016606,0.0,0.0,0.0,30.0,0.0,120.1675,0.0,23.88,5.84
7310,1828,91.55,15.0,15.0,42.459159,0.0,0.0,0.0,30.0,0.0,109.57249999999999,78.4225,23.88,5.84
7311,1828,97.48,15.0,15.0,40.901712,0.0,0.0,0.0,30.0,0.0,111.99,69.89750000000001,23.88,5.84
7312,1828,109.28,15.0,15.0,39.344266,0.0,0.0,0.0,30.0,0.0,1.3,70.9425,23.88,5.84
7313,1829,121.89,19.617325,10.382675,47.1315,0.0,9.234651,9.234651,20.765349,0.0,68.61,68.25750000000001,23.88,5.84
7314,1829,129.29,19.617325,10.382675,54.918734,0.0,9.234651,9.234651,20.765349,0.0,127.65,84.0925,23.88,5.84
7315,1829,138.7,19.617325,10.382675,62.705968,0.0,9.234651,9.234651,20.765349,0.0,48.145,92.0575,23.88,5.84
7316,1829,131.1,19.617325,10.382675,70.493202,0.0,9.234651,9.234651,20.765349,0.0,119.5525,87.89,23.88,5.84
7317,1830,110.0,15.0,15.0,68.935755,0.0,0.0,0.0,30.0,0.0,96.42249999999999,0.0,23.91,5.869999999999999
7318,1830,107.0,15.0,15.0,67.378308,0.0,0.0,0.0,30.0,0.0,26.5975,84.44999999999999,23.91,5.869999999999999
7319,1830,107.4,15.0,15.0,65.820861,0.0,0.0,0.0,30.0,0.0,89.2,80.95,23.91,5.869999999999999
7320,1830,101.72,15.0,15.0,64.263415,0.0,0.0,0.0,30.0,0.0,98.61,55.5175,23.91,5.869999999999999
7321,1831,127.0,15.0,15.0,62.705968,0.0,0.0,0.0,30.0,0.0,12.61,67.6025,23.92,5.88
7322,1831,116.0,15.0,15.0,61.148521,0.0,0.0,0.0,30.0,0.0,105.34666666666666,70.8,23.92,5.88
7323,1831,99.93,15.0,15.0,59.591074,0.0,0.0,0.0,30.0,0.0,9.03,81.0,23.92,5.88
7324,1831,87.53,15.0,15.0,58.033627,0.0,0.0,0.0,30.0,0.0,9.03,66.55,23.92,5.88
7325,1832,75.94,15.0,15.0,56.476181,0.0,0.0,0.0,30.0,0.0,73.61,82.0,23.92,5.88
7326,1832,82.03,15.0,15.0,54.918734,0.0,0.0,0.0,30.0,0.0,0.0,67.9175,23.92,5.88
7327,1832,89.4,15.0,15.0,53.361287,0.0,0.0,0.0,30.0,0.0,94.38,40.92333333333333,23.92,5.88
7328,1832,103.0,15.0,15.0,51.80384,0.0,0.0,0.0,30.0,0.0,74.53999999999999,85.9225,23.92,5.88
7329,1833,109.1,15.0,15.0,50.246393,0.0,0.0,0.0,30.0,0.0,77.72,0.0,23.92,5.88
7330,1833,115.0,15.0,15.0,48.688947,0.0,0.0,0.0,30.0,0.0,55.025,0.0,23.92,5.88
7331,1833,104.0,15.0,15.0,47.1315,0.0,0.0,0.0,30.0,0.0,46.519999999999996,74.14500000000001,23.92,5.88
7332,1833,100.0,15.0,15.0,45.574053,0.0,0.0,0.0,30.0,0.0,336.56,8.442499999999995,23.92,5.88
7333,1834,91.0,15.0,15.0,44.016606,0.0,0.0,0.0,30.0,0.0,51.08,86.14,23.92,5.88
7334,1834,100.0,15.0,15.0,42.459159,0.0,0.0,0.0,30.0,0.0,58.485,0.0,23.92,5.88
7335,1834,110.0,15.0,15.0,40.901712,0.0,0.0,0.0,30.0,0.0,1.3,86.23,23.92,5.88
7336,1834,119.18,15.0,15.0,39.344266,0.0,0.0,0.0,30.0,0.0,1.2875,81.07666666666667,23.92,5.88
7337,1835,128.75,15.21551,14.78449,38.222975,0.0,0.431021,0.431021,29.568979,0.0,149.385,83.23,23.92,5.88
7338,1835,131.4,15.21551,14.78449,37.101685,0.0,0.431021,0.431021,29.568979,0.0,41.0425,0.0,23.92,5.88
7339,1835,135.49,15.21551,14.78449,35.980395,0.0,0.431021,0.431021,29.568979,0.0,11.25,59.0325,23.92,5.88
7340,1835,118.9,15.21551,14.78449,34.859105,0.0,0.431021,0.431021,29.568979,0.0,1.39,63.24,23.92,5.88
7341,1836,113.68,15.0,15.0,33.301658,0.0,0.0,0.0,30.0,0.0,100.355,86.69,23.71,6.21
7342,1836,105.0,15.0,15.0,31.744211,0.0,0.0,0.0,30.0,0.0,47.71,81.0,23.71,6.21
7343,1836,102.41,15.0,15.0,30.186764,0.0,0.0,0.0,30.0,0.0,63.6025,82.59,23.71,6.21
7344,1836,109.9,15.0,15.0,28.629317,0.0,0.0,0.0,30.0,0.0,92.68,79.9,23.71,6.21
7345,1837,95.85,15.0,15.0,27.071871,0.0,0.0,0.0,30.0,0.0,91.97,55.43333333333334,23.64,6.32
7346,1837,91.36,15.0,15.0,25.514424,0.0,0.0,0.0,30.0,0.0,0.0,30.8425,23.64,6.32
7347,1837,88.77,15.0,15.0,23.956977,0.0,0.0,0.0,30.0,0.0,101.50333333333333,68.20333333333333,23.64,6.32
7348,1837,86.0,15.0,15.0,22.39953,0.0,0.0,0.0,30.0,0.0,106.1325,81.045,23.64,6.32
7349,1838,86.85,15.0,15.0,20.842083,0.0,0.0,0.0,30.0,0.0,93.35666666666667,82.18666666666667,23.64,6.32
7350,1838,90.76,15.0,15.0,19.284637,0.0,0.0,0.0,30.0,0.0,55.04,63.32333333333333,23.64,6.32
7351,1838,96.5,15.0,15.0,17.72719,0.0,0.0,0.0,30.0,0.0,0.0,35.64,23.64,6.32
7352,1838,100.11,15.0,15.0,16.169743,0.0,0.0,0.0,30.0,0.0,0.0,37.0625,23.64,6.32
7353,1839,101.16,15.0,15.0,14.612296,0.0,0.0,0.0,30.0,0.0,90.05,27.354999999999997,23.64,6.32
7354,1839,108.2,15.0,15.0,13.054849,0.0,0.0,0.0,30.0,0.0,53.61,31.165,23.64,6.32
7355,1839,90.78,15.0,15.0,11.497403,0.0,0.0,0.0,30.0,0.0,60.167500000000004,75.96,23.64,6.32
7356,1839,90.74,15.0,15.0,9.9399558,0.0,0.0,0.0,30.0,0.0,63.6125,0.0,23.64,6.32
7357,1840,87.01,15.0,15.0,8.3825089,0.0,0.0,0.0,30.0,0.0,76.4,81.85,23.64,6.32
7358,1840,88.97,15.0,15.0,6.8250621,0.0,0.0,0.0,30.0,0.0,89.1075,79.6,23.64,6.32
7359,1840,100.97,15.0,15.0,5.2676153,0.0,0.0,0.0,30.0,0.0,54.57,58.82,23.64,6.32
7360,1840,116.88,15.0,15.0,3.7101685,0.0,0.0,0.0,30.0,0.0,156.235,86.845,23.64,6.32
7361,1841,131.2,24.01914,5.9808595,20.405927,0.0,18.038281,18.038281,11.961719,0.0,43.97,75.78,23.64,6.32
7362,1841,153.18,24.01914,5.9808595,37.101685,0.0,18.038281,18.038281,11.961719,0.0,133.81666666666666,77.89,23.64,6.32
7363,1841,144.32,24.01914,5.9808595,53.797444,0.0,18.038281,18.038281,11.961719,0.0,53.61,80.575,23.64,6.32
7364,1841,132.79,24.01914,5.9808595,70.493202,0.0,18.038281,18.038281,11.961719,0.0,125.095,84.3825,23.64,6.32
7365,1842,119.58,15.0,15.0,68.935755,0.0,0.0,0.0,30.0,0.0,59.6,81.73,24.18,9.260000000000002
7366,1842,110.97,15.0,15.0,67.378308,0.0,0.0,0.0,30.0,0.0,106.4525,82.0,24.18,9.260000000000002
7367,1842,106.28,15.0,15.0,65.820861,0.0,0.0,0.0,30.0,0.0,68.725,88.0,24.18,9.260000000000002
7368,1842,100.61,15.0,15.0,64.263415,0.0,0.0,0.0,30.0,0.0,56.405,34.29,24.18,9.260000000000002
7369,1843,101.19,15.0,15.0,62.705968,0.0,0.0,0.0,30.0,0.0,79.8225,0.0,24.36,10.24
7370,1843,96.29,15.0,15.0,61.148521,0.0,0.0,0.0,30.0,0.0,31.490000000000002,0.0,24.36,10.24
7371,1843,88.58,15.0,15.0,59.591074,0.0,0.0,0.0,30.0,0.0,92.455,0.0,24.36,10.24
7372,1843,85.08,15.0,15.0,58.033627,0.0,0.0,0.0,30.0,0.0,96.7875,83.69,24.36,10.24
7373,1844,86.0,15.0,15.0,56.476181,0.0,0.0,0.0,30.0,0.0,84.53999999999999,77.67,24.36,10.24
7374,1844,86.91,15.0,15.0,54.918734,0.0,0.0,0.0,30.0,0.0,60.285,79.15,24.36,10.24
7375,1844,94.9,15.0,15.0,53.361287,0.0,0.0,0.0,30.0,0.0,1.3,0.0,24.36,10.24
7376,1844,96.86,15.0,15.0,51.80384,0.0,0.0,0.0,30.0,0.0,55.370000000000005,53.196666666666665,24.36,10.24
7377,1845,87.25,15.0,15.0,50.246393,0.0,0.0,0.0,30.0,0.0,10.85,34.38,24.36,10.24
7378,1845,93.02,15.0,15.0,48.688947,0.0,0.0,0.0,30.0,0.0,76.965,12.69,24.36,10.24
7379,1845,68.43,15.0,15.0,47.1315,0.0,0.0,0.0,30.0,0.0,54.2825,0.0,24.36,10.24
7380,1845,59.29,15.0,15.0,45.574053,0.0,0.0,0.0,30.0,0.0,85.6175,85.08,24.36,10.24
7381,1846,52.63,15.0,15.0,44.016606,0.0,0.0,0.0,30.0,0.0,106.19,63.57333333333333,24.36,10.24
7382,1846,58.54,15.0,15.0,42.459159,0.0,0.0,0.0,30.0,0.0,32.18,20.165,24.36,10.24
7383,1846,80.92,15.0,15.0,40.901712,0.0,0.0,0.0,30.0,0.0,58.724999999999994,70.95,24.36,10.24
7384,1846,93.52,15.0,15.0,39.344266,0.0,0.0,0.0,30.0,0.0,3.825,78.2,24.36,10.24
7385,1847,111.0,15.21551,14.78449,38.222975,29.568979,30.0,0.4310210000000012,29.568979,0.0,47.995000000000005,0.0,24.36,10.24
7386,1847,124.28,15.21551,14.78449,37.101685,0.0,0.431021,0.431021,29.568979,0.0,63.912499999999994,80.745,24.36,10.24
7387,1847,125.15,15.21551,14.78449,35.980395,0.0,0.431021,0.431021,29.568979,0.0,69.6575,84.65,24.36,10.24
7388,1847,119.9,15.21551,14.78449,34.859105,0.0,0.431021,0.431021,29.568979,0.0,49.3725,80.155,24.36,10.24
7389,1848,110.84,15.0,15.0,33.301658,0.0,0.0,0.0,30.0,0.0,4.48,0.0,24.269999999999996,6.28
7390,1848,102.13,15.0,15.0,31.744211,0.0,0.0,0.0,30.0,0.0,36.92,81.5,24.269999999999996,6.28
7391,1848,100.68,15.0,15.0,30.186764,0.0,0.0,0.0,30.0,0.0,53.31,79.5275,24.269999999999996,6.28
7392,1848,94.71,15.0,15.0,28.629317,0.0,0.0,0.0,30.0,0.0,28.015,69.69,24.269999999999996,6.28
7393,1849,92.04,15.0,15.0,27.071871,0.0,0.0,0.0,30.0,0.0,42.21249999999999,64.27333333333333,24.24,4.96
7394,1849,89.96,15.0,15.0,25.514424,0.0,0.0,0.0,30.0,0.0,32.025,69.55,24.24,4.96
7395,1849,90.07,15.0,15.0,23.956977,0.0,0.0,0.0,30.0,0.0,52.93000000000001,73.19,24.24,4.96
7396,1849,89.18,15.0,15.0,22.39953,0.0,0.0,0.0,30.0,0.0,34.89,66.62,24.24,4.96
7397,1850,90.19,15.0,15.0,20.842083,0.0,0.0,0.0,30.0,0.0,40.78,89.08333333333333,24.24,4.96
7398,1850,97.48,15.0,15.0,19.284637,0.0,0.0,0.0,30.0,0.0,105.4975,71.75,24.24,4.96
7399,1850,122.24,15.0,15.0,17.72719,0.0,0.0,0.0,30.0,0.0,89.0325,0.0,24.24,4.96
7400,1850,140.0,15.0,15.0,16.169743,0.0,0.0,0.0,30.0,0.0,30.24,87.59,24.24,4.96
7401,1851,137.13,15.0,15.0,14.612296,0.0,0.0,0.0,30.0,0.0,188.04333333333332,73.41499999999999,24.24,4.96
7402,1851,120.13,15.0,15.0,13.054849,0.0,0.0,0.0,30.0,0.0,516.5925,53.82333333333333,24.24,4.96
7403,1851,99.56,15.0,15.0,11.497403,0.0,0.0,0.0,30.0,0.0,6.435,69.135,24.24,4.96
7404,1851,84.2,15.0,15.0,9.9399558,0.0,0.0,0.0,30.0,0.0,0.0,68.7525,24.24,4.96
7405,1852,83.1,15.0,15.0,8.3825089,0.0,0.0,0.0,30.0,0.0,26.770000000000003,72.235,24.24,4.96
7406,1852,84.2,15.0,15.0,6.8250621,0.0,0.0,0.0,30.0,0.0,86.4925,82.35,24.24,4.96
7407,1852,94.92,15.0,15.0,5.2676153,0.0,0.0,0.0,30.0,0.0,55.36000000000001,62.58,24.24,4.96
7408,1852,125.63,15.0,15.0,3.7101685,0.0,0.0,0.0,30.0,0.0,138.4425,75.18,24.24,4.96
7409,1853,174.0,20.307008,9.6929924,12.893202,0.0,10.614015,10.614015,0.0,0.0,15.737499999999997,86.795,24.24,4.96
7410,1853,269.76,30.0,0.0,41.693202,0.0,30.0,30.0,0.0,0.0,33.43333333333334,80.28,24.24,4.96
7411,1853,231.51,30.0,0.0,70.493202,0.0,30.0,30.0,0.0,0.0,277.4325,84.3475,24.24,4.96
7412,1853,161.23,15.769554,14.230446,70.493202,0.0,1.5391085,1.5391085,0.0,0.0,8.45,87.72,24.24,4.96
7413,1854,123.0,15.0,15.0,68.935755,0.0,0.0,0.0,30.0,0.0,9.616666666666667,81.95,25.7,4.48
7414,1854,110.1,15.0,15.0,67.378308,0.0,0.0,0.0,30.0,0.0,0.0,72.245,25.7,4.48
7415,1854,105.0,15.0,15.0,65.820861,0.0,0.0,0.0,30.0,0.0,0.0,70.52,25.7,4.48
7416,1854,92.72,15.0,15.0,64.263415,0.0,0.0,0.0,30.0,0.0,0.0,65.2375,25.7,4.48
7417,1855,83.63,10.598185,19.401815,53.797444,8.80363,0.0,-8.80363,21.19637,0.0,0.0,67.69749999999999,27.16,4.0
7418,1855,94.0,10.598185,19.401815,43.331472,8.80363,0.0,-8.80363,21.19637,0.0,102.12,73.9275,27.16,4.0
7419,1855,90.68,10.598185,19.401815,32.865501,8.80363,0.0,-8.80363,21.19637,0.0,0.0,75.89750000000001,27.16,4.0
7420,1855,91.3,10.598185,19.401815,22.39953,8.80363,0.0,-8.80363,21.19637,0.0,116.985,80.88499999999999,27.16,4.0
7421,1856,94.0,15.0,15.0,20.842083,0.0,0.0,0.0,30.0,0.0,57.2825,79.20333333333333,27.16,4.0
7422,1856,96.09,15.0,15.0,19.284637,0.0,0.0,0.0,30.0,0.0,60.03,77.0425,27.16,4.0
7423,1856,106.0,15.0,15.0,17.72719,0.0,0.0,0.0,30.0,0.0,4.47,69.6275,27.16,4.0
7424,1856,135.99,15.0,15.0,16.169743,0.0,0.0,0.0,30.0,0.0,46.60499999999999,79.525,27.16,4.0
7425,1857,136.21,15.0,15.0,14.612296,0.0,0.0,0.0,30.0,0.0,120.69999999999999,79.3625,27.16,4.0
7426,1857,118.23,15.0,15.0,13.054849,0.0,0.0,0.0,30.0,0.0,40.699999999999996,79.575,27.16,4.0
7427,1857,105.87,15.0,15.0,11.497403,0.0,0.0,0.0,30.0,0.0,124.08999999999999,78.19749999999999,27.16,4.0
7428,1857,95.28,15.0,15.0,9.9399558,0.0,0.0,0.0,30.0,0.0,41.46333333333333,77.4,27.16,4.0
7429,1858,94.92,15.0,15.0,8.3825089,0.0,0.0,0.0,30.0,0.0,52.99333333333333,76.925,27.16,4.0
7430,1858,99.25,15.0,15.0,6.8250621,0.0,0.0,0.0,30.0,0.0,109.92999999999999,76.6,27.16,4.0
7431,1858,107.98,15.0,15.0,5.2676153,0.0,0.0,0.0,30.0,0.0,164.33500000000004,74.22,27.16,4.0
7432,1858,149.86,15.0,15.0,3.7101685,0.0,0.0,0.0,30.0,0.0,338.7925,76.925,27.16,4.0
7433,1859,303.24,15.769554,14.230446,3.7101685,0.0,1.5391085,1.5391085,0.0,0.0,117.695,77.3,27.16,4.0
7434,1859,472.99,30.0,0.0,32.510169,0.0,30.0,30.0,0.0,0.0,448.2175,78.125,27.16,4.0
7435,1859,431.02,30.0,0.0,61.310169,0.0,30.0,30.0,0.0,0.0,130.6325,79.3,27.16,4.0
7436,1859,320.33,20.307008,9.6929924,70.493202,0.0,10.614015,10.614015,0.0,0.0,136.51749999999998,79.3,27.16,4.0
7437,1860,169.7,15.0,15.0,68.935755,0.0,0.0,0.0,30.0,0.0,126.95750000000002,79.3,36.18000000000001,3.7
7438,1860,129.9,15.0,15.0,67.378308,0.0,0.0,0.0,30.0,0.0,10.185,79.525,36.18000000000001,3.7
7439,1860,117.77,15.0,15.0,65.820861,30.0,30.0,0.0,30.0,0.0,97.73666666666666,79.75,36.18000000000001,3.7
7440,1860,110.03,15.0,15.0,64.263415,30.0,30.0,0.0,30.0,0.0,77.92,83.98,36.18000000000001,3.7
7441,1861,100.5,10.598185,19.401815,53.797444,30.0,21.19637,-8.803629999999998,21.19637,0.0,66.18249999999999,82.46666666666667,45.2,3.4
7442,1861,99.05,10.598185,19.401815,43.331472,8.80363,0.0,-8.80363,21.19637,0.0,12.52,81.32666666666667,45.2,3.4
7443,1861,95.4,10.598185,19.401815,32.865501,8.80363,0.0,-8.80363,21.19637,0.0,11.183333333333334,83.14333333333333,45.2,3.4
7444,1861,95.83,10.598185,19.401815,22.39953,8.80363,0.0,-8.80363,21.19637,0.0,66.02250000000001,79.765,45.2,3.4
7445,1862,98.83,15.0,15.0,20.842083,0.0,0.0,0.0,30.0,0.0,81.6,101.475,45.2,3.4
7446,1862,92.91,15.0,15.0,19.284637,0.0,0.0,0.0,30.0,0.0,88.245,70.08,45.2,3.4
7447,1862,121.0,15.0,15.0,17.72719,0.0,0.0,0.0,30.0,0.0,127.27,78.82,45.2,3.4
7448,1862,215.78,15.0,15.0,16.169743,0.0,0.0,0.0,30.0,0.0,60.9775,0.0,45.2,3.4
7449,1863,194.0,15.0,15.0,14.612296,0.0,0.0,0.0,30.0,0.0,224.2775,0.0,45.2,3.4
7450,1863,141.97,15.0,15.0,13.054849,0.0,0.0,0.0,30.0,0.0,316.365,0.0,45.2,3.4
7451,1863,130.92,15.0,15.0,11.497403,0.0,0.0,0.0,30.0,0.0,285.57,0.0,45.2,3.4
7452,1863,122.12,15.0,15.0,9.9399558,0.0,0.0,0.0,30.0,0.0,5.135,0.0,45.2,3.4
7453,1864,121.47,15.0,15.0,8.3825089,0.0,0.0,0.0,30.0,0.0,434.4075,0.0,45.2,3.4
7454,1864,124.11,15.0,15.0,6.8250621,0.0,0.0,0.0,30.0,0.0,264.1825,0.0,45.2,3.4
7455,1864,136.88,15.0,15.0,5.2676153,0.0,0.0,0.0,30.0,0.0,104.6,0.0,45.2,3.4
7456,1864,190.7,15.0,15.0,3.7101685,0.0,0.0,0.0,30.0,0.0,321.935,0.0,45.2,3.4
7457,1865,315.69,15.769554,14.230446,3.7101685,0.0,1.5391085,1.5391085,0.0,0.0,566.24,0.0,45.2,3.4
7458,1865,550.0,30.0,0.0,32.510169,0.0,30.0,30.0,0.0,0.0,145.115,0.0,45.2,3.4
7459,1865,545.85,30.0,0.0,61.310169,0.0,30.0,30.0,0.0,0.0,126.925,92.96333333333334,45.2,3.4
7460,1865,333.5,20.307008,9.6929924,70.493202,0.0,10.614015,10.614015,0.0,0.0,83.975,83.7675,45.2,3.4
7461,1866,175.62,15.0,15.0,68.935755,0.0,0.0,0.0,30.0,0.0,206.20749999999998,87.35000000000001,44.720000000000006,3.2800000000000002
7462,1866,128.97,15.0,15.0,67.378308,0.0,0.0,0.0,30.0,0.0,78.715,84.12,44.720000000000006,3.2800000000000002
7463,1866,113.0,15.0,15.0,65.820861,0.0,0.0,0.0,30.0,0.0,85.65333333333334,81.64,44.720000000000006,3.2800000000000002
7464,1866,108.7,15.0,15.0,64.263415,0.0,0.0,0.0,30.0,0.0,51.1225,85.995,44.720000000000006,3.2800000000000002
7465,1867,108.14,10.598185,19.401815,53.797444,8.80363,0.0,-8.80363,21.19637,0.0,26.0225,86.92333333333333,44.24,3.16
7466,1867,101.11,10.598185,19.401815,43.331472,8.80363,0.0,-8.80363,21.19637,0.0,83.37333333333333,92.69,44.24,3.16
7467,1867,98.44,10.598185,19.401815,32.865501,8.80363,0.0,-8.80363,21.19637,0.0,7.579999999999999,92.44,44.24,3.16
7468,1867,97.24,10.598185,19.401815,22.39953,8.80363,0.0,-8.80363,21.19637,0.0,38.989999999999995,83.9,44.24,3.16
7469,1868,98.46,15.0,15.0,20.842083,0.0,0.0,0.0,30.0,0.0,71.56,85.08,44.24,3.16
7470,1868,93.6,15.0,15.0,19.284637,0.0,0.0,0.0,30.0,0.0,73.66666666666667,68.17333333333333,44.24,3.16
7471,1868,99.5,15.0,15.0,17.72719,0.0,0.0,0.0,30.0,0.0,52.839999999999996,76.46,44.24,3.16
7472,1868,170.94,15.0,15.0,16.169743,0.0,0.0,0.0,30.0,0.0,179.7525,0.0,44.24,3.16
7473,1869,161.71,15.0,15.0,14.612296,0.0,0.0,0.0,30.0,0.0,228.06,0.0,44.24,3.16
7474,1869,147.65,15.0,15.0,13.054849,0.0,0.0,0.0,30.0,0.0,124.28750000000002,0.0,44.24,3.16
7475,1869,141.32,15.0,15.0,11.497403,0.0,0.0,0.0,30.0,0.0,52.5375,0.0,44.24,3.16
7476,1869,127.93,15.0,15.0,9.9399558,0.0,0.0,0.0,30.0,0.0,299.21750000000003,0.0,44.24,3.16
7477,1870,122.08,15.0,15.0,8.3825089,0.0,0.0,0.0,30.0,0.0,225.39000000000001,0.0,44.24,3.16
7478,1870,127.22,15.0,15.0,6.8250621,0.0,0.0,0.0,30.0,0.0,16.57,0.0,44.24,3.16
7479,1870,128.0,15.0,15.0,5.2676153,0.0,0.0,0.0,30.0,0.0,102.41,0.0,44.24,3.16
7480,1870,178.89,15.0,15.0,3.7101685,0.0,0.0,0.0,30.0,0.0,13.157499999999999,0.0,44.24,3.16
7481,1871,242.92,26.769003,3.2309975,25.97118,0.0,23.538005,23.538005,6.4619949,0.0,233.21,0.0,44.24,3.16
7482,1871,371.14,26.769003,3.2309975,48.232191,0.0,23.538005,23.538005,6.4619949,0.0,186.59,0.0,44.24,3.16
7483,1871,277.74,26.769003,3.2309975,70.493202,0.0,23.538005,23.538005,6.4619949,0.0,250.8,0.0,44.24,3.16
7484,1871,171.19,15.769554,14.230446,70.493202,0.0,1.5391085,1.5391085,6.4619949,0.0,85.345,0.0,44.24,3.16
7485,1872,130.07,15.0,15.0,68.935755,0.0,0.0,0.0,30.0,0.0,152.95499999999998,84.78666666666666,34.16,3.42
7486,1872,113.92,15.0,15.0,67.378308,0.0,0.0,0.0,30.0,0.0,81.21666666666667,85.305,34.16,3.42
7487,1872,111.67,15.0,15.0,65.820861,0.0,0.0,0.0,30.0,0.0,101.44666666666666,85.46,34.16,3.42
7488,1872,99.87,15.0,15.0,64.263415,0.0,0.0,0.0,30.0,0.0,91.48333333333333,78.69,34.16,3.42
7489,1873,98.94,15.0,15.0,62.705968,0.0,0.0,0.0,30.0,0.0,93.73,0.0,24.08,3.68
7490,1873,99.08,15.0,15.0,61.148521,0.0,0.0,0.0,30.0,0.0,105.84,0.0,24.08,3.68
7491,1873,96.62,15.0,15.0,59.591074,0.0,0.0,0.0,30.0,0.0,53.09,0.0,24.08,3.68
7492,1873,95.6,15.0,15.0,58.033627,0.0,0.0,0.0,30.0,0.0,33.040000000000006,0.0,24.08,3.68
7493,1874,96.13,15.0,15.0,56.476181,0.0,0.0,0.0,30.0,0.0,103.5875,88.0,24.08,3.68
7494,1874,97.63,15.0,15.0,54.918734,0.0,0.0,0.0,30.0,0.0,56.6475,76.38,24.08,3.68
7495,1874,103.4,15.0,15.0,53.361287,0.0,0.0,0.0,30.0,0.0,89.94,90.82,24.08,3.68
7496,1874,125.98,15.0,15.0,51.80384,0.0,0.0,0.0,30.0,0.0,152.88750000000002,0.0,24.08,3.68
7497,1875,132.69,15.0,15.0,50.246393,0.0,0.0,0.0,30.0,0.0,1454.9,0.0,24.08,3.68
7498,1875,126.19,15.0,15.0,48.688947,0.0,0.0,0.0,30.0,0.0,2044.93,0.0,24.08,3.68
7499,1875,117.34,15.0,15.0,47.1315,0.0,0.0,0.0,30.0,0.0,717.4000000000001,0.0,24.08,3.68
7500,1875,110.94,15.0,15.0,45.574053,0.0,0.0,0.0,30.0,0.0,1250.725,0.0,24.08,3.68
7501,1876,105.59,15.0,15.0,44.016606,0.0,0.0,0.0,30.0,0.0,393.0775,0.0,24.08,3.68
7502,1876,106.81,15.0,15.0,42.459159,0.0,0.0,0.0,30.0,0.0,148.685,84.52,24.08,3.68
7503,1876,112.18,15.0,15.0,40.901712,0.0,0.0,0.0,30.0,0.0,137.8725,0.0,24.08,3.68
7504,1876,123.59,15.0,15.0,39.344266,0.0,0.0,0.0,30.0,0.0,63.3875,0.0,24.08,3.68
7505,1877,129.11,15.21551,14.78449,38.222975,0.0,0.431021,0.431021,29.568979,0.0,118.52333333333333,90.29333333333334,24.08,3.68
7506,1877,129.08,15.21551,14.78449,37.101685,0.0,0.431021,0.431021,29.568979,0.0,94.19,85.08,24.08,3.68
7507,1877,133.09,15.21551,14.78449,35.980395,0.0,0.431021,0.431021,29.568979,0.0,141.405,0.0,24.08,3.68
7508,1877,127.39,15.21551,14.78449,34.859105,29.568979,30.0,0.4310210000000012,29.568979,0.0,134.7125,0.0,24.08,3.68
7509,1878,115.89,15.0,15.0,33.301658,0.0,0.0,0.0,30.0,0.0,7.737500000000001,0.0,23.14,3.76
7510,1878,109.61,15.0,15.0,31.744211,0.0,0.0,0.0,30.0,0.0,107.92,93.73,23.14,3.76
7511,1878,113.0,15.0,15.0,30.186764,0.0,0.0,0.0,30.0,0.0,55.4275,89.33,23.14,3.76
7512,1878,104.06,15.0,15.0,28.629317,0.0,0.0,0.0,30.0,0.0,38.285,86.34,23.14,3.76
7513,1879,105.1,15.0,15.0,27.071871,0.0,0.0,0.0,30.0,0.0,55.07,88.0,22.2,3.84
7514,1879,99.96,15.0,15.0,25.514424,0.0,0.0,0.0,30.0,0.0,31.477500000000003,0.0,22.2,3.84
7515,1879,98.0,15.0,15.0,23.956977,0.0,0.0,0.0,30.0,0.0,82.78999999999999,0.0,22.2,3.84
7516,1879,96.68,15.0,15.0,22.39953,0.0,0.0,0.0,30.0,0.0,81.14750000000001,0.0,22.2,3.84
7517,1880,98.41,15.0,15.0,20.842083,0.0,0.0,0.0,30.0,0.0,57.337500000000006,89.69,22.2,3.84
7518,1880,100.6,15.0,15.0,19.284637,0.0,0.0,0.0,30.0,0.0,73.74,89.845,22.2,3.84
7519,1880,104.31,15.0,15.0,17.72719,0.0,0.0,0.0,30.0,0.0,99.47749999999999,0.0,22.2,3.84
7520,1880,109.87,15.0,15.0,16.169743,0.0,0.0,0.0,30.0,0.0,56.947500000000005,0.0,22.2,3.84
7521,1881,114.1,15.0,15.0,14.612296,0.0,0.0,0.0,30.0,0.0,41.7375,0.0,22.2,3.84
7522,1881,114.6,15.0,15.0,13.054849,30.0,30.0,0.0,30.0,0.0,7.779999999999999,0.0,22.2,3.84
7523,1881,109.97,15.0,15.0,11.497403,0.0,0.0,0.0,30.0,0.0,38.849999999999994,0.0,22.2,3.84
7524,1881,106.4,15.0,15.0,9.9399558,0.0,0.0,0.0,30.0,0.0,66.455,0.0,22.2,3.84
7525,1882,106.88,15.0,15.0,8.3825089,0.0,0.0,0.0,30.0,0.0,61.317499999999995,0.0,22.2,3.84
7526,1882,108.0,15.0,15.0,6.8250621,0.0,0.0,0.0,30.0,0.0,57.154999999999994,92.305,22.2,3.84
7527,1882,110.18,15.0,15.0,5.2676153,0.0,0.0,0.0,30.0,0.0,82.75,0.0,22.2,3.84
7528,1882,119.92,15.0,15.0,3.7101685,0.0,0.0,0.0,30.0,0.0,77.38499999999999,0.0,22.2,3.84
7529,1883,133.3,19.617325,10.382675,11.497403,0.0,9.234651,9.234651,20.765349,0.0,83.905,0.0,22.2,3.84
7530,1883,144.8,19.617325,10.382675,19.284637,0.0,9.234651,9.234651,20.765349,0.0,70.97999999999999,97.275,22.2,3.84
7531,1883,145.96,19.617325,10.382675,27.071871,0.0,9.234651,9.234651,20.765349,0.0,102.25,85.22666666666666,22.2,3.84
7532,1883,139.27,19.617325,10.382675,34.859105,0.0,9.234651,9.234651,20.765349,0.0,59.905,98.68,22.2,3.84
7533,1884,128.32,15.0,15.0,33.301658,0.0,0.0,0.0,30.0,0.0,28.5625,100.85,21.56,3.6799999999999997
7534,1884,117.96,15.0,15.0,31.744211,0.0,0.0,0.0,30.0,0.0,55.9,94.24333333333334,21.56,3.6799999999999997
7535,1884,114.53,15.0,15.0,30.186764,0.0,0.0,0.0,30.0,0.0,66.56,0.0,21.56,3.6799999999999997
7536,1884,110.1,15.0,15.0,28.629317,0.0,0.0,0.0,30.0,0.0,42.95333333333333,89.69,21.56,3.6799999999999997
7537,1885,104.99,15.0,15.0,27.071871,0.0,0.0,0.0,30.0,0.0,104.4,89.495,20.92,3.52
7538,1885,102.28,15.0,15.0,25.514424,0.0,0.0,0.0,30.0,0.0,108.98,93.6175,20.92,3.52
7539,1885,101.29,15.0,15.0,23.956977,0.0,0.0,0.0,30.0,0.0,81.08250000000001,91.725,20.92,3.52
7540,1885,99.44,15.0,15.0,22.39953,0.0,0.0,0.0,30.0,0.0,108.04,88.62666666666667,20.92,3.52
7541,1886,99.19,15.0,15.0,20.842083,0.0,0.0,0.0,30.0,0.0,80.19,0.0,20.92,3.52
7542,1886,99.89,15.0,15.0,19.284637,0.0,0.0,0.0,30.0,0.0,101.95,81.5125,20.92,3.52
7543,1886,99.55,15.0,15.0,17.72719,0.0,0.0,0.0,30.0,0.0,68.8275,83.2,20.92,3.52
7544,1886,102.45,15.0,15.0,16.169743,0.0,0.0,0.0,30.0,0.0,102.215,0.0,20.92,3.52
7545,1887,104.28,15.0,15.0,14.612296,0.0,0.0,0.0,30.0,0.0,100.92500000000001,95.765,20.92,3.52
7546,1887,110.91,15.0,15.0,13.054849,0.0,0.0,0.0,30.0,0.0,102.92,91.8025,20.92,3.52
7547,1887,112.17,15.0,15.0,11.497403,0.0,0.0,0.0,30.0,0.0,84.825,0.0,20.92,3.52
7548,1887,110.13,15.0,15.0,9.9399558,0.0,0.0,0.0,30.0,0.0,36.860000000000014,0.0,20.92,3.52
7549,1888,110.92,15.0,15.0,8.3825089,30.0,30.0,0.0,30.0,0.0,53.650000000000006,0.0,20.92,3.52
7550,1888,108.23,15.0,15.0,6.8250621,30.0,30.0,0.0,30.0,0.0,105.33,68.275,20.92,3.52
7551,1888,110.93,15.0,15.0,5.2676153,0.0,0.0,0.0,30.0,0.0,1.2,83.8125,20.92,3.52
7552,1888,121.39,15.0,15.0,3.7101685,0.0,0.0,0.0,30.0,0.0,90.745,62.343333333333334,20.92,3.52
7553,1889,130.77,22.695542,7.3044575,17.72719,0.0,15.391085,15.391085,14.608915,0.0,33.53000000000001,93.33,20.92,3.52
7554,1889,145.52,22.695542,7.3044575,31.744211,0.0,15.391085,15.391085,14.608915,0.0,99.465,87.69,20.92,3.52
7555,1889,144.2,22.695542,7.3044575,45.761232,0.0,15.391085,15.391085,14.608915,0.0,0.0,83.5975,20.92,3.52
7556,1889,137.57,22.695542,7.3044575,59.778254,0.0,15.391085,15.391085,14.608915,0.0,30.095000000000002,85.71000000000001,20.92,3.52
7557,1890,125.31,15.0,15.0,58.220807,30.0,30.0,0.0,30.0,0.0,108.445,86.86,21.700000000000003,3.76
7558,1890,115.28,15.0,15.0,56.66336,0.0,0.0,0.0,30.0,0.0,57.285000000000004,73.69,21.700000000000003,3.76
7559,1890,111.1,15.0,15.0,55.105913,0.0,0.0,0.0,30.0,0.0,11.65,57.4675,21.700000000000003,3.76
7560,1890,108.02,15.0,15.0,53.548466,0.0,0.0,0.0,30.0,0.0,92.61,-27.394999999999982,21.700000000000003,3.76
7561,1891,109.55,15.0,15.0,51.99102,0.0,0.0,0.0,30.0,0.0,101.71,49.787499999999994,22.48,4.0
7562,1891,103.38,15.0,15.0,50.433573,0.0,0.0,0.0,30.0,0.0,540.3924999999999,71.95,22.48,4.0
7563,1891,99.91,15.0,15.0,48.876126,0.0,0.0,0.0,30.0,0.0,81.20750000000001,0.0,22.48,4.0
7564,1891,96.0,15.0,15.0,47.318679,0.0,0.0,0.0,30.0,0.0,62.1975,40.449999999999996,22.48,4.0
7565,1892,95.01,15.0,15.0,45.761232,0.0,0.0,0.0,30.0,0.0,107.65,60.72,22.48,4.0
7566,1892,82.0,15.0,15.0,44.203786,0.0,0.0,0.0,30.0,0.0,191.195,72.225,22.48,4.0
7567,1892,91.7,15.0,15.0,42.646339,0.0,0.0,0.0,30.0,0.0,4.7425,88.71,22.48,4.0
7568,1892,118.91,15.0,15.0,41.088892,0.0,0.0,0.0,30.0,0.0,82.8725,90.32,22.48,4.0
7569,1893,130.55,15.0,15.0,39.531445,0.0,0.0,0.0,30.0,0.0,66.55,-60.9075,22.48,4.0
7570,1893,119.9,15.0,15.0,37.973998,0.0,0.0,0.0,30.0,0.0,66.545,40.155,22.48,4.0
7571,1893,108.28,15.0,15.0,36.416551,0.0,0.0,0.0,30.0,0.0,64.11250000000001,75.66333333333333,22.48,4.0
7572,1893,64.25,15.0,15.0,34.859105,0.0,0.0,0.0,30.0,0.0,82.05499999999999,-50.6875,22.48,4.0
7573,1894,87.97,15.0,15.0,33.301658,0.0,0.0,0.0,30.0,0.0,40.49249999999999,33.13333333333333,22.48,4.0
7574,1894,101.0,15.0,15.0,31.744211,0.0,0.0,0.0,30.0,0.0,62.93,43.53000000000001,22.48,4.0
7575,1894,109.0,15.0,15.0,30.186764,0.0,0.0,0.0,30.0,0.0,444.76333333333326,69.28,22.48,4.0
7576,1894,102.6,15.0,15.0,28.629317,0.0,0.0,0.0,30.0,0.0,187.12750000000005,97.7,22.48,4.0
7577,1895,116.2,15.0,15.0,27.071871,0.0,0.0,0.0,30.0,0.0,62.716666666666676,76.22999999999999,22.48,4.0
7578,1895,145.77,15.0,15.0,25.514424,0.0,0.0,0.0,30.0,0.0,0.0,54.5125,22.48,4.0
7579,1895,144.1,15.0,15.0,23.956977,0.0,0.0,0.0,30.0,0.0,32.083333333333336,68.43333333333334,22.48,4.0
7580,1895,131.69,15.0,15.0,22.39953,0.0,0.0,0.0,30.0,0.0,4.0475,88.7,22.48,4.0
7581,1896,120.0,15.0,15.0,20.842083,0.0,0.0,0.0,30.0,0.0,112.045,84.15333333333334,23.9,3.8200000000000003
7582,1896,110.2,15.0,15.0,19.284637,0.0,0.0,0.0,30.0,0.0,72.5,76.33,23.9,3.8200000000000003
7583,1896,107.86,15.0,15.0,17.72719,0.0,0.0,0.0,30.0,0.0,483.98,0.0,23.9,3.8200000000000003
7584,1896,104.33,15.0,15.0,16.169743,0.0,0.0,0.0,30.0,0.0,71.7975,0.0,23.9,3.8200000000000003
7585,1897,101.2,15.0,15.0,14.612296,0.0,0.0,0.0,30.0,0.0,96.67500000000001,0.0,25.32,3.64
7586,1897,102.0,15.0,15.0,13.054849,0.0,0.0,0.0,30.0,0.0,69.83666666666667,90.69,25.32,3.64
7587,1897,95.2,15.0,15.0,11.497403,0.0,0.0,0.0,30.0,0.0,112.5925,82.0375,25.32,3.64
7588,1897,93.75,15.0,15.0,9.9399558,0.0,0.0,0.0,30.0,0.0,0.0,71.1125,25.32,3.64
7589,1898,93.16,15.0,15.0,8.3825089,0.0,0.0,0.0,30.0,0.0,10.25,47.725,25.32,3.64
7590,1898,103.11,15.0,15.0,6.8250621,0.0,0.0,0.0,30.0,0.0,130.55,76.13499999999999,25.32,3.64
7591,1898,89.2,15.0,15.0,5.2676153,0.0,0.0,0.0,30.0,0.0,60.44499999999999,22.50666666666666,25.32,3.64
7592,1898,111.5,15.0,15.0,3.7101685,0.0,0.0,0.0,30.0,0.0,445.84000000000003,60.745000000000005,25.32,3.64
7593,1899,180.0,15.769554,14.230446,3.7101685,28.460892,30.0,1.5391079999999988,28.460892,0.0,4.773333333333333,83.4325,25.32,3.64
7594,1899,133.2,15.769554,14.230446,3.7101685,0.0,1.5391085,1.5391085,28.460892,0.0,1.7666666666666666,80.5575,25.32,3.64
7595,1899,158.99,15.769554,14.230446,3.7101685,0.0,1.5391085,1.5391085,28.460892,0.0,0.0,3.1575000000000024,25.32,3.64
7596,1899,125.52,15.769554,14.230446,3.7101685,0.0,1.5391085,1.5391085,28.460892,0.0,69.11000000000001,88.89333333333333,25.32,3.64
7597,1900,124.91,15.769554,14.230446,3.7101685,0.0,1.5391085,1.5391085,28.460892,0.0,110.93,88.0,25.32,3.64
7598,1900,147.31,15.769554,14.230446,3.7101685,0.0,1.5391085,1.5391085,28.460892,0.0,54.535,69.7125,25.32,3.64
7599,1900,160.72,15.769554,14.230446,3.7101685,0.0,1.5391085,1.5391085,28.460892,0.0,11.59,46.425,25.32,3.64
7600,1900,200.0,15.769554,14.230446,3.7101685,0.0,1.5391085,1.5391085,28.460892,0.0,59.94,92.03999999999999,25.32,3.64
7601,1901,245.74,26.769003,3.2309975,25.97118,0.0,23.538005,23.538005,6.4619949,0.0,148.06666666666666,100.47999999999999,25.32,3.64
7602,1901,292.33,26.769003,3.2309975,48.232191,0.0,23.538005,23.538005,6.4619949,0.0,92.52000000000001,99.74000000000001,25.32,3.64
7603,1901,216.0,26.769003,3.2309975,70.493202,0.0,23.538005,23.538005,6.4619949,0.0,101.6925,99.0,25.32,3.64
7604,1901,168.34,15.769554,14.230446,70.493202,0.0,1.5391085,1.5391085,6.4619949,0.0,54.89500000000001,97.0,25.32,3.64
7605,1902,146.67,15.0,15.0,68.935755,0.0,0.0,0.0,30.0,0.0,1.2866666666666666,88.24000000000001,28.24,3.34
7606,1902,130.51,15.0,15.0,67.378308,0.0,0.0,0.0,30.0,0.0,0.0,90.455,28.24,3.34
7607,1902,124.44,15.0,15.0,65.820861,0.0,0.0,0.0,30.0,0.0,11.79,83.2475,28.24,3.34
7608,1902,115.33,15.0,15.0,64.263415,0.0,0.0,0.0,30.0,0.0,47.67333333333333,89.52666666666666,28.24,3.34
7609,1903,114.7,9.0590765,20.940923,50.68255,30.0,18.118153,-11.881847,18.118153,0.0,0.0,88.3825,31.16,3.04
7610,1903,109.95,9.0590765,20.940923,37.101685,11.881847,0.0,-11.881847,18.118153,0.0,0.0,85.7525,31.16,3.04
7611,1903,106.56,9.0590765,20.940923,23.52082,11.881847,0.0,-11.881847,18.118153,0.0,79.9925,88.69,31.16,3.04
7612,1903,105.66,9.0590765,20.940923,9.9399558,11.881847,0.0,-11.881847,18.118153,0.0,37.406666666666666,92.0,31.16,3.04
7613,1904,107.87,15.0,15.0,8.3825089,0.0,0.0,0.0,30.0,0.0,33.150000000000006,91.96666666666667,31.16,3.04
7614,1904,114.3,15.0,15.0,6.8250621,0.0,0.0,0.0,30.0,0.0,48.89499999999999,91.9,31.16,3.04
7615,1904,130.31,15.0,15.0,5.2676153,0.0,0.0,0.0,30.0,0.0,41.315,91.9,31.16,3.04
7616,1904,160.77,15.0,15.0,3.7101685,0.0,0.0,0.0,30.0,0.0,126.76666666666667,105.16,31.16,3.04
7617,1905,212.71,24.01914,5.9808595,20.405927,11.961719,30.0,18.038280999999998,11.961719,0.0,64.685,0.0,31.16,3.04
7618,1905,213.91,24.01914,5.9808595,37.101685,11.961719,30.0,18.038280999999998,11.961719,0.0,171.765,0.0,31.16,3.04
7619,1905,189.78,24.01914,5.9808595,53.797444,0.0,18.038281,18.038281,11.961719,0.0,61.955,105.795,31.16,3.04
7620,1905,169.79,24.01914,5.9808595,70.493202,0.0,18.038281,18.038281,11.961719,0.0,47.27666666666666,93.8625,31.16,3.04
7621,1906,155.7,15.0,15.0,68.935755,0.0,0.0,0.0,30.0,0.0,0.0,92.10249999999999,31.16,3.04
7622,1906,153.7,15.0,15.0,67.378308,0.0,0.0,0.0,30.0,0.0,49.415,93.87,31.16,3.04
7623,1906,153.42,15.0,15.0,65.820861,0.0,0.0,0.0,30.0,0.0,132.36333333333334,84.625,31.16,3.04
7624,1906,162.07,15.0,15.0,64.263415,0.0,0.0,0.0,30.0,0.0,81.78999999999999,117.39999999999999,31.16,3.04
7625,1907,169.59,16.539108,13.460892,65.820861,0.0,3.078217,3.078217,26.921783,0.0,73.4375,77.16,31.16,3.04
7626,1907,177.52,16.539108,13.460892,67.378308,0.0,3.078217,3.078217,26.921783,0.0,200.60333333333335,101.7375,31.16,3.04
7627,1907,175.0,16.539108,13.460892,68.935755,0.0,3.078217,3.078217,26.921783,0.0,186.33333333333334,100.93333333333334,31.16,3.04
7628,1907,162.82,16.539108,13.460892,70.493202,0.0,3.078217,3.078217,26.921783,0.0,4.9025,100.8375,31.16,3.04
7629,1908,128.5,15.0,15.0,68.935755,0.0,0.0,0.0,30.0,0.0,87.12333333333333,100.0675,27.560000000000002,2.92
7630,1908,116.27,15.0,15.0,67.378308,0.0,0.0,0.0,30.0,0.0,58.3125,100.1125,27.560000000000002,2.92
7631,1908,114.23,15.0,15.0,65.820861,0.0,0.0,0.0,30.0,0.0,59.425,91.8725,27.560000000000002,2.92
7632,1908,106.81,15.0,15.0,64.263415,0.0,0.0,0.0,30.0,0.0,74.11,81.13,27.560000000000002,2.92
7633,1909,101.7,15.0,15.0,62.705968,0.0,0.0,0.0,30.0,0.0,99.57,92.0,23.96,2.8
7634,1909,100.0,15.0,15.0,61.148521,0.0,0.0,0.0,30.0,0.0,107.685,67.285,23.96,2.8
7635,1909,96.14,15.0,15.0,59.591074,0.0,0.0,0.0,30.0,0.0,0.0,45.9825,23.96,2.8
7636,1909,92.37,15.0,15.0,58.033627,0.0,0.0,0.0,30.0,0.0,67.685,79.9,23.96,2.8
7637,1910,91.63,15.0,15.0,56.476181,0.0,0.0,0.0,30.0,0.0,82.19,22.604999999999997,23.96,2.8
7638,1910,92.93,15.0,15.0,54.918734,0.0,0.0,0.0,30.0,0.0,89.375,74.035,23.96,2.8
7639,1910,105.27,15.0,15.0,53.361287,30.0,30.0,0.0,30.0,0.0,0.0,72.6125,23.96,2.8
7640,1910,114.07,15.0,15.0,51.80384,0.0,0.0,0.0,30.0,0.0,111.695,91.9,23.96,2.8
7641,1911,129.1,15.0,15.0,50.246393,0.0,0.0,0.0,30.0,0.0,112.06333333333333,103.32,23.96,2.8
7642,1911,125.76,15.0,15.0,48.688947,0.0,0.0,0.0,30.0,0.0,93.185,95.18,23.96,2.8
7643,1911,126.8,15.0,15.0,47.1315,0.0,0.0,0.0,30.0,0.0,59.825,110.0,23.96,2.8
7644,1911,126.34,15.0,15.0,45.574053,0.0,0.0,0.0,30.0,0.0,92.4675,101.73333333333333,23.96,2.8
7645,1912,123.82,15.0,15.0,44.016606,0.0,0.0,0.0,30.0,0.0,118.60333333333334,101.8,23.96,2.8
7646,1912,128.09,15.0,15.0,42.459159,0.0,0.0,0.0,30.0,0.0,118.4175,89.69,23.96,2.8
7647,1912,134.19,15.0,15.0,40.901712,0.0,0.0,0.0,30.0,0.0,73.0575,0.0,23.96,2.8
7648,1912,143.15,15.0,15.0,39.344266,0.0,0.0,0.0,30.0,0.0,134.77,87.48,23.96,2.8
7649,1913,147.76,19.617325,10.382675,47.1315,0.0,9.234651,9.234651,20.765349,0.0,625.09,81.835,23.96,2.8
7650,1913,157.16,19.617325,10.382675,54.918734,0.0,9.234651,9.234651,20.765349,0.0,66.7,89.685,23.96,2.8
7651,1913,155.24,19.617325,10.382675,62.705968,0.0,9.234651,9.234651,20.765349,0.0,190.06999999999994,111.06666666666666,23.96,2.8
7652,1913,149.12,19.617325,10.382675,70.493202,0.0,9.234651,9.234651,20.765349,0.0,4.977500000000001,101.8,23.96,2.8
7653,1914,138.96,15.0,15.0,68.935755,0.0,0.0,0.0,30.0,0.0,58.1025,101.7,23.099999999999998,2.6999999999999997
7654,1914,129.53,15.0,15.0,67.378308,0.0,0.0,0.0,30.0,0.0,179.37,101.7,23.099999999999998,2.6999999999999997
7655,1914,122.89,15.0,15.0,65.820861,0.0,0.0,0.0,30.0,0.0,8.215,99.96,23.099999999999998,2.6999999999999997
7656,1914,112.56,15.0,15.0,64.263415,0.0,0.0,0.0,30.0,0.0,59.4875,95.04,23.099999999999998,2.6999999999999997
7657,1915,110.66,15.0,15.0,62.705968,0.0,0.0,0.0,30.0,0.0,153.1825,0.0,22.24,2.6
7658,1915,106.8,15.0,15.0,61.148521,0.0,0.0,0.0,30.0,0.0,104.64,100.69,22.24,2.6
7659,1915,107.07,15.0,15.0,59.591074,0.0,0.0,0.0,30.0,0.0,0.0,90.8925,22.24,2.6
7660,1915,103.7,15.0,15.0,58.033627,0.0,0.0,0.0,30.0,0.0,58.1375,78.38,22.24,2.6
7661,1916,104.5,15.0,15.0,56.476181,0.0,0.0,0.0,30.0,0.0,126.775,91.36,22.24,2.6
7662,1916,108.78,15.0,15.0,54.918734,0.0,0.0,0.0,30.0,0.0,1.6099999999999999,64.01,22.24,2.6
7663,1916,129.8,15.0,15.0,53.361287,0.0,0.0,0.0,30.0,0.0,52.040000000000006,86.87,22.24,2.6
7664,1916,145.23,15.0,15.0,51.80384,0.0,0.0,0.0,30.0,0.0,48.724999999999994,0.0,22.24,2.6
7665,1917,158.52,18.078217,11.921783,56.476181,0.0,6.156434,6.156434,23.843566,0.0,7.8100000000000005,87.71,22.24,2.6
7666,1917,149.97,18.078217,11.921783,61.148521,0.0,6.156434,6.156434,23.843566,0.0,116.42,93.80000000000001,22.24,2.6
7667,1917,137.58,18.078217,11.921783,65.820861,0.0,6.156434,6.156434,23.843566,0.0,39.0,99.48,22.24,2.6
7668,1917,133.51,18.078217,11.921783,70.493202,0.0,6.156434,6.156434,23.843566,0.0,92.46000000000001,0.0,22.24,2.6
7669,1918,121.64,15.0,15.0,68.935755,0.0,0.0,0.0,30.0,0.0,14.865,102.02,22.24,2.6
7670,1918,121.5,15.0,15.0,67.378308,0.0,0.0,0.0,30.0,0.0,117.51666666666665,83.26,22.24,2.6
7671,1918,130.1,15.0,15.0,65.820861,0.0,0.0,0.0,30.0,0.0,11.485,105.9,22.24,2.6
7672,1918,138.14,15.0,15.0,64.263415,0.0,0.0,0.0,30.0,0.0,78.035,99.69,22.24,2.6
7673,1919,133.19,16.539108,13.460892,65.820861,0.0,3.078217,3.078217,26.921783,0.0,10.01,97.125,22.24,2.6
7674,1919,137.03,16.539108,13.460892,67.378308,0.0,3.078217,3.078217,26.921783,0.0,0.0,82.98,22.24,2.6
7675,1919,135.54,16.539108,13.460892,68.935755,0.0,3.078217,3.078217,26.921783,0.0,106.56,85.6775,22.24,2.6
7676,1919,128.0,16.539108,13.460892,70.493202,0.0,3.078217,3.078217,26.921783,0.0,13.08,74.33,22.24,2.6
7677,1920,115.73,15.0,15.0,68.935755,30.0,30.0,0.0,0.0,30.0,8.015,85.97,13.499999999999998,11.260000000000002
7678,1920,110.74,15.0,15.0,67.378308,0.0,0.0,0.0,0.0,30.0,0.9299999999999999,85.495,13.499999999999998,11.260000000000002
7679,1920,108.19,15.0,15.0,65.820861,0.0,0.0,0.0,0.0,30.0,0.0,57.0475,13.499999999999998,11.260000000000002
7680,1920,93.55,15.0,15.0,64.263415,0.0,0.0,0.0,0.0,30.0,144.60500000000002,34.25666666666666,13.499999999999998,11.260000000000002
7681,1921,102.65,15.0,15.0,62.705968,0.0,0.0,0.0,0.0,30.0,108.57,36.66,4.76,19.92
7682,1921,99.09,15.0,15.0,61.148521,0.0,0.0,0.0,0.0,30.0,100.48,20.705,4.76,19.92
7683,1921,97.91,15.0,15.0,59.591074,0.0,0.0,0.0,0.0,30.0,47.07,64.92333333333333,4.76,19.92
7684,1921,96.07,15.0,15.0,58.033627,0.0,0.0,0.0,0.0,30.0,0.0,-9.4925,4.76,19.92
7685,1922,89.78,15.0,15.0,56.476181,0.0,0.0,0.0,0.0,30.0,0.0,45.275,4.76,19.92
7686,1922,86.95,15.0,15.0,54.918734,0.0,0.0,0.0,0.0,30.0,0.0,-0.35249999999999915,4.76,19.92
7687,1922,78.6,15.0,15.0,53.361287,0.0,0.0,0.0,0.0,30.0,119.91,31.229999999999997,4.76,19.92
7688,1922,90.1,15.0,15.0,51.80384,0.0,0.0,0.0,0.0,30.0,67.82,58.85666666666666,4.76,19.92
7689,1923,104.75,15.0,15.0,50.246393,0.0,0.0,0.0,0.0,30.0,56.765,81.53,4.76,19.92
7690,1923,118.4,15.0,15.0,48.688947,0.0,0.0,0.0,0.0,30.0,12.8325,0.0,4.76,19.92
7691,1923,114.9,15.0,15.0,47.1315,0.0,0.0,0.0,0.0,30.0,1.1,82.25999999999999,4.76,19.92
7692,1923,111.41,15.0,15.0,45.574053,0.0,0.0,0.0,0.0,30.0,6.42,69.0575,4.76,19.92
7693,1924,108.98,15.0,15.0,44.016606,0.0,0.0,0.0,0.0,30.0,29.054999999999993,79.84,4.76,19.92
7694,1924,101.76,15.0,15.0,42.459159,0.0,0.0,0.0,0.0,30.0,27.852500000000003,66.38,4.76,19.92
7695,1924,100.0,15.0,15.0,40.901712,0.0,0.0,0.0,0.0,30.0,96.46333333333334,48.05333333333333,4.76,19.92
7696,1924,102.58,15.0,15.0,39.344266,0.0,0.0,0.0,0.0,30.0,1.1,9.642499999999998,4.76,19.92
7697,1925,112.05,15.0,15.0,37.786819,0.0,0.0,0.0,0.0,30.0,0.0,75.0525,4.76,19.92
7698,1925,126.53,15.0,15.0,36.229372,30.0,30.0,0.0,0.0,30.0,6.819999999999999,51.96,4.76,19.92
7699,1925,122.5,15.0,15.0,34.671925,30.0,30.0,0.0,0.0,30.0,104.38000000000001,-12.154999999999998,4.76,19.92
7700,1925,111.0,15.0,15.0,33.114478,30.0,30.0,0.0,0.0,30.0,10.376666666666665,59.3075,4.76,19.92
7701,1926,119.3,21.925988,8.0740118,45.574053,0.0,13.851976,13.851976,16.148024,0.0,112.10749999999999,0.0,11.440000000000001,13.14
7702,1926,119.3,21.925988,8.0740118,58.033627,0.0,13.851976,13.851976,16.148024,0.0,51.3125,0.0,11.440000000000001,13.14
7703,1926,117.62,21.925988,8.0740118,70.493202,0.0,13.851976,13.851976,16.148024,0.0,57.2,5.039999999999999,11.440000000000001,13.14
7704,1926,95.96,15.769554,14.230446,70.493202,0.0,1.5391085,1.5391085,16.148024,0.0,35.165,-46.16499999999999,11.440000000000001,13.14
7705,1927,96.05,15.0,15.0,68.935755,0.0,0.0,0.0,30.0,0.0,40.14999999999999,-61.55,18.12,6.36
7706,1927,90.92,15.0,15.0,67.378308,30.0,30.0,0.0,30.0,0.0,0.0,-77.25,18.12,6.36
7707,1927,74.33,15.0,15.0,65.820861,0.0,0.0,0.0,30.0,0.0,68.3275,-20.29,18.12,6.36
7708,1927,61.18,15.0,15.0,64.263415,0.0,0.0,0.0,30.0,0.0,6.26,-30.965000000000003,18.12,6.36
7709,1928,45.53,9.8286308,20.171369,52.239997,10.342738,0.0,-10.342738,19.657262,0.0,107.86,-15.58,18.12,6.36
7710,1928,39.3,9.8286308,20.171369,40.216579,10.342738,0.0,-10.342738,19.657262,0.0,28.853333333333335,-17.935,18.12,6.36
7711,1928,46.6,9.8286308,20.171369,28.193161,30.0,19.657262,-10.342738,19.657262,0.0,7.545000000000001,-25.735,18.12,6.36
7712,1928,64.04,9.8286308,20.171369,16.169743,10.342738,0.0,-10.342738,19.657262,0.0,23.36,-15.58,18.12,6.36
7713,1929,85.7,29.19051,0.8094903,43.331472,1.6189806,30.0,28.3810194,1.6189806,0.0,30.234999999999996,-26.29,18.12,6.36
7714,1929,92.8,29.19051,0.8094903,70.493202,1.6189806,30.0,28.3810194,1.6189806,0.0,36.050000000000004,-24.6325,18.12,6.36
7715,1929,45.03,0.8094903,29.19051,40.216579,28.381019,0.0,-28.381019,1.6189806,0.0,6.715,-102.0025,18.12,6.36
7716,1929,13.8,0.8094903,29.19051,9.9399558,30.0,1.6189806,-28.3810194,1.6189806,0.0,43.825,-101.05250000000001,18.12,6.36
7717,1930,24.47,14.230446,15.769554,6.8250621,1.5391085,0.0,-1.5391085,28.460892,0.0,73.85,-32.965,18.12,6.36
7718,1930,14.93,14.230446,15.769554,3.7101685,1.5391085,0.0,-1.5391085,28.460892,0.0,496.44000000000005,-39.394999999999996,18.12,6.36
7719,1930,59.8,15.769554,14.230446,3.7101685,0.0,1.5391085,1.5391085,28.460892,0.0,180.55,-50.29,18.12,6.36
7720,1930,82.19,15.769554,14.230446,3.7101685,0.0,1.5391085,1.5391085,28.460892,0.0,4.826666666666666,-37.644999999999996,18.12,6.36
7721,1931,113.8,19.617325,10.382675,11.497403,0.0,9.234651,9.234651,20.765349,0.0,43.66666666666667,-22.935,18.12,6.36
7722,1931,130.6,19.617325,10.382675,19.284637,0.0,9.234651,9.234651,20.765349,0.0,63.379999999999995,-17.585,18.12,6.36
7723,1931,124.9,19.617325,10.382675,27.071871,0.0,9.234651,9.234651,20.765349,0.0,465.45750000000004,-15.58,18.12,6.36
7724,1931,100.0,19.617325,10.382675,34.859105,0.0,9.234651,9.234651,20.765349,0.0,452.2325,-15.58,18.12,6.36
7725,1932,124.97,15.0,15.0,33.301658,0.0,0.0,0.0,30.0,0.0,927.8025,-17.455,26.08,5.66
7726,1932,115.0,15.0,15.0,31.744211,0.0,0.0,0.0,30.0,0.0,1988.78,-15.58,26.08,5.66
7727,1932,119.9,15.0,15.0,30.186764,0.0,0.0,0.0,30.0,0.0,700.7199999999998,-27.28,26.08,5.66
7728,1932,110.0,15.0,15.0,28.629317,0.0,0.0,0.0,30.0,0.0,8.875,-152.45749999999998,26.08,5.66
7729,1933,95.2,15.0,15.0,27.071871,0.0,0.0,0.0,30.0,0.0,59.42,-101.96500000000002,34.04,4.96
7730,1933,82.5,15.0,15.0,25.514424,0.0,0.0,0.0,30.0,0.0,0.0,-1.3100000000000023,34.04,4.96
7731,1933,91.18,15.0,15.0,23.956977,0.0,0.0,0.0,30.0,0.0,72.45500000000001,-15.600000000000001,34.04,4.96
7732,1933,93.5,15.0,15.0,22.39953,0.0,0.0,0.0,30.0,0.0,16.24,70.72666666666666,34.04,4.96
7733,1934,82.33,15.0,15.0,20.842083,0.0,0.0,0.0,30.0,0.0,74.78,3.805000000000007,34.04,4.96
7734,1934,91.13,15.0,15.0,19.284637,0.0,0.0,0.0,30.0,0.0,5.326666666666666,1.8074999999999761,34.04,4.96
7735,1934,98.04,15.0,15.0,17.72719,0.0,0.0,0.0,30.0,0.0,68.5875,-2.450000000000003,34.04,4.96
7736,1934,122.96,15.0,15.0,16.169743,0.0,0.0,0.0,30.0,0.0,129.28,0.0,34.04,4.96
7737,1935,123.11,15.0,15.0,14.612296,0.0,0.0,0.0,30.0,0.0,2.7166666666666663,67.18666666666667,34.04,4.96
7738,1935,120.55,15.0,15.0,13.054849,0.0,0.0,0.0,30.0,0.0,7.49,-84.14333333333333,34.04,4.96
7739,1935,120.0,15.0,15.0,11.497403,0.0,0.0,0.0,30.0,0.0,0.0,53.6975,34.04,4.96
7740,1935,110.0,15.0,15.0,9.9399558,0.0,0.0,0.0,30.0,0.0,9.61,82.11,34.04,4.96
7741,1936,95.47,15.0,15.0,8.3825089,0.0,0.0,0.0,30.0,0.0,8.7775,-168.09,34.04,4.96
7742,1936,96.8,15.0,15.0,6.8250621,0.0,0.0,0.0,30.0,0.0,327.94000000000005,-53.620000000000005,34.04,4.96
7743,1936,115.1,15.0,15.0,5.2676153,0.0,0.0,0.0,30.0,0.0,16.42,61.87,34.04,4.96
7744,1936,123.06,15.0,15.0,3.7101685,0.0,0.0,0.0,30.0,0.0,13.84,34.34,34.04,4.96
7745,1937,144.0,24.01914,5.9808595,20.405927,0.0,18.038281,18.038281,11.961719,0.0,15.02,84.6125,34.04,4.96
7746,1937,159.7,24.01914,5.9808595,37.101685,0.0,18.038281,18.038281,11.961719,0.0,1.1,82.615,34.04,4.96
7747,1937,163.56,24.01914,5.9808595,53.797444,0.0,18.038281,18.038281,11.961719,0.0,59.726666666666674,76.92,34.04,4.96
7748,1937,154.42,24.01914,5.9808595,70.493202,0.0,18.038281,18.038281,11.961719,0.0,1.365,81.125,34.04,4.96
7749,1938,129.76,15.0,15.0,68.935755,0.0,0.0,0.0,30.0,0.0,52.050000000000004,87.5125,30.52,4.54
7750,1938,117.81,15.0,15.0,67.378308,0.0,0.0,0.0,30.0,0.0,0.0,64.85,30.52,4.54
7751,1938,116.99,15.0,15.0,65.820861,0.0,0.0,0.0,30.0,0.0,71.345,59.5,30.52,4.54
7752,1938,108.4,15.0,15.0,64.263415,0.0,0.0,0.0,30.0,0.0,73.10666666666667,57.486666666666665,30.52,4.54
7753,1939,107.06,15.0,15.0,62.705968,0.0,0.0,0.0,30.0,0.0,112.31,18.47,27.0,4.12
7754,1939,101.4,15.0,15.0,61.148521,0.0,0.0,0.0,30.0,0.0,37.667500000000004,62.4,27.0,4.12
7755,1939,95.58,15.0,15.0,59.591074,0.0,0.0,0.0,30.0,0.0,1.28,52.44,27.0,4.12
7756,1939,86.79,15.0,15.0,58.033627,30.0,30.0,0.0,30.0,0.0,113.5,73.6375,27.0,4.12
7757,1940,80.68,15.0,15.0,56.476181,0.0,0.0,0.0,30.0,0.0,0.0,-29.7825,27.0,4.12
7758,1940,86.79,15.0,15.0,54.918734,0.0,0.0,0.0,30.0,0.0,56.415,9.6875,27.0,4.12
7759,1940,109.97,15.0,15.0,53.361287,0.0,0.0,0.0,30.0,0.0,90.10333333333334,-25.702500000000043,27.0,4.12
7760,1940,125.4,15.0,15.0,51.80384,0.0,0.0,0.0,30.0,0.0,0.0,64.4975,27.0,4.12
7761,1941,144.87,18.078217,11.921783,56.476181,0.0,6.156434,6.156434,23.843566,0.0,44.013333333333335,100.0,27.0,4.12
7762,1941,148.99,18.078217,11.921783,61.148521,0.0,6.156434,6.156434,23.843566,0.0,510.24250000000006,87.41333333333333,27.0,4.12
7763,1941,146.74,18.078217,11.921783,65.820861,0.0,6.156434,6.156434,23.843566,0.0,0.0,93.4175,27.0,4.12
7764,1941,152.81,18.078217,11.921783,70.493202,0.0,6.156434,6.156434,23.843566,0.0,5.973333333333333,91.8,27.0,4.12
7765,1942,143.8,15.0,15.0,68.935755,0.0,0.0,0.0,30.0,0.0,75.27666666666667,89.98,27.0,4.12
7766,1942,144.13,15.0,15.0,67.378308,0.0,0.0,0.0,30.0,0.0,44.31,51.343333333333334,27.0,4.12
7767,1942,133.02,15.0,15.0,65.820861,0.0,0.0,0.0,30.0,0.0,43.16,-29.375,27.0,4.12
7768,1942,128.76,15.0,15.0,64.263415,0.0,0.0,0.0,30.0,0.0,0.0,82.9475,27.0,4.12
7769,1943,132.89,15.0,15.0,62.705968,0.0,0.0,0.0,30.0,0.0,9.585,43.91499999999999,27.0,4.12
7770,1943,139.9,15.0,15.0,61.148521,0.0,0.0,0.0,30.0,0.0,4.925,105.0,27.0,4.12
7771,1943,134.93,15.0,15.0,59.591074,0.0,0.0,0.0,30.0,0.0,55.73,91.50999999999999,27.0,4.12
7772,1943,126.3,15.0,15.0,58.033627,0.0,0.0,0.0,30.0,0.0,44.235,63.46,27.0,4.12
7773,1944,117.15,15.0,15.0,56.476181,0.0,0.0,0.0,30.0,0.0,66.54499999999999,46.8,25.1,3.8000000000000003
7774,1944,109.37,15.0,15.0,54.918734,0.0,0.0,0.0,30.0,0.0,117.025,69.77,25.1,3.8000000000000003
7775,1944,105.44,15.0,15.0,53.361287,0.0,0.0,0.0,30.0,0.0,65.23,51.2975,25.1,3.8000000000000003
7776,1944,89.9,15.0,15.0,51.80384,0.0,0.0,0.0,30.0,0.0,0.0,58.6725,25.1,3.8000000000000003
7777,1945,100.6,15.0,15.0,50.246393,0.0,0.0,0.0,30.0,0.0,8.0075,86.69,23.2,3.48
7778,1945,91.59,15.0,15.0,48.688947,0.0,0.0,0.0,30.0,0.0,150.76,19.72,23.2,3.48
7779,1945,86.6,15.0,15.0,47.1315,0.0,0.0,0.0,30.0,0.0,88.60499999999999,32.58,23.2,3.48
7780,1945,81.53,15.0,15.0,45.574053,0.0,0.0,0.0,30.0,0.0,13.3625,65.03999999999999,23.2,3.48
7781,1946,81.01,15.0,15.0,44.016606,0.0,0.0,0.0,30.0,0.0,799.005,-309.905,23.2,3.48
7782,1946,91.87,15.0,15.0,42.459159,0.0,0.0,0.0,30.0,0.0,511.27250000000004,55.0,23.2,3.48
7783,1946,106.32,15.0,15.0,40.901712,0.0,0.0,0.0,30.0,0.0,509.27,55.0,23.2,3.48
7784,1946,133.34,15.0,15.0,39.344266,0.0,0.0,0.0,30.0,0.0,68.875,47.06,23.2,3.48
7785,1947,142.87,15.0,15.0,37.786819,0.0,0.0,0.0,30.0,0.0,9.4,84.05,23.2,3.48
7786,1947,139.97,15.0,15.0,36.229372,0.0,0.0,0.0,30.0,0.0,1859.03,95.88,23.2,3.48
7787,1947,118.9,15.0,15.0,34.671925,0.0,0.0,0.0,30.0,0.0,469.81749999999994,90.0,23.2,3.48
7788,1947,107.77,15.0,15.0,33.114478,0.0,0.0,0.0,30.0,0.0,5.46,95.0,23.2,3.48
7789,1948,97.26,15.0,15.0,31.557032,0.0,0.0,0.0,30.0,0.0,68.16499999999999,86.6925,23.2,3.48
7790,1948,97.36,15.0,15.0,29.999585,0.0,0.0,0.0,30.0,0.0,103.73,70.06,23.2,3.48
7791,1948,106.4,15.0,15.0,28.442138,0.0,0.0,0.0,30.0,0.0,65.2725,68.115,23.2,3.48
7792,1948,126.42,15.0,15.0,26.884691,0.0,0.0,0.0,30.0,0.0,35.9025,-222.30499999999998,23.2,3.48
7793,1949,134.18,16.754619,13.245381,28.878295,0.0,3.509238,3.509238,26.490762,0.0,362.96,-232.50750000000005,23.2,3.48
7794,1949,142.13,16.754619,13.245381,30.871898,0.0,3.509238,3.509238,26.490762,0.0,56.52666666666667,89.74,23.2,3.48
7795,1949,142.7,16.754619,13.245381,32.865501,0.0,3.509238,3.509238,26.490762,0.0,4.5575,0.0,23.2,3.48
7796,1949,140.62,16.754619,13.245381,34.859105,0.0,3.509238,3.509238,26.490762,0.0,45.31000000000001,0.0,23.2,3.48
7797,1950,135.98,15.0,15.0,33.301658,0.0,0.0,0.0,30.0,0.0,13.63,105.0,22.56,3.2199999999999998
7798,1950,120.1,15.0,15.0,31.744211,0.0,0.0,0.0,30.0,0.0,70.575,0.0,22.56,3.2199999999999998
7799,1950,115.82,15.0,15.0,30.186764,0.0,0.0,0.0,30.0,0.0,1.25,20.450000000000003,22.56,3.2199999999999998
7800,1950,103.5,15.0,15.0,28.629317,0.0,0.0,0.0,30.0,0.0,83.6725,70.08,22.56,3.2199999999999998
7801,1951,93.96,15.0,15.0,27.071871,0.0,0.0,0.0,30.0,0.0,87.455,70.77,21.92,2.96
7802,1951,90.4,15.0,15.0,25.514424,0.0,0.0,0.0,30.0,0.0,81.93666666666667,51.04,21.92,2.96
7803,1951,86.8,15.0,15.0,23.956977,0.0,0.0,0.0,30.0,0.0,107.74,58.24666666666667,21.92,2.96
7804,1951,84.15,15.0,15.0,22.39953,0.0,0.0,0.0,30.0,0.0,104.63499999999999,29.655,21.92,2.96
7805,1952,84.23,15.0,15.0,20.842083,0.0,0.0,0.0,30.0,0.0,123.81,22.252499999999998,21.92,2.96
7806,1952,92.88,15.0,15.0,19.284637,0.0,0.0,0.0,30.0,0.0,60.565,-67.0,21.92,2.96
7807,1952,108.29,15.0,15.0,17.72719,0.0,0.0,0.0,30.0,0.0,37.122499999999995,81.94333333333333,21.92,2.96
7808,1952,122.27,15.0,15.0,16.169743,0.0,0.0,0.0,30.0,0.0,12.96,75.44,21.92,2.96
7809,1953,133.35,15.0,15.0,14.612296,0.0,0.0,0.0,30.0,0.0,833.8149999999999,88.43666666666667,21.92,2.96
7810,1953,135.01,15.0,15.0,13.054849,0.0,0.0,0.0,30.0,0.0,1108.36,63.864999999999995,21.92,2.96
7811,1953,127.38,15.0,15.0,11.497403,0.0,0.0,0.0,30.0,0.0,11.9875,94.845,21.92,2.96
7812,1953,115.5,15.0,15.0,9.9399558,0.0,0.0,0.0,30.0,0.0,5.5175,0.0,21.92,2.96
7813,1954,113.62,15.0,15.0,8.3825089,0.0,0.0,0.0,30.0,0.0,49.17,82.44,21.92,2.96
7814,1954,120.96,15.0,15.0,6.8250621,0.0,0.0,0.0,30.0,0.0,47.21999999999999,0.0,21.92,2.96
7815,1954,137.21,15.0,15.0,5.2676153,0.0,0.0,0.0,30.0,0.0,33.6375,91.14,21.92,2.96
7816,1954,149.07,15.0,15.0,3.7101685,0.0,0.0,0.0,30.0,0.0,133.46333333333334,95.805,21.92,2.96
7817,1955,167.13,24.01914,5.9808595,20.405927,0.0,18.038281,18.038281,11.961719,0.0,74.03,91.64,21.92,2.96
7818,1955,175.31,24.01914,5.9808595,37.101685,0.0,18.038281,18.038281,11.961719,0.0,95.685,78.55,21.92,2.96
7819,1955,158.21,24.01914,5.9808595,53.797444,0.0,18.038281,18.038281,11.961719,0.0,52.557500000000005,99.0325,21.92,2.96
7820,1955,151.16,24.01914,5.9808595,70.493202,11.961719,30.0,18.038280999999998,11.961719,0.0,148.99,0.0,21.92,2.96
7821,1956,130.04,15.0,15.0,68.935755,0.0,0.0,0.0,30.0,0.0,13.607499999999998,98.64,20.66,2.8000000000000003
7822,1956,122.14,15.0,15.0,67.378308,0.0,0.0,0.0,30.0,0.0,15.727500000000001,88.23333333333333,20.66,2.8000000000000003
7823,1956,121.22,15.0,15.0,65.820861,0.0,0.0,0.0,30.0,0.0,1.35,77.98750000000001,20.66,2.8000000000000003
7824,1956,106.82,15.0,15.0,64.263415,0.0,0.0,0.0,30.0,0.0,37.725,50.692499999999995,20.66,2.8000000000000003
7825,1957,114.5,15.0,15.0,62.705968,0.0,0.0,0.0,30.0,0.0,646.4300000000001,82.75,19.4,2.64
7826,1957,104.02,15.0,15.0,61.148521,0.0,0.0,0.0,30.0,0.0,0.0,72.4375,19.4,2.64
7827,1957,96.24,15.0,15.0,59.591074,0.0,0.0,0.0,30.0,0.0,9.4375,73.08,19.4,2.64
7828,1957,90.01,15.0,15.0,58.033627,0.0,0.0,0.0,30.0,0.0,102.29,68.62,19.4,2.64
7829,1958,87.2,15.0,15.0,56.476181,0.0,0.0,0.0,30.0,0.0,1.31,52.74666666666667,19.4,2.64
7830,1958,91.6,15.0,15.0,54.918734,0.0,0.0,0.0,30.0,0.0,10.7775,34.985,19.4,2.64
7831,1958,115.3,15.0,15.0,53.361287,30.0,30.0,0.0,30.0,0.0,1.29,66.19,19.4,2.64
7832,1958,135.06,15.0,15.0,51.80384,0.0,0.0,0.0,30.0,0.0,7.48,40.870000000000005,19.4,2.64
7833,1959,144.21,18.078217,11.921783,56.476181,0.0,6.156434,6.156434,23.843566,0.0,19.509999999999998,83.58666666666666,19.4,2.64
7834,1959,141.05,18.078217,11.921783,61.148521,0.0,6.156434,6.156434,23.843566,0.0,1.29,60.58,19.4,2.64
7835,1959,132.94,18.078217,11.921783,65.820861,0.0,6.156434,6.156434,23.843566,0.0,104.65666666666667,73.50999999999999,19.4,2.64
7836,1959,116.88,18.078217,11.921783,70.493202,0.0,6.156434,6.156434,23.843566,0.0,115.02,91.14500000000001,19.4,2.64
7837,1960,106.0,15.0,15.0,68.935755,0.0,0.0,0.0,30.0,0.0,67.155,86.215,19.4,2.64
7838,1960,94.5,15.0,15.0,67.378308,0.0,0.0,0.0,30.0,0.0,105.02,71.5,19.4,2.64
7839,1960,94.87,15.0,15.0,65.820861,0.0,0.0,0.0,30.0,0.0,0.0,85.015,19.4,2.64
7840,1960,108.87,15.0,15.0,64.263415,0.0,0.0,0.0,30.0,0.0,0.0,60.0125,19.4,2.64
7841,1961,114.03,16.539108,13.460892,65.820861,0.0,3.078217,3.078217,26.921783,0.0,1.25,83.91666666666667,19.4,2.64
7842,1961,130.0,16.539108,13.460892,67.378308,0.0,3.078217,3.078217,26.921783,0.0,13.22,68.94,19.4,2.64
7843,1961,135.01,16.539108,13.460892,68.935755,0.0,3.078217,3.078217,26.921783,0.0,234.09000000000003,68.245,19.4,2.64
7844,1961,132.97,16.539108,13.460892,70.493202,0.0,3.078217,3.078217,26.921783,0.0,7.455,75.495,19.4,2.64
7845,1962,129.1,15.769554,14.230446,70.493202,0.0,1.5391085,1.5391085,28.460892,0.0,0.0,36.41,18.639999999999997,3.26
7846,1962,107.23,15.769554,14.230446,70.493202,0.0,1.5391085,1.5391085,28.460892,0.0,74.03,-386.35,18.639999999999997,3.26
7847,1962,120.4,15.769554,14.230446,70.493202,0.0,1.5391085,1.5391085,28.460892,0.0,1006.305,-53.43000000000001,18.639999999999997,3.26
7848,1962,129.48,15.769554,14.230446,70.493202,0.0,1.5391085,1.5391085,28.460892,0.0,55.5175,-7.6,18.639999999999997,3.26
7849,1963,121.61,15.769554,14.230446,70.493202,0.0,1.5391085,1.5391085,28.460892,0.0,175.35750000000002,0.0,17.88,3.88
7850,1963,113.88,15.769554,14.230446,70.493202,0.0,1.5391085,1.5391085,28.460892,0.0,48.22,3.8375000000000004,17.88,3.88
7851,1963,103.36,15.769554,14.230446,70.493202,0.0,1.5391085,1.5391085,28.460892,0.0,64.92250000000001,-0.9733333333333327,17.88,3.88
7852,1963,92.4,15.769554,14.230446,70.493202,0.0,1.5391085,1.5391085,28.460892,0.0,172.8225,-59.327500000000015,17.88,3.88
7853,1964,80.0,15.0,15.0,68.935755,0.0,0.0,0.0,30.0,0.0,56.644999999999996,59.2125,17.88,3.88
7854,1964,87.1,15.0,15.0,67.378308,0.0,0.0,0.0,30.0,0.0,91.53999999999999,34.486666666666665,17.88,3.88
7855,1964,84.66,15.0,15.0,65.820861,0.0,0.0,0.0,30.0,0.0,85.5025,39.72,17.88,3.88
7856,1964,90.4,15.0,15.0,64.263415,0.0,0.0,0.0,30.0,0.0,120.905,62.425,17.88,3.88
7857,1965,97.95,16.539108,13.460892,65.820861,26.921783,30.0,3.0782169999999986,26.921783,0.0,0.0,-27.92,17.88,3.88
7858,1965,85.62,16.539108,13.460892,67.378308,0.0,3.078217,3.078217,26.921783,0.0,111.34,-15.155000000000015,17.88,3.88
7859,1965,90.0,16.539108,13.460892,68.935755,0.0,3.078217,3.078217,26.921783,0.0,55.615,57.586666666666666,17.88,3.88
7860,1965,85.98,16.539108,13.460892,70.493202,0.0,3.078217,3.078217,26.921783,0.0,1.36,10.049999999999997,17.88,3.88
7861,1966,88.62,15.769554,14.230446,70.493202,0.0,1.5391085,1.5391085,28.460892,0.0,59.18,40.629999999999995,17.88,3.88
7862,1966,78.0,15.769554,14.230446,70.493202,0.0,1.5391085,1.5391085,28.460892,0.0,92.83250000000001,15.54,17.88,3.88
7863,1966,85.68,15.769554,14.230446,70.493202,0.0,1.5391085,1.5391085,28.460892,0.0,71.785,5.080000000000002,17.88,3.88
7864,1966,100.62,15.769554,14.230446,70.493202,0.0,1.5391085,1.5391085,28.460892,0.0,81.805,-20.57,17.88,3.88
7865,1967,85.46,15.769554,14.230446,70.493202,0.0,1.5391085,1.5391085,28.460892,0.0,35.04,25.437499999999996,17.88,3.88
7866,1967,95.56,15.769554,14.230446,70.493202,0.0,1.5391085,1.5391085,28.460892,0.0,18.060000000000002,-3.8074999999999974,17.88,3.88
7867,1967,89.0,15.769554,14.230446,70.493202,0.0,1.5391085,1.5391085,28.460892,0.0,24.799999999999997,-31.3325,17.88,3.88
7868,1967,75.17,15.769554,14.230446,70.493202,0.0,1.5391085,1.5391085,28.460892,0.0,38.38,-46.125,17.88,3.88
7869,1968,63.75,15.769554,14.230446,70.493202,0.0,1.5391085,1.5391085,28.460892,0.0,38.68750000000001,-51.1875,19.299999999999997,8.22
7870,1968,51.31,15.769554,14.230446,70.493202,0.0,1.5391085,1.5391085,28.460892,0.0,113.805,4.326666666666668,19.299999999999997,8.22
7871,1968,42.14,15.769554,14.230446,70.493202,0.0,1.5391085,1.5391085,28.460892,0.0,27.89333333333333,-70.92500000000001,19.299999999999997,8.22
7872,1968,19.29,14.230446,15.769554,67.378308,1.5391085,0.0,-1.5391085,28.460892,0.0,47.18,-2.2266666666666666,19.299999999999997,8.22
7873,1969,4.66,15.0,15.0,65.820861,0.0,0.0,0.0,30.0,0.0,85.5475,-35.333333333333336,20.72,12.56
7874,1969,1.72,15.0,15.0,64.263415,30.0,30.0,0.0,30.0,0.0,1.55,-15.607500000000002,20.72,12.56
7875,1969,0.0,15.0,15.0,62.705968,0.0,0.0,0.0,30.0,0.0,79.03,-9.637500000000001,20.72,12.56
7876,1969,-1.07,15.0,15.0,61.148521,30.0,30.0,0.0,30.0,0.0,79.03,-11.25,20.72,12.56
7877,1970,-1.9,10.213408,19.786592,49.903826,30.0,20.426816,-9.573184000000001,20.426816,0.0,46.56333333333334,-20.58,20.72,12.56
7878,1970,-2.09,10.213408,19.786592,38.659132,9.5731842,0.0,-9.5731842,20.426816,0.0,65.49000000000001,-20.5,20.72,12.56
7879,1970,-2.67,10.213408,19.786592,27.414437,30.0,20.426816,-9.573184000000001,20.426816,0.0,0.0,-20.98,20.72,12.56
7880,1970,-0.03,10.213408,19.786592,16.169743,30.0,20.426816,-9.573184000000001,20.426816,0.0,49.03,-24.5,20.72,12.56
7881,1971,1.37,15.0,15.0,14.612296,0.0,0.0,0.0,30.0,0.0,90.0275,-28.0,20.72,12.56
7882,1971,3.75,15.0,15.0,13.054849,0.0,0.0,0.0,30.0,0.0,49.73666666666667,-59.925,20.72,12.56
7883,1971,2.07,15.0,15.0,11.497403,0.0,0.0,0.0,30.0,0.0,0.0,-32.5,20.72,12.56
7884,1971,1.25,15.0,15.0,9.9399558,0.0,0.0,0.0,30.0,0.0,0.0,-26.6675,20.72,12.56
7885,1972,2.22,15.0,15.0,8.3825089,30.0,30.0,0.0,30.0,0.0,54.7925,-55.0,20.72,12.56
7886,1972,1.35,15.0,15.0,6.8250621,30.0,30.0,0.0,30.0,0.0,97.265,0.0,20.72,12.56
7887,1972,4.78,15.0,15.0,5.2676153,0.0,0.0,0.0,30.0,0.0,49.03,-55.0,20.72,12.56
7888,1972,8.92,15.0,15.0,3.7101685,0.0,0.0,0.0,30.0,0.0,207.1675,-74.32666666666667,20.72,12.56
7889,1973,41.5,24.01914,5.9808595,20.405927,0.0,18.038281,18.038281,11.961719,0.0,246.35500000000002,-49.376666666666665,20.72,12.56
7890,1973,78.0,24.01914,5.9808595,37.101685,0.0,18.038281,18.038281,11.961719,0.0,79.03,27.54,20.72,12.56
7891,1973,60.0,24.01914,5.9808595,53.797444,0.0,18.038281,18.038281,11.961719,0.0,12.56,-26.9875,20.72,12.56
7892,1973,59.9,24.01914,5.9808595,70.493202,0.0,18.038281,18.038281,11.961719,0.0,64.075,-28.183333333333334,20.72,12.56
7893,1974,39.0,15.0,15.0,68.935755,0.0,0.0,0.0,30.0,0.0,322.54,-36.31333333333333,26.980000000000004,14.379999999999999
7894,1974,14.72,15.0,15.0,67.378308,0.0,0.0,0.0,30.0,0.0,64.03,-32.0,26.980000000000004,14.379999999999999
7895,1974,8.41,15.0,15.0,65.820861,0.0,0.0,0.0,30.0,0.0,0.0,-39.43,26.980000000000004,14.379999999999999
7896,1974,4.0,15.0,15.0,64.263415,0.0,0.0,0.0,30.0,0.0,53.665,-14.5025,26.980000000000004,14.379999999999999
7897,1975,0.43,9.0590765,20.940923,50.68255,30.0,18.118153,-11.881847,18.118153,0.0,103.57,-38.48,33.24,16.2
7898,1975,0.01,9.0590765,20.940923,37.101685,30.0,18.118153,-11.881847,18.118153,0.0,46.9,-45.8375,33.24,16.2
7899,1975,-0.55,9.0590765,20.940923,23.52082,30.0,18.118153,-11.881847,18.118153,0.0,27.665000000000003,-38.995,33.24,16.2
7900,1975,-1.09,9.0590765,20.940923,9.9399558,30.0,18.118153,-11.881847,18.118153,0.0,56.03,-36.25,33.24,16.2
7901,1976,-0.34,15.0,15.0,8.3825089,30.0,30.0,0.0,30.0,0.0,109.03,-4.579999999999998,33.24,16.2
7902,1976,-0.05,15.0,15.0,6.8250621,30.0,30.0,0.0,30.0,0.0,23.17750000000001,-32.55,33.24,16.2
7903,1976,1.93,15.0,15.0,5.2676153,30.0,30.0,0.0,30.0,0.0,7.5875,-93.10000000000001,33.24,16.2
7904,1976,57.0,15.0,15.0,3.7101685,0.0,0.0,0.0,30.0,0.0,674.8475000000001,-29.240000000000002,33.24,16.2
7905,1977,97.0,15.769554,14.230446,3.7101685,0.0,1.5391085,1.5391085,28.460892,0.0,1859.03,2.9200000000000017,33.24,16.2
7906,1977,118.59,15.769554,14.230446,3.7101685,0.0,1.5391085,1.5391085,28.460892,0.0,104.05,-21.270000000000003,33.24,16.2
7907,1977,128.2,15.769554,14.230446,3.7101685,0.0,1.5391085,1.5391085,28.460892,0.0,0.0,11.242499999999996,33.24,16.2
7908,1977,123.0,15.769554,14.230446,3.7101685,0.0,1.5391085,1.5391085,28.460892,0.0,109.03,47.325,33.24,16.2
7909,1978,112.0,15.769554,14.230446,3.7101685,28.460892,30.0,1.5391079999999988,28.460892,0.0,122.83,47.6025,33.24,16.2
7910,1978,112.2,15.769554,14.230446,3.7101685,0.0,1.5391085,1.5391085,28.460892,0.0,55.019999999999996,70.615,33.24,16.2
7911,1978,114.0,15.769554,14.230446,3.7101685,0.0,1.5391085,1.5391085,28.460892,0.0,0.0,60.855000000000004,33.24,16.2
7912,1978,115.68,15.769554,14.230446,3.7101685,0.0,1.5391085,1.5391085,28.460892,0.0,0.0,28.2775,33.24,16.2
7913,1979,125.0,19.617325,10.382675,11.497403,0.0,9.234651,9.234651,20.765349,0.0,0.63,68.865,33.24,16.2
7914,1979,149.0,19.617325,10.382675,19.284637,0.0,9.234651,9.234651,20.765349,0.0,47.565000000000005,72.455,33.24,16.2
7915,1979,138.21,19.617325,10.382675,27.071871,0.0,9.234651,9.234651,20.765349,0.0,29.4475,83.47666666666666,33.24,16.2
7916,1979,118.99,19.617325,10.382675,34.859105,0.0,9.234651,9.234651,20.765349,0.0,37.852500000000006,0.0,33.24,16.2
7917,1980,96.35,15.0,15.0,33.301658,0.0,0.0,0.0,30.0,0.0,62.6125,42.38666666666667,28.92,12.52
7918,1980,83.4,15.0,15.0,31.744211,0.0,0.0,0.0,30.0,0.0,62.255,-15.01,28.92,12.52
7919,1980,88.08,15.0,15.0,30.186764,0.0,0.0,0.0,30.0,0.0,56.63249999999999,-5.592499999999999,28.92,12.52
7920,1980,70.71,15.0,15.0,28.629317,0.0,0.0,0.0,30.0,0.0,24.62,0.0,28.92,12.52
7921,1981,90.1,15.0,15.0,27.071871,0.0,0.0,0.0,30.0,0.0,35.75,25.06,24.6,8.84
7922,1981,79.06,15.0,15.0,25.514424,0.0,0.0,0.0,30.0,0.0,22.3375,24.04,24.6,8.84
7923,1981,78.62,15.0,15.0,23.956977,0.0,0.0,0.0,30.0,0.0,46.9425,0.0,24.6,8.84
7924,1981,71.23,15.0,15.0,22.39953,0.0,0.0,0.0,30.0,0.0,46.1825,0.0,24.6,8.84
7925,1982,72.98,15.0,15.0,20.842083,0.0,0.0,0.0,30.0,0.0,117.40749999999998,0.0,24.6,8.84
7926,1982,82.38,15.0,15.0,19.284637,0.0,0.0,0.0,30.0,0.0,91.17750000000001,15.08,24.6,8.84
7927,1982,101.45,15.0,15.0,17.72719,0.0,0.0,0.0,30.0,0.0,60.1175,27.82249999999999,24.6,8.84
7928,1982,110.0,15.0,15.0,16.169743,0.0,0.0,0.0,30.0,0.0,1.6,-112.3625,24.6,8.84
7929,1983,136.15,15.0,15.0,14.612296,0.0,0.0,0.0,30.0,0.0,1.6,-102.955,24.6,8.84
7930,1983,126.99,15.0,15.0,13.054849,0.0,0.0,0.0,30.0,0.0,1.0,-249.80749999999998,24.6,8.84
7931,1983,112.09,15.0,15.0,11.497403,0.0,0.0,0.0,30.0,0.0,64.55,-232.13,24.6,8.84
7932,1983,100.0,15.0,15.0,9.9399558,0.0,0.0,0.0,30.0,0.0,106.28333333333333,-123.04750000000001,24.6,8.84
7933,1984,91.95,15.0,15.0,8.3825089,0.0,0.0,0.0,30.0,0.0,140.315,64.48,24.6,8.84
7934,1984,101.64,15.0,15.0,6.8250621,0.0,0.0,0.0,30.0,0.0,31.349999999999994,0.0,24.6,8.84
7935,1984,115.71,15.0,15.0,5.2676153,0.0,0.0,0.0,30.0,0.0,2.11,59.2025,24.6,8.84
7936,1984,124.25,15.0,15.0,3.7101685,0.0,0.0,0.0,30.0,0.0,39.3425,-8.965000000000003,24.6,8.84
7937,1985,144.02,24.01914,5.9808595,20.405927,0.0,18.038281,18.038281,11.961719,0.0,113.7325,108.65,24.6,8.84
7938,1985,155.18,24.01914,5.9808595,37.101685,0.0,18.038281,18.038281,11.961719,0.0,64.88749999999999,0.0,24.6,8.84
7939,1985,160.64,24.01914,5.9808595,53.797444,0.0,18.038281,18.038281,11.961719,0.0,56.3525,108.65,24.6,8.84
7940,1985,152.94,24.01914,5.9808595,70.493202,0.0,18.038281,18.038281,11.961719,0.0,102.065,92.75,24.6,8.84
7941,1986,127.03,15.0,15.0,68.935755,0.0,0.0,0.0,30.0,0.0,83.9225,100.96,23.400000000000002,7.299999999999999
7942,1986,118.63,15.0,15.0,67.378308,0.0,0.0,0.0,30.0,0.0,112.54333333333334,93.215,23.400000000000002,7.299999999999999
7943,1986,122.5,15.0,15.0,65.820861,0.0,0.0,0.0,30.0,0.0,23.47,83.7,23.400000000000002,7.299999999999999
7944,1986,113.6,15.0,15.0,64.263415,0.0,0.0,0.0,30.0,0.0,37.57333333333334,48.235,23.400000000000002,7.299999999999999
7945,1987,111.06,15.0,15.0,62.705968,0.0,0.0,0.0,30.0,0.0,43.510000000000005,62.86,22.2,5.76
7946,1987,110.0,15.0,15.0,61.148521,30.0,30.0,0.0,30.0,0.0,76.62000000000002,0.0,22.2,5.76
7947,1987,110.0,15.0,15.0,59.591074,30.0,30.0,0.0,30.0,0.0,64.39750000000001,79.0,22.2,5.76
7948,1987,103.21,15.0,15.0,58.033627,0.0,0.0,0.0,30.0,0.0,123.89,57.519999999999996,22.2,5.76
7949,1988,100.87,15.0,15.0,56.476181,0.0,0.0,0.0,30.0,0.0,9.023333333333333,56.123333333333335,22.2,5.76
7950,1988,112.11,15.0,15.0,54.918734,0.0,0.0,0.0,30.0,0.0,17.060000000000002,99.27666666666667,22.2,5.76
7951,1988,128.8,15.0,15.0,53.361287,0.0,0.0,0.0,30.0,0.0,80.97,94.57666666666667,22.2,5.76
7952,1988,128.9,15.0,15.0,51.80384,0.0,0.0,0.0,30.0,0.0,0.0,82.5925,22.2,5.76
7953,1989,166.0,18.078217,11.921783,56.476181,0.0,6.156434,6.156434,23.843566,0.0,126.48,87.71000000000001,22.2,5.76
7954,1989,131.0,18.078217,11.921783,61.148521,0.0,6.156434,6.156434,23.843566,0.0,121.53999999999999,92.1525,22.2,5.76
7955,1989,139.07,18.078217,11.921783,65.820861,0.0,6.156434,6.156434,23.843566,0.0,0.0,59.769999999999996,22.2,5.76
7956,1989,134.39,18.078217,11.921783,70.493202,0.0,6.156434,6.156434,23.843566,0.0,11.72,64.27,22.2,5.76
7957,1990,125.81,15.769554,14.230446,70.493202,0.0,1.5391085,1.5391085,28.460892,0.0,81.04000000000002,84.74000000000001,22.2,5.76
7958,1990,124.4,15.769554,14.230446,70.493202,0.0,1.5391085,1.5391085,28.460892,0.0,78.205,91.16333333333333,22.2,5.76
7959,1990,119.87,15.769554,14.230446,70.493202,0.0,1.5391085,1.5391085,28.460892,0.0,14.875,63.917500000000004,22.2,5.76
7960,1990,124.0,15.769554,14.230446,70.493202,0.0,1.5391085,1.5391085,28.460892,0.0,108.515,-56.455,22.2,5.76
7961,1991,116.39,15.769554,14.230446,70.493202,0.0,1.5391085,1.5391085,28.460892,0.0,48.2325,-17.19,22.2,5.76
7962,1991,113.74,15.769554,14.230446,70.493202,0.0,1.5391085,1.5391085,28.460892,0.0,65.325,75.25999999999999,22.2,5.76
7963,1991,109.9,15.769554,14.230446,70.493202,0.0,1.5391085,1.5391085,28.460892,0.0,120.785,0.0,22.2,5.76
7964,1991,101.0,15.769554,14.230446,70.493202,0.0,1.5391085,1.5391085,28.460892,0.0,7.0649999999999995,5.09333333333333,22.2,5.76
7965,1992,78.98,15.0,15.0,68.935755,0.0,0.0,0.0,30.0,0.0,112.18,-124.19999999999999,21.58,5.88
7966,1992,79.97,15.0,15.0,67.378308,0.0,0.0,0.0,30.0,0.0,628.1033333333335,-142.005,21.58,5.88
7967,1992,85.7,15.0,15.0,65.820861,0.0,0.0,0.0,30.0,0.0,65.86333333333333,-18.674999999999997,21.58,5.88
7968,1992,59.9,15.0,15.0,64.263415,0.0,0.0,0.0,30.0,0.0,63.47,48.04,21.58,5.88
7969,1993,50.1,8.6742994,21.325701,49.903826,12.651401,0.0,-12.651401,17.348599,0.0,11.933333333333334,40.08,20.96,6.0
7970,1993,41.21,8.6742994,21.325701,35.544238,12.651401,0.0,-12.651401,17.348599,0.0,75.655,70.185,20.96,6.0
7971,1993,35.13,8.6742994,21.325701,21.18465,12.651401,0.0,-12.651401,17.348599,0.0,92.86,-10.0,20.96,6.0
7972,1993,38.0,8.6742994,21.325701,6.8250621,12.651401,0.0,-12.651401,17.348599,0.0,110.37,-24.950000000000003,20.96,6.0
7973,1994,59.9,14.230446,15.769554,3.7101685,1.5391085,0.0,-1.5391085,28.460892,0.0,9.92,-16.835,20.96,6.0
7974,1994,92.04,15.769554,14.230446,3.7101685,0.0,1.5391085,1.5391085,28.460892,0.0,4.965,-28.6875,20.96,6.0
7975,1994,100.1,15.769554,14.230446,3.7101685,0.0,1.5391085,1.5391085,28.460892,0.0,547.9775,-52.685,20.96,6.0
7976,1994,132.1,15.769554,14.230446,3.7101685,0.0,1.5391085,1.5391085,28.460892,0.0,5.123333333333334,92.525,20.96,6.0
7977,1995,148.29,16.539108,13.460892,5.2676153,0.0,3.078217,3.078217,26.921783,0.0,112.66499999999999,57.19,20.96,6.0
7978,1995,140.36,16.539108,13.460892,6.8250621,0.0,3.078217,3.078217,26.921783,0.0,199.01,-18.0425,20.96,6.0
7979,1995,99.01,16.539108,13.460892,8.3825089,0.0,3.078217,3.078217,26.921783,0.0,100.4,-61.905,20.96,6.0
7980,1995,98.7,16.539108,13.460892,9.9399558,0.0,3.078217,3.078217,26.921783,0.0,64.065,-60.873333333333335,20.96,6.0
7981,1996,96.16,15.0,15.0,8.3825089,30.0,30.0,0.0,30.0,0.0,70.52333333333334,85.08,20.96,6.0
7982,1996,98.99,15.0,15.0,6.8250621,0.0,0.0,0.0,30.0,0.0,1.12,84.4375,20.96,6.0
7983,1996,114.4,15.0,15.0,5.2676153,0.0,0.0,0.0,30.0,0.0,57.9,56.787499999999994,20.96,6.0
7984,1996,118.8,15.0,15.0,3.7101685,0.0,0.0,0.0,30.0,0.0,88.8725,90.69,20.96,6.0
7985,1997,133.93,24.01914,5.9808595,20.405927,0.0,18.038281,18.038281,11.961719,0.0,1.54,0.0,20.96,6.0
7986,1997,151.0,24.01914,5.9808595,37.101685,0.0,18.038281,18.038281,11.961719,0.0,94.07333333333335,87.005,20.96,6.0
7987,1997,158.24,24.01914,5.9808595,53.797444,0.0,18.038281,18.038281,11.961719,0.0,4.0975,105.59666666666666,20.96,6.0
7988,1997,154.04,24.01914,5.9808595,70.493202,0.0,18.038281,18.038281,11.961719,0.0,46.04999999999998,106.56,20.96,6.0
7989,1998,143.39,15.0,15.0,68.935755,0.0,0.0,0.0,30.0,0.0,43.692499999999995,0.0,20.900000000000002,4.7
7990,1998,131.26,15.0,15.0,67.378308,0.0,0.0,0.0,30.0,0.0,42.4625,103.3,20.900000000000002,4.7
7991,1998,122.16,15.0,15.0,65.820861,0.0,0.0,0.0,30.0,0.0,70.1475,100.49,20.900000000000002,4.7
7992,1998,112.6,15.0,15.0,64.263415,0.0,0.0,0.0,30.0,0.0,67.035,0.0,20.900000000000002,4.7
7993,1999,110.3,9.0590765,20.940923,50.68255,11.881847,0.0,-11.881847,18.118153,0.0,63.945,0.0,20.84,3.4
7994,1999,107.01,9.0590765,20.940923,37.101685,11.881847,0.0,-11.881847,18.118153,0.0,6.715000000000001,90.52000000000001,20.84,3.4
7995,1999,103.47,9.0590765,20.940923,23.52082,11.881847,0.0,-11.881847,18.118153,0.0,0.0,87.1575,20.84,3.4
7996,1999,101.52,9.0590765,20.940923,9.9399558,11.881847,0.0,-11.881847,18.118153,0.0,0.0,89.045,20.84,3.4
7997,2000,102.83,15.0,15.0,8.3825089,30.0,30.0,0.0,30.0,0.0,64.28,81.27,20.84,3.4
7998,2000,112.27,15.0,15.0,6.8250621,0.0,0.0,0.0,30.0,0.0,58.667500000000004,60.62,20.84,3.4
7999,2000,130.66,15.0,15.0,5.2676153,0.0,0.0,0.0,30.0,0.0,38.095,80.0,20.84,3.4
8000,2000,160.73,15.0,15.0,3.7101685,0.0,0.0,0.0,30.0,0.0,40.00999999999999,94.305,20.84,3.4
8001,2001,173.56,26.769003,3.2309975,25.97118,0.0,23.538005,23.538005,6.4619949,0.0,13.885,57.485,20.84,3.4
8002,2001,157.37,26.769003,3.2309975,48.232191,0.0,23.538005,23.538005,6.4619949,0.0,0.0,41.37,20.84,3.4
8003,2001,138.35,26.769003,3.2309975,70.493202,0.0,23.538005,23.538005,6.4619949,0.0,0.0,81.035,20.84,3.4
8004,2001,120.06,3.2309975,26.769003,45.117297,23.538005,0.0,-23.538005,6.4619949,0.0,37.714999999999996,81.325,20.84,3.4
8005,2002,110.05,15.0,15.0,43.55985,0.0,0.0,0.0,30.0,0.0,0.0,79.16,20.84,3.4
8006,2002,114.26,15.0,15.0,42.002403,0.0,0.0,0.0,30.0,0.0,1.05,31.27000000000001,20.84,3.4
8007,2002,109.3,15.0,15.0,40.444957,0.0,0.0,0.0,30.0,0.0,6.093333333333334,69.975,20.84,3.4
8008,2002,124.2,15.0,15.0,38.88751,0.0,0.0,0.0,30.0,0.0,15.48,83.55,20.84,3.4
8009,2003,146.22,19.673748,10.326252,46.788933,0.0,9.3474954,9.3474954,20.652505,0.0,0.0,-3.2575000000000003,20.84,3.4
8010,2003,149.35,19.673748,10.326252,54.690356,0.0,9.3474954,9.3474954,20.652505,0.0,0.0,38.974999999999994,20.84,3.4
8011,2003,142.03,19.673748,10.326252,62.591779,0.0,9.3474954,9.3474954,20.652505,0.0,0.0,74.48,20.84,3.4
8012,2003,131.87,19.673748,10.326252,70.493202,0.0,9.3474954,9.3474954,20.652505,0.0,54.644999999999996,86.32,20.84,3.4
8013,2004,119.9,15.0,15.0,68.935755,0.0,0.0,0.0,30.0,0.0,102.11,73.9475,19.18,3.36
8014,2004,112.1,15.0,15.0,67.378308,0.0,0.0,0.0,30.0,0.0,89.1,83.38499999999999,19.18,3.36
8015,2004,113.93,15.0,15.0,65.820861,0.0,0.0,0.0,30.0,0.0,0.62,40.62,19.18,3.36
8016,2004,103.28,15.0,15.0,64.263415,0.0,0.0,0.0,30.0,0.0,6.785,10.9525,19.18,3.36
8017,2005,99.5,15.0,15.0,62.705968,0.0,0.0,0.0,30.0,0.0,105.24000000000001,100.0,17.52,3.32
8018,2005,92.69,15.0,15.0,61.148521,0.0,0.0,0.0,30.0,0.0,107.32,51.5075,17.52,3.32
8019,2005,89.62,15.0,15.0,59.591074,0.0,0.0,0.0,30.0,0.0,112.62,64.2775,17.52,3.32
8020,2005,86.62,15.0,15.0,58.033627,0.0,0.0,0.0,30.0,0.0,116.98,55.31999999999999,17.52,3.32
8021,2006,88.04,10.598185,19.401815,47.567656,8.80363,0.0,-8.80363,21.19637,0.0,113.755,50.739999999999995,17.52,3.32
8022,2006,90.08,10.598185,19.401815,37.101685,8.80363,0.0,-8.80363,21.19637,0.0,37.62,58.94,17.52,3.32
8023,2006,88.12,10.598185,19.401815,26.635714,8.80363,0.0,-8.80363,21.19637,0.0,29.795,55.765,17.52,3.32
8024,2006,102.42,10.598185,19.401815,16.169743,8.80363,0.0,-8.80363,21.19637,0.0,41.05666666666667,70.1425,17.52,3.32
8025,2007,117.8,15.0,15.0,14.612296,0.0,0.0,0.0,30.0,0.0,12.08,66.83,17.52,3.32
8026,2007,125.0,15.0,15.0,13.054849,0.0,0.0,0.0,30.0,0.0,1859.03,20.4125,17.52,3.32
8027,2007,108.86,15.0,15.0,11.497403,0.0,0.0,0.0,30.0,0.0,0.0,31.645,17.52,3.32
8028,2007,85.45,15.0,15.0,9.9399558,0.0,0.0,0.0,30.0,0.0,0.0,34.0225,17.52,3.32
8029,2008,87.18,15.0,15.0,8.3825089,0.0,0.0,0.0,30.0,0.0,93.6325,61.89999999999999,17.52,3.32
8030,2008,90.0,15.0,15.0,6.8250621,0.0,0.0,0.0,30.0,0.0,12.1125,83.82,17.52,3.32
8031,2008,106.8,15.0,15.0,5.2676153,0.0,0.0,0.0,30.0,0.0,72.5075,72.94,17.52,3.32
8032,2008,122.21,15.0,15.0,3.7101685,0.0,0.0,0.0,30.0,0.0,88.41,88.105,17.52,3.32
8033,2009,131.53,24.01914,5.9808595,20.405927,0.0,18.038281,18.038281,11.961719,0.0,114.29,74.775,17.52,3.32
8034,2009,137.68,24.01914,5.9808595,37.101685,0.0,18.038281,18.038281,11.961719,0.0,0.45,71.555,17.52,3.32
8035,2009,136.4,24.01914,5.9808595,53.797444,0.0,18.038281,18.038281,11.961719,0.0,115.13499999999999,82.155,17.52,3.32
8036,2009,131.96,24.01914,5.9808595,70.493202,0.0,18.038281,18.038281,11.961719,0.0,7.672499999999999,91.07000000000001,17.52,3.32
8037,2010,124.51,15.0,15.0,68.935755,0.0,0.0,0.0,30.0,0.0,147.26,77.785,17.439999999999998,3.26
8038,2010,115.08,15.0,15.0,67.378308,0.0,0.0,0.0,30.0,0.0,65.395,0.0,17.439999999999998,3.26
8039,2010,114.78,15.0,15.0,65.820861,0.0,0.0,0.0,30.0,0.0,59.80333333333333,94.45666666666666,17.439999999999998,3.26
8040,2010,106.67,15.0,15.0,64.263415,0.0,0.0,0.0,30.0,0.0,74.03,68.4,17.439999999999998,3.26
8041,2011,99.66,15.0,15.0,62.705968,0.0,0.0,0.0,30.0,0.0,115.87,76.39750000000001,17.36,3.2
8042,2011,90.01,15.0,15.0,61.148521,0.0,0.0,0.0,30.0,0.0,6.755000000000001,78.1725,17.36,3.2
8043,2011,88.14,15.0,15.0,59.591074,0.0,0.0,0.0,30.0,0.0,1.095,66.71333333333334,17.36,3.2
8044,2011,85.7,15.0,15.0,58.033627,0.0,0.0,0.0,30.0,0.0,84.5,79.20333333333333,17.36,3.2
8045,2012,84.27,15.0,15.0,56.476181,30.0,30.0,0.0,30.0,0.0,40.447500000000005,0.0,17.36,3.2
8046,2012,83.77,15.0,15.0,54.918734,0.0,0.0,0.0,30.0,0.0,65.85249999999999,0.0,17.36,3.2
8047,2012,83.23,15.0,15.0,53.361287,30.0,30.0,0.0,30.0,0.0,33.9925,30.0,17.36,3.2
8048,2012,89.5,15.0,15.0,51.80384,0.0,0.0,0.0,30.0,0.0,89.87,0.0,17.36,3.2
8049,2013,99.19,15.0,15.0,50.246393,0.0,0.0,0.0,30.0,0.0,95.225,73.53999999999999,17.36,3.2
8050,2013,94.6,15.0,15.0,48.688947,0.0,0.0,0.0,30.0,0.0,100.69749999999999,56.489999999999995,17.36,3.2
8051,2013,89.3,15.0,15.0,47.1315,0.0,0.0,0.0,30.0,0.0,86.40333333333334,77.21,17.36,3.2
8052,2013,82.38,15.0,15.0,45.574053,0.0,0.0,0.0,30.0,0.0,0.0,47.385000000000005,17.36,3.2
8053,2014,85.25,15.0,15.0,44.016606,0.0,0.0,0.0,30.0,0.0,0.0,-0.6925000000000026,17.36,3.2
8054,2014,83.08,15.0,15.0,42.459159,0.0,0.0,0.0,30.0,0.0,132.89333333333335,40.08,17.36,3.2
8055,2014,88.17,15.0,15.0,40.901712,0.0,0.0,0.0,30.0,0.0,73.12,54.69,17.36,3.2
8056,2014,105.25,15.0,15.0,39.344266,0.0,0.0,0.0,30.0,0.0,0.0,30.365000000000002,17.36,3.2
8057,2015,117.45,19.617325,10.382675,47.1315,0.0,9.234651,9.234651,20.765349,0.0,122.78,-44.02499999999999,17.36,3.2
8058,2015,117.8,19.617325,10.382675,54.918734,0.0,9.234651,9.234651,20.765349,0.0,0.0,-15.989999999999998,17.36,3.2
8059,2015,123.27,19.617325,10.382675,62.705968,0.0,9.234651,9.234651,20.765349,0.0,0.0,47.86749999999999,17.36,3.2
8060,2015,112.31,19.617325,10.382675,70.493202,0.0,9.234651,9.234651,20.765349,0.0,0.0,69.7125,17.36,3.2
8061,2016,93.66,15.0,15.0,68.935755,0.0,0.0,0.0,30.0,0.0,0.0,60.57,17.92,3.72
8062,2016,86.01,15.0,15.0,67.378308,0.0,0.0,0.0,30.0,0.0,110.17333333333333,72.38666666666667,17.92,3.72
8063,2016,97.39,15.0,15.0,65.820861,0.0,0.0,0.0,30.0,0.0,102.47,29.487499999999997,17.92,3.72
8064,2016,85.0,15.0,15.0,64.263415,0.0,0.0,0.0,30.0,0.0,0.0,-162.47750000000002,17.92,3.72
8065,2017,74.77,9.0590765,20.940923,50.68255,11.881847,0.0,-11.881847,18.118153,0.0,0.0,-49.03,18.48,4.24
8066,2017,66.21,9.0590765,20.940923,37.101685,11.881847,0.0,-11.881847,18.118153,0.0,0.0,-43.8725,18.48,4.24
8067,2017,61.57,9.0590765,20.940923,23.52082,11.881847,0.0,-11.881847,18.118153,0.0,0.0,-36.980000000000004,18.48,4.24
8068,2017,46.5,9.0590765,20.940923,9.9399558,11.881847,0.0,-11.881847,18.118153,0.0,0.0,-66.5875,18.48,4.24
8069,2018,49.15,14.230446,15.769554,6.8250621,30.0,28.460892,-1.5391079999999988,28.460892,0.0,25.1475,-16.48,18.48,4.24
8070,2018,68.42,14.230446,15.769554,3.7101685,1.5391085,0.0,-1.5391085,28.460892,0.0,36.6325,-16.48,18.48,4.24
8071,2018,92.51,15.769554,14.230446,3.7101685,0.0,1.5391085,1.5391085,28.460892,0.0,52.9675,-176.52499999999998,18.48,4.24
8072,2018,125.25,15.769554,14.230446,3.7101685,0.0,1.5391085,1.5391085,28.460892,0.0,48.525,-106.85750000000002,18.48,4.24
8073,2019,126.2,15.769554,14.230446,3.7101685,28.460892,30.0,1.5391079999999988,28.460892,0.0,11.98,-16.48,18.48,4.24
8074,2019,123.94,15.769554,14.230446,3.7101685,0.0,1.5391085,1.5391085,28.460892,0.0,30.987499999999997,-16.48,18.48,4.24
8075,2019,121.44,15.769554,14.230446,3.7101685,0.0,1.5391085,1.5391085,28.460892,0.0,47.06666666666666,-16.48,18.48,4.24
8076,2019,115.97,15.769554,14.230446,3.7101685,0.0,1.5391085,1.5391085,28.460892,0.0,393.545,-16.48,18.48,4.24
8077,2020,115.18,15.769554,14.230446,3.7101685,0.0,1.5391085,1.5391085,28.460892,0.0,10.045,-16.48,18.48,4.24
8078,2020,126.4,15.769554,14.230446,3.7101685,0.0,1.5391085,1.5391085,28.460892,0.0,85.07,-35.2975,18.48,4.24
8079,2020,134.05,15.769554,14.230446,3.7101685,0.0,1.5391085,1.5391085,28.460892,0.0,1.5,-97.8875,18.48,4.24
8080,2020,141.93,15.769554,14.230446,3.7101685,0.0,1.5391085,1.5391085,28.460892,0.0,1.0,-16.48,18.48,4.24
8081,2021,144.75,24.01914,5.9808595,20.405927,0.0,18.038281,18.038281,11.961719,0.0,43.199999999999996,-37.36,18.48,4.24
8082,2021,147.07,24.01914,5.9808595,37.101685,0.0,18.038281,18.038281,11.961719,0.0,0.0,-16.48,18.48,4.24
8083,2021,148.28,24.01914,5.9808595,53.797444,0.0,18.038281,18.038281,11.961719,0.0,233.72999999999996,-16.48,18.48,4.24
8084,2021,138.77,24.01914,5.9808595,70.493202,0.0,18.038281,18.038281,11.961719,0.0,50.584999999999994,-16.48,18.48,4.24
8085,2022,121.13,15.0,15.0,68.935755,0.0,0.0,0.0,30.0,0.0,51.49499999999999,-16.48,22.08,3.6800000000000006
8086,2022,113.41,15.0,15.0,67.378308,0.0,0.0,0.0,30.0,0.0,85.07,-21.240000000000002,22.08,3.6800000000000006
8087,2022,112.54,15.0,15.0,65.820861,0.0,0.0,0.0,30.0,0.0,0.0,-114.54,22.08,3.6800000000000006
8088,2022,102.64,15.0,15.0,64.263415,0.0,0.0,0.0,30.0,0.0,0.0,-10.002499999999998,22.08,3.6800000000000006
8089,2023,110.93,10.598185,19.401815,53.797444,30.0,21.19637,-8.803629999999998,21.19637,0.0,0.0,-258.8175,25.68,3.12
8090,2023,90.9,10.598185,19.401815,43.331472,8.80363,0.0,-8.80363,21.19637,0.0,0.0,-24.92,25.68,3.12
8091,2023,88.0,10.598185,19.401815,32.865501,8.80363,0.0,-8.80363,21.19637,0.0,118.24,49.375,25.68,3.12
8092,2023,86.8,10.598185,19.401815,22.39953,8.80363,0.0,-8.80363,21.19637,0.0,59.62,57.873333333333335,25.68,3.12
8093,2024,94.96,15.0,15.0,20.842083,0.0,0.0,0.0,30.0,0.0,113.59,35.3625,25.68,3.12
8094,2024,102.56,15.0,15.0,19.284637,0.0,0.0,0.0,30.0,0.0,45.67999999999999,48.24666666666666,25.68,3.12
8095,2024,119.94,15.0,15.0,17.72719,0.0,0.0,0.0,30.0,0.0,69.0625,80.0,25.68,3.12
8096,2024,142.0,15.0,15.0,16.169743,0.0,0.0,0.0,30.0,0.0,68.03750000000001,89.45333333333333,25.68,3.12
8097,2025,155.64,15.0,15.0,14.612296,0.0,0.0,0.0,30.0,0.0,0.0,41.92,25.68,3.12
8098,2025,151.09,15.0,15.0,13.054849,0.0,0.0,0.0,30.0,0.0,103.56666666666668,78.7975,25.68,3.12
8099,2025,142.29,15.0,15.0,11.497403,0.0,0.0,0.0,30.0,0.0,98.19,0.0,25.68,3.12
8100,2025,131.14,15.0,15.0,9.9399558,0.0,0.0,0.0,30.0,0.0,84.9725,97.65,25.68,3.12
8101,2026,127.13,15.0,15.0,8.3825089,0.0,0.0,0.0,30.0,0.0,83.93666666666667,106.8825,25.68,3.12
8102,2026,141.62,15.0,15.0,6.8250621,0.0,0.0,0.0,30.0,0.0,164.35500000000002,98.55666666666666,25.68,3.12
8103,2026,148.0,15.0,15.0,5.2676153,0.0,0.0,0.0,30.0,0.0,1.5,94.3425,25.68,3.12
8104,2026,165.98,15.0,15.0,3.7101685,0.0,0.0,0.0,30.0,0.0,76.94749999999999,114.97,25.68,3.12
8105,2027,200.1,24.01914,5.9808595,20.405927,0.0,18.038281,18.038281,11.961719,0.0,19.29,94.455,25.68,3.12
8106,2027,209.14,24.01914,5.9808595,37.101685,0.0,18.038281,18.038281,11.961719,0.0,0.0,34.144999999999996,25.68,3.12
8107,2027,197.88,24.01914,5.9808595,53.797444,11.961719,30.0,18.038280999999998,11.961719,0.0,94.42999999999999,74.85249999999999,25.68,3.12
8108,2027,189.83,24.01914,5.9808595,70.493202,0.0,18.038281,18.038281,11.961719,0.0,58.70333333333333,78.10249999999999,25.68,3.12
8109,2028,168.44,15.0,15.0,68.935755,0.0,0.0,0.0,30.0,0.0,160.835,54.3875,37.519999999999996,2.94
8110,2028,153.13,15.0,15.0,67.378308,0.0,0.0,0.0,30.0,0.0,0.63,37.13249999999999,37.519999999999996,2.94
8111,2028,142.08,15.0,15.0,65.820861,0.0,0.0,0.0,30.0,0.0,0.0,75.1725,37.519999999999996,2.94
8112,2028,130.81,15.0,15.0,64.263415,0.0,0.0,0.0,30.0,0.0,111.89500000000001,100.8,37.519999999999996,2.94
8113,2029,121.0,9.0590765,20.940923,50.68255,30.0,18.118153,-11.881847,18.118153,0.0,120.39,94.4875,49.36,2.76
8114,2029,116.66,9.0590765,20.940923,37.101685,30.0,18.118153,-11.881847,18.118153,0.0,0.0,52.942499999999995,49.36,2.76
8115,2029,112.79,9.0590765,20.940923,23.52082,11.881847,0.0,-11.881847,18.118153,0.0,0.0,60.655,49.36,2.76
8116,2029,110.0,9.0590765,20.940923,9.9399558,11.881847,0.0,-11.881847,18.118153,0.0,0.0,54.665,49.36,2.76
8117,2030,111.64,15.0,15.0,8.3825089,0.0,0.0,0.0,30.0,0.0,125.695,67.355,49.36,2.76
8118,2030,119.6,15.0,15.0,6.8250621,0.0,0.0,0.0,30.0,0.0,132.695,68.75,49.36,2.76
8119,2030,143.15,15.0,15.0,5.2676153,0.0,0.0,0.0,30.0,0.0,42.92,-177.40499999999997,49.36,2.76
8120,2030,202.14,15.0,15.0,3.7101685,0.0,0.0,0.0,30.0,0.0,74.61,66.07,49.36,2.76
8121,2031,266.51,16.539108,13.460892,5.2676153,0.0,3.078217,3.078217,26.921783,0.0,102.54499999999999,91.78,49.36,2.76
8122,2031,244.05,16.539108,13.460892,6.8250621,0.0,3.078217,3.078217,26.921783,0.0,210.47,100.475,49.36,2.76
8123,2031,203.19,16.539108,13.460892,8.3825089,0.0,3.078217,3.078217,26.921783,0.0,10.23,134.6,49.36,2.76
8124,2031,192.03,16.539108,13.460892,9.9399558,0.0,3.078217,3.078217,26.921783,0.0,179.58000000000004,104.72,49.36,2.76
8125,2032,187.05,15.0,15.0,8.3825089,0.0,0.0,0.0,30.0,0.0,46.512499999999996,101.1,49.36,2.76
8126,2032,191.35,15.0,15.0,6.8250621,0.0,0.0,0.0,30.0,0.0,56.09,109.3,49.36,2.76
8127,2032,206.16,15.0,15.0,5.2676153,0.0,0.0,0.0,30.0,0.0,155.7875,-6.390000000000001,49.36,2.76
8128,2032,227.83,15.0,15.0,3.7101685,0.0,0.0,0.0,30.0,0.0,79.545,-185.38750000000005,49.36,2.76
8129,2033,250.0,24.01914,5.9808595,20.405927,0.0,18.038281,18.038281,11.961719,0.0,1.055,106.28999999999999,49.36,2.76
8130,2033,279.69,24.01914,5.9808595,37.101685,0.0,18.038281,18.038281,11.961719,0.0,80.39,78.6525,49.36,2.76
8131,2033,225.24,24.01914,5.9808595,53.797444,0.0,18.038281,18.038281,11.961719,0.0,1.41,68.1275,49.36,2.76
8132,2033,194.0,24.01914,5.9808595,70.493202,0.0,18.038281,18.038281,11.961719,0.0,1.39,74.0,49.36,2.76
8133,2034,158.8,15.0,15.0,68.935755,0.0,0.0,0.0,30.0,0.0,126.235,74.665,35.24,2.8199999999999994
8134,2034,133.0,15.0,15.0,67.378308,0.0,0.0,0.0,30.0,0.0,11.22,84.75,35.24,2.8199999999999994
8135,2034,120.0,15.0,15.0,65.820861,0.0,0.0,0.0,30.0,0.0,11.82,79.405,35.24,2.8199999999999994
8136,2034,111.0,15.0,15.0,64.263415,0.0,0.0,0.0,30.0,0.0,11.565,-46.14000000000001,35.24,2.8199999999999994
8137,2035,114.77,15.0,15.0,62.705968,0.0,0.0,0.0,30.0,0.0,184.335,41.65,21.12,2.88
8138,2035,105.74,15.0,15.0,61.148521,0.0,0.0,0.0,30.0,0.0,0.0,2.3599999999999994,21.12,2.88
8139,2035,100.1,15.0,15.0,59.591074,0.0,0.0,0.0,30.0,0.0,39.50333333333333,22.9525,21.12,2.88
8140,2035,87.14,15.0,15.0,58.033627,0.0,0.0,0.0,30.0,0.0,65.16499999999999,50.3875,21.12,2.88
8141,2036,76.94,15.0,15.0,56.476181,0.0,0.0,0.0,30.0,0.0,85.87666666666667,60.0,21.12,2.88
8142,2036,77.7,15.0,15.0,54.918734,0.0,0.0,0.0,30.0,0.0,1.56,0.0,21.12,2.88
8143,2036,91.3,15.0,15.0,53.361287,0.0,0.0,0.0,30.0,0.0,157.67,69.0,21.12,2.88
8144,2036,100.1,15.0,15.0,51.80384,0.0,0.0,0.0,30.0,0.0,67.7875,101.4,21.12,2.88
8145,2037,128.0,15.0,15.0,50.246393,0.0,0.0,0.0,30.0,0.0,12.57,63.3625,21.12,2.88
8146,2037,131.78,15.0,15.0,48.688947,0.0,0.0,0.0,30.0,0.0,117.16,98.0625,21.12,2.88
8147,2037,124.92,15.0,15.0,47.1315,0.0,0.0,0.0,30.0,0.0,6.9225,90.0,21.12,2.88
8148,2037,107.31,15.0,15.0,45.574053,0.0,0.0,0.0,30.0,0.0,86.465,0.0,21.12,2.88
8149,2038,103.5,15.0,15.0,44.016606,0.0,0.0,0.0,30.0,0.0,11.530000000000001,101.05,21.12,2.88
8150,2038,104.32,15.0,15.0,42.459159,0.0,0.0,0.0,30.0,0.0,38.7175,100.3,21.12,2.88
8151,2038,107.36,15.0,15.0,40.901712,0.0,0.0,0.0,30.0,0.0,0.0,77.925,21.12,2.88
8152,2038,116.26,15.0,15.0,39.344266,0.0,0.0,0.0,30.0,0.0,12.36,56.81,21.12,2.88
8153,2039,124.64,19.617325,10.382675,47.1315,0.0,9.234651,9.234651,20.765349,0.0,12.26,-16.799999999999997,21.12,2.88
8154,2039,137.9,19.617325,10.382675,54.918734,0.0,9.234651,9.234651,20.765349,0.0,289.84000000000003,48.125,21.12,2.88
8155,2039,130.0,19.617325,10.382675,62.705968,0.0,9.234651,9.234651,20.765349,0.0,11.66,23.75,21.12,2.88
8156,2039,115.21,19.617325,10.382675,70.493202,0.0,9.234651,9.234651,20.765349,0.0,1.22,-25.575000000000003,21.12,2.88
8157,2040,101.91,15.769554,14.230446,70.493202,0.0,1.5391085,1.5391085,28.460892,0.0,73.3625,-1.0966666666666676,24.88,3.52
8158,2040,83.93,15.769554,14.230446,70.493202,0.0,1.5391085,1.5391085,28.460892,0.0,5.893333333333334,50.83,24.88,3.52
8159,2040,79.96,15.769554,14.230446,70.493202,0.0,1.5391085,1.5391085,28.460892,0.0,403.70000000000005,-169.875,24.88,3.52
8160,2040,45.12,15.769554,14.230446,70.493202,0.0,1.5391085,1.5391085,28.460892,0.0,177.92000000000002,-29.6175,24.88,3.52
8161,2041,12.09,8.2895223,21.710478,55.35489,13.420955,0.0,-13.420955,16.579045,0.0,4.709999999999999,-11.096666666666666,28.64,4.16
8162,2041,5.97,8.2895223,21.710478,40.216579,30.0,16.579045,-13.420955,16.579045,0.0,15.09,-27.4125,28.64,4.16
8163,2041,4.16,8.2895223,21.710478,25.078267,13.420955,0.0,-13.420955,16.579045,0.0,0.0,7.912500000000001,28.64,4.16
8164,2041,2.22,8.2895223,21.710478,9.9399558,30.0,16.579045,-13.420955,16.579045,0.0,86.905,-24.115000000000002,28.64,4.16
8165,2042,2.79,14.230446,15.769554,6.8250621,30.0,28.460892,-1.5391079999999988,28.460892,0.0,0.0,-89.405,28.64,4.16
8166,2042,10.54,14.230446,15.769554,3.7101685,30.0,28.460892,-1.5391079999999988,28.460892,0.0,38.39,-59.246666666666655,28.64,4.16
8167,2042,62.7,15.769554,14.230446,3.7101685,0.0,1.5391085,1.5391085,28.460892,0.0,108.475,-100.0,28.64,4.16
8168,2042,94.77,15.769554,14.230446,3.7101685,0.0,1.5391085,1.5391085,28.460892,0.0,38.2275,0.0,28.64,4.16
8169,2043,111.75,16.539108,13.460892,5.2676153,0.0,3.078217,3.078217,26.921783,0.0,8.4925,0.0,28.64,4.16
8170,2043,125.0,16.539108,13.460892,6.8250621,0.0,3.078217,3.078217,26.921783,0.0,95.1625,78.155,28.64,4.16
8171,2043,105.43,16.539108,13.460892,8.3825089,0.0,3.078217,3.078217,26.921783,0.0,11.99,62.012499999999996,28.64,4.16
8172,2043,99.9,16.539108,13.460892,9.9399558,0.0,3.078217,3.078217,26.921783,0.0,75.07,33.192499999999995,28.64,4.16
8173,2044,91.9,15.0,15.0,8.3825089,0.0,0.0,0.0,30.0,0.0,12.04,73.0025,28.64,4.16
8174,2044,101.17,15.0,15.0,6.8250621,0.0,0.0,0.0,30.0,0.0,38.46,46.74,28.64,4.16
8175,2044,109.0,15.0,15.0,5.2676153,0.0,0.0,0.0,30.0,0.0,1.65,0.0,28.64,4.16
8176,2044,117.03,15.0,15.0,3.7101685,0.0,0.0,0.0,30.0,0.0,44.0125,0.0,28.64,4.16
8177,2045,130.58,24.01914,5.9808595,20.405927,0.0,18.038281,18.038281,11.961719,0.0,69.6225,106.61,28.64,4.16
8178,2045,142.27,24.01914,5.9808595,37.101685,0.0,18.038281,18.038281,11.961719,0.0,0.8066666666666666,73.1,28.64,4.16
8179,2045,150.55,24.01914,5.9808595,53.797444,0.0,18.038281,18.038281,11.961719,0.0,0.0,65.925,28.64,4.16
8180,2045,141.7,24.01914,5.9808595,70.493202,0.0,18.038281,18.038281,11.961719,0.0,0.0,51.269999999999996,28.64,4.16
8181,2046,128.25,15.769554,14.230446,70.493202,0.0,1.5391085,1.5391085,28.460892,0.0,85.3525,82.405,24.22,6.380000000000001
8182,2046,117.99,15.769554,14.230446,70.493202,0.0,1.5391085,1.5391085,28.460892,0.0,95.29249999999999,90.22,24.22,6.380000000000001
8183,2046,118.0,15.769554,14.230446,70.493202,0.0,1.5391085,1.5391085,28.460892,0.0,46.2,44.8775,24.22,6.380000000000001
8184,2046,100.49,15.769554,14.230446,70.493202,0.0,1.5391085,1.5391085,28.460892,0.0,1.395,-23.627499999999998,24.22,6.380000000000001
8185,2047,85.79,15.0,15.0,68.935755,0.0,0.0,0.0,30.0,0.0,28.64333333333333,8.512499999999998,19.8,8.6
8186,2047,74.92,15.0,15.0,67.378308,0.0,0.0,0.0,30.0,0.0,51.19,45.735,19.8,8.6
8187,2047,67.5,15.0,15.0,65.820861,0.0,0.0,0.0,30.0,0.0,60.025,17.807499999999997,19.8,8.6
8188,2047,61.48,15.0,15.0,64.263415,0.0,0.0,0.0,30.0,0.0,75.05,21.65,19.8,8.6
8189,2048,49.1,11.367739,18.632261,55.35489,7.2645215,0.0,-7.2645215,22.735479,0.0,71.7875,78.87,19.8,8.6
8190,2048,37.41,11.367739,18.632261,46.446366,30.0,22.735479,-7.2645209999999985,22.735479,0.0,10.969999999999999,44.03,19.8,8.6
8191,2048,36.5,11.367739,18.632261,37.537842,7.2645215,0.0,-7.2645215,22.735479,0.0,67.78333333333333,26.959999999999994,19.8,8.6
8192,2048,41.48,11.367739,18.632261,28.629317,7.2645215,0.0,-7.2645215,22.735479,0.0,103.94333333333333,-12.61,19.8,8.6
8193,2049,54.17,15.0,15.0,27.071871,0.0,0.0,0.0,30.0,0.0,24.525,-25.51,19.8,8.6
8194,2049,59.1,15.0,15.0,25.514424,30.0,30.0,0.0,30.0,0.0,9.66,-42.905,19.8,8.6
8195,2049,58.8,15.0,15.0,23.956977,0.0,0.0,0.0,30.0,0.0,44.51,-35.7375,19.8,8.6
8196,2049,57.96,15.0,15.0,22.39953,0.0,0.0,0.0,30.0,0.0,31.4725,-48.0625,19.8,8.6
8197,2050,63.14,15.0,15.0,20.842083,0.0,0.0,0.0,30.0,0.0,119.81333333333333,-251.7775,19.8,8.6
8198,2050,66.65,15.0,15.0,19.284637,0.0,0.0,0.0,30.0,0.0,42.416666666666664,-49.692499999999995,19.8,8.6
8199,2050,65.74,15.0,15.0,17.72719,0.0,0.0,0.0,30.0,0.0,81.38,6.186666666666666,19.8,8.6
8200,2050,72.34,15.0,15.0,16.169743,0.0,0.0,0.0,30.0,0.0,107.88,19.13,19.8,8.6
8201,2051,85.0,15.0,15.0,14.612296,0.0,0.0,0.0,30.0,0.0,37.089999999999996,-7.880000000000003,19.8,8.6
8202,2051,87.2,15.0,15.0,13.054849,0.0,0.0,0.0,30.0,0.0,74.35666666666667,9.17,19.8,8.6
8203,2051,82.61,15.0,15.0,11.497403,0.0,0.0,0.0,30.0,0.0,111.745,43.545,19.8,8.6
8204,2051,80.35,15.0,15.0,9.9399558,0.0,0.0,0.0,30.0,0.0,9.53,46.4875,19.8,8.6
8205,2052,78.9,15.0,15.0,8.3825089,0.0,0.0,0.0,30.0,0.0,7.996666666666666,2.1900000000000013,19.22,9.120000000000001
8206,2052,79.03,15.0,15.0,6.8250621,0.0,0.0,0.0,30.0,0.0,54.552499999999995,-15.62,19.22,9.120000000000001
8207,2052,76.5,15.0,15.0,5.2676153,0.0,0.0,0.0,30.0,0.0,93.765,23.92,19.22,9.120000000000001
8208,2052,68.73,15.0,15.0,3.7101685,0.0,0.0,0.0,30.0,0.0,56.04333333333334,29.282500000000002,19.22,9.120000000000001
8209,2053,82.16,16.539108,13.460892,5.2676153,0.0,3.078217,3.078217,0.0,26.921783,0.0,29.987499999999997,18.64,9.64
8210,2053,75.85,16.539108,13.460892,6.8250621,0.0,3.078217,3.078217,0.0,26.921783,10.07,37.5,18.64,9.64
8211,2053,75.81,16.539108,13.460892,8.3825089,0.0,3.078217,3.078217,0.0,26.921783,0.0,-44.887499999999996,18.64,9.64
8212,2053,71.21,16.539108,13.460892,9.9399558,0.0,3.078217,3.078217,0.0,26.921783,0.0,-22.7275,18.64,9.64
8213,2054,71.28,15.0,15.0,8.3825089,0.0,0.0,0.0,30.0,0.0,0.0,11.149999999999999,18.64,9.64
8214,2054,76.96,15.0,15.0,6.8250621,0.0,0.0,0.0,30.0,0.0,68.765,41.1,18.64,9.64
8215,2054,78.74,15.0,15.0,5.2676153,0.0,0.0,0.0,30.0,0.0,39.455,0.0,18.64,9.64
8216,2054,79.29,15.0,15.0,3.7101685,0.0,0.0,0.0,30.0,0.0,57.7625,93.69,18.64,9.64
8217,2055,88.67,15.769554,14.230446,3.7101685,0.0,1.5391085,1.5391085,28.460892,0.0,43.39,75.34,18.64,9.64
8218,2055,98.73,15.769554,14.230446,3.7101685,0.0,1.5391085,1.5391085,28.460892,0.0,0.0,77.1025,18.64,9.64
8219,2055,100.81,15.769554,14.230446,3.7101685,0.0,1.5391085,1.5391085,28.460892,0.0,1.11,82.14,18.64,9.64
8220,2055,106.4,15.769554,14.230446,3.7101685,0.0,1.5391085,1.5391085,28.460892,0.0,52.64999999999998,0.0,18.64,9.64
8221,2056,108.74,24.01914,5.9808595,20.405927,0.0,18.038281,18.038281,11.961719,0.0,59.769999999999996,80.69,18.64,9.64
8222,2056,106.16,24.01914,5.9808595,37.101685,0.0,18.038281,18.038281,11.961719,0.0,83.03999999999999,72.67,18.64,9.64
8223,2056,99.37,24.01914,5.9808595,53.797444,0.0,18.038281,18.038281,11.961719,0.0,47.11,95.0,18.64,9.64
8224,2056,109.66,24.01914,5.9808595,70.493202,0.0,18.038281,18.038281,11.961719,0.0,91.705,52.335,18.64,9.64
8225,2057,95.8,15.769554,14.230446,70.493202,0.0,1.5391085,1.5391085,28.460892,0.0,58.114999999999995,70.0,18.64,9.64
8226,2057,105.48,15.769554,14.230446,70.493202,0.0,1.5391085,1.5391085,28.460892,0.0,44.957499999999996,26.65,18.64,9.64
8227,2057,95.35,15.769554,14.230446,70.493202,0.0,1.5391085,1.5391085,28.460892,0.0,99.77,48.917500000000004,18.64,9.64
8228,2057,94.12,15.769554,14.230446,70.493202,0.0,1.5391085,1.5391085,28.460892,0.0,83.10666666666667,34.605000000000004,18.64,9.64
8229,2058,88.75,15.0,15.0,68.935755,0.0,0.0,0.0,30.0,0.0,0.99,33.55,22.700000000000003,7.780000000000001
8230,2058,88.0,15.0,15.0,67.378308,0.0,0.0,0.0,30.0,0.0,8.09,23.39666666666667,22.700000000000003,7.780000000000001
8231,2058,85.75,15.0,15.0,65.820861,0.0,0.0,0.0,30.0,0.0,0.0,-18.6175,22.700000000000003,7.780000000000001
8232,2058,73.51,15.0,15.0,64.263415,0.0,0.0,0.0,30.0,0.0,4.746666666666667,-37.9525,22.700000000000003,7.780000000000001
8233,2059,68.99,9.0590765,20.940923,50.68255,11.881847,0.0,-11.881847,18.118153,0.0,5.206666666666666,-41.9125,26.76,5.92
8234,2059,53.19,9.0590765,20.940923,37.101685,11.881847,0.0,-11.881847,18.118153,0.0,114.02,-21.965,26.76,5.92
8235,2059,34.66,9.0590765,20.940923,23.52082,11.881847,0.0,-11.881847,18.118153,0.0,76.17333333333333,-13.299999999999999,26.76,5.92
8236,2059,31.5,9.0590765,20.940923,9.9399558,11.881847,0.0,-11.881847,18.118153,0.0,11.254999999999999,-1.6400000000000023,26.76,5.92
8237,2060,35.33,15.0,15.0,8.3825089,0.0,0.0,0.0,30.0,0.0,11.68,-26.905,26.76,5.92
8238,2060,66.24,15.0,15.0,6.8250621,0.0,0.0,0.0,30.0,0.0,43.5,-23.400000000000006,26.76,5.92
8239,2060,77.67,15.0,15.0,5.2676153,0.0,0.0,0.0,30.0,0.0,220.58666666666667,-64.1075,26.76,5.92
8240,2060,112.12,15.0,15.0,3.7101685,0.0,0.0,0.0,30.0,0.0,43.4475,82.22,26.76,5.92
8241,2061,121.96,19.617325,10.382675,11.497403,0.0,9.234651,9.234651,20.765349,0.0,1.3425,96.31,26.76,5.92
8242,2061,122.28,19.617325,10.382675,19.284637,0.0,9.234651,9.234651,20.765349,0.0,78.85333333333332,55.825,26.76,5.92
8243,2061,123.36,19.617325,10.382675,27.071871,0.0,9.234651,9.234651,20.765349,0.0,1.27,77.86,26.76,5.92
8244,2061,120.31,19.617325,10.382675,34.859105,0.0,9.234651,9.234651,20.765349,0.0,120.59333333333333,72.8,26.76,5.92
8245,2062,122.46,15.0,15.0,33.301658,0.0,0.0,0.0,30.0,0.0,38.3375,69.73,26.76,5.92
8246,2062,116.2,15.0,15.0,31.744211,0.0,0.0,0.0,30.0,0.0,45.95666666666666,94.81,26.76,5.92
8247,2062,116.67,15.0,15.0,30.186764,0.0,0.0,0.0,30.0,0.0,8.193333333333333,81.16,26.76,5.92
8248,2062,114.01,15.0,15.0,28.629317,0.0,0.0,0.0,30.0,0.0,37.932500000000005,92.4,26.76,5.92
8249,2063,115.69,15.0,15.0,27.071871,0.0,0.0,0.0,30.0,0.0,8.934999999999999,88.89,26.76,5.92
8250,2063,121.6,15.0,15.0,25.514424,0.0,0.0,0.0,30.0,0.0,89.60499999999999,0.0,26.76,5.92
8251,2063,116.91,15.0,15.0,23.956977,0.0,0.0,0.0,30.0,0.0,37.6475,0.0,26.76,5.92
8252,2063,125.39,15.0,15.0,22.39953,0.0,0.0,0.0,30.0,0.0,0.0,65.32000000000001,26.76,5.92
8253,2064,113.16,15.0,15.0,20.842083,0.0,0.0,0.0,30.0,0.0,76.27000000000001,64.86500000000001,27.9,4.88
8254,2064,101.95,15.0,15.0,19.284637,0.0,0.0,0.0,30.0,0.0,98.52,53.915,27.9,4.88
8255,2064,98.48,15.0,15.0,17.72719,0.0,0.0,0.0,30.0,0.0,81.72999999999999,51.3175,27.9,4.88
8256,2064,92.39,15.0,15.0,16.169743,0.0,0.0,0.0,30.0,0.0,7.08,16.939999999999998,27.9,4.88
8257,2065,77.27,15.0,15.0,14.612296,0.0,0.0,0.0,30.0,0.0,97.01,50.2875,29.04,3.84
8258,2065,85.0,15.0,15.0,13.054849,0.0,0.0,0.0,30.0,0.0,67.55,39.43333333333333,29.04,3.84
8259,2065,84.93,15.0,15.0,11.497403,0.0,0.0,0.0,30.0,0.0,0.0,49.6875,29.04,3.84
8260,2065,83.7,15.0,15.0,9.9399558,0.0,0.0,0.0,30.0,0.0,0.0,5.825000000000003,29.04,3.84
8261,2066,87.21,15.0,15.0,8.3825089,0.0,0.0,0.0,30.0,0.0,62.25,55.3625,29.04,3.84
8262,2066,87.69,15.0,15.0,6.8250621,0.0,0.0,0.0,30.0,0.0,128.715,32.25666666666666,29.04,3.84
8263,2066,100.0,15.0,15.0,5.2676153,0.0,0.0,0.0,30.0,0.0,40.3625,55.715,29.04,3.84
8264,2066,112.79,15.0,15.0,3.7101685,0.0,0.0,0.0,30.0,0.0,119.64,73.475,29.04,3.84
8265,2067,134.23,15.769554,14.230446,3.7101685,0.0,1.5391085,1.5391085,28.460892,0.0,9.6375,103.55,29.04,3.84
8266,2067,157.73,15.769554,14.230446,3.7101685,0.0,1.5391085,1.5391085,28.460892,0.0,8.64,103.55,29.04,3.84
8267,2067,153.13,15.769554,14.230446,3.7101685,0.0,1.5391085,1.5391085,28.460892,0.0,109.14500000000001,0.0,29.04,3.84
8268,2067,163.0,15.769554,14.230446,3.7101685,0.0,1.5391085,1.5391085,28.460892,0.0,233.555,0.0,29.04,3.84
8269,2068,135.22,15.769554,14.230446,3.7101685,0.0,1.5391085,1.5391085,28.460892,0.0,38.122499999999995,0.0,29.04,3.84
8270,2068,169.15,15.769554,14.230446,3.7101685,0.0,1.5391085,1.5391085,28.460892,0.0,94.4425,81.695,29.04,3.84
8271,2068,169.48,15.769554,14.230446,3.7101685,0.0,1.5391085,1.5391085,28.460892,0.0,11.24,82.2875,29.04,3.84
8272,2068,176.6,15.769554,14.230446,3.7101685,28.460892,30.0,1.5391079999999988,28.460892,0.0,42.096666666666664,88.505,29.04,3.84
8273,2069,179.97,18.078217,11.921783,8.3825089,0.0,6.156434,6.156434,23.843566,0.0,1.9325,0.0,29.04,3.84
8274,2069,159.9,18.078217,11.921783,13.054849,0.0,6.156434,6.156434,23.843566,0.0,5.235000000000001,96.025,29.04,3.84
8275,2069,181.0,18.078217,11.921783,17.72719,0.0,6.156434,6.156434,23.843566,0.0,14.345,103.55,29.04,3.84
8276,2069,176.65,18.078217,11.921783,22.39953,0.0,6.156434,6.156434,23.843566,0.0,100.41,0.0,29.04,3.84
8277,2070,151.98,15.0,15.0,20.842083,0.0,0.0,0.0,30.0,0.0,63.8725,98.84,47.019999999999996,3.12
8278,2070,120.0,15.0,15.0,19.284637,0.0,0.0,0.0,30.0,0.0,40.9,75.975,47.019999999999996,3.12
8279,2070,107.2,15.0,15.0,17.72719,0.0,0.0,0.0,30.0,0.0,128.47666666666666,74.0775,47.019999999999996,3.12
8280,2070,121.37,15.0,15.0,16.169743,0.0,0.0,0.0,30.0,0.0,47.876666666666665,74.73333333333333,47.019999999999996,3.12
8281,2071,100.0,15.0,15.0,14.612296,0.0,0.0,0.0,30.0,0.0,54.085,86.98333333333333,65.0,2.4
8282,2071,101.85,15.0,15.0,13.054849,0.0,0.0,0.0,30.0,0.0,0.0,90.59,65.0,2.4
8283,2071,96.54,15.0,15.0,11.497403,0.0,0.0,0.0,30.0,0.0,0.0,86.615,65.0,2.4
8284,2071,97.1,15.0,15.0,9.9399558,0.0,0.0,0.0,30.0,0.0,99.95,78.6525,65.0,2.4
8285,2072,96.51,15.0,15.0,8.3825089,0.0,0.0,0.0,30.0,0.0,0.0,80.175,65.0,2.4
8286,2072,97.1,15.0,15.0,6.8250621,0.0,0.0,0.0,30.0,0.0,12.84,78.0675,65.0,2.4
8287,2072,100.1,15.0,15.0,5.2676153,0.0,0.0,0.0,30.0,0.0,67.28,59.13499999999999,65.0,2.4
8288,2072,120.0,15.0,15.0,3.7101685,0.0,0.0,0.0,30.0,0.0,19.442500000000003,103.98,65.0,2.4
8289,2073,247.67,15.769554,14.230446,3.7101685,0.0,1.5391085,1.5391085,28.460892,0.0,316.1625,0.0,65.0,2.4
8290,2073,300.1,15.769554,14.230446,3.7101685,0.0,1.5391085,1.5391085,28.460892,0.0,448.9225,0.0,65.0,2.4
8291,2073,322.15,15.769554,14.230446,3.7101685,0.0,1.5391085,1.5391085,28.460892,0.0,400.1725,0.0,65.0,2.4
8292,2073,319.32,15.769554,14.230446,3.7101685,0.0,1.5391085,1.5391085,28.460892,0.0,311.34250000000003,0.0,65.0,2.4
8293,2074,311.87,15.769554,14.230446,3.7101685,0.0,1.5391085,1.5391085,28.460892,0.0,956.145,0.0,65.0,2.4
8294,2074,319.45,15.769554,14.230446,3.7101685,0.0,1.5391085,1.5391085,28.460892,0.0,872.4925000000001,0.0,65.0,2.4
8295,2074,342.13,15.769554,14.230446,3.7101685,0.0,1.5391085,1.5391085,28.460892,0.0,971.22,0.0,65.0,2.4
8296,2074,355.39,15.769554,14.230446,3.7101685,0.0,1.5391085,1.5391085,28.460892,0.0,1149.0175,97.83,65.0,2.4
8297,2075,411.94,24.01914,5.9808595,20.405927,11.961719,30.0,18.038280999999998,11.961719,0.0,1075.795,0.0,65.0,2.4
8298,2075,423.13,24.01914,5.9808595,37.101685,0.0,18.038281,18.038281,11.961719,0.0,1437.945,0.0,65.0,2.4
8299,2075,349.31,24.01914,5.9808595,53.797444,11.961719,30.0,18.038280999999998,11.961719,0.0,252.03750000000002,0.0,65.0,2.4
8300,2075,298.32,24.01914,5.9808595,70.493202,0.0,18.038281,18.038281,11.961719,0.0,150.0725,89.37666666666667,65.0,2.4
8301,2076,193.13,15.0,15.0,68.935755,0.0,0.0,0.0,30.0,0.0,198.47666666666663,86.425,80.0,2.16
8302,2076,154.68,15.0,15.0,67.378308,0.0,0.0,0.0,30.0,0.0,237.5575,92.69,80.0,2.16
8303,2076,150.0,15.0,15.0,65.820861,0.0,0.0,0.0,30.0,0.0,13.54,88.82249999999999,80.0,2.16
8304,2076,135.96,15.0,15.0,64.263415,0.0,0.0,0.0,30.0,0.0,110.85499999999999,75.8,80.0,2.16
8305,2077,122.24,9.0590765,20.940923,50.68255,30.0,18.118153,-11.881847,18.118153,0.0,118.74000000000001,81.39,95.0,1.92
8306,2077,115.3,9.0590765,20.940923,37.101685,11.881847,0.0,-11.881847,18.118153,0.0,36.040000000000006,95.69,95.0,1.92
8307,2077,109.96,9.0590765,20.940923,23.52082,11.881847,0.0,-11.881847,18.118153,0.0,78.92,89.02000000000001,95.0,1.92
8308,2077,107.35,9.0590765,20.940923,9.9399558,11.881847,0.0,-11.881847,18.118153,0.0,0.0,74.705,95.0,1.92
8309,2078,112.51,15.0,15.0,8.3825089,0.0,0.0,0.0,30.0,0.0,120.82666666666667,82.59,95.0,1.92
8310,2078,123.37,15.0,15.0,6.8250621,0.0,0.0,0.0,30.0,0.0,63.9925,70.88333333333333,95.0,1.92
8311,2078,163.98,15.0,15.0,5.2676153,0.0,0.0,0.0,30.0,0.0,32.86,80.69,95.0,1.92
8312,2078,232.97,15.0,15.0,3.7101685,0.0,0.0,0.0,30.0,0.0,555.7975,91.8,95.0,1.92
8313,2079,519.9,16.539108,13.460892,5.2676153,0.0,3.078217,3.078217,26.921783,0.0,334.67499999999995,0.0,95.0,1.92
8314,2079,581.48,16.539108,13.460892,6.8250621,0.0,3.078217,3.078217,26.921783,0.0,271.3733333333334,92.39999999999999,95.0,1.92
8315,2079,500.0,16.539108,13.460892,8.3825089,0.0,3.078217,3.078217,26.921783,0.0,289.5675,95.55250000000001,95.0,1.92
8316,2079,433.69,16.539108,13.460892,9.9399558,0.0,3.078217,3.078217,26.921783,0.0,242.345,94.98333333333333,95.0,1.92
8317,2080,381.12,15.0,15.0,8.3825089,0.0,0.0,0.0,30.0,0.0,153.0,100.78999999999999,95.0,1.92
8318,2080,400.1,15.0,15.0,6.8250621,0.0,0.0,0.0,30.0,0.0,173.105,0.0,95.0,1.92
8319,2080,466.19,15.0,15.0,5.2676153,0.0,0.0,0.0,30.0,0.0,160.9025,0.0,95.0,1.92
8320,2080,637.86,15.0,15.0,3.7101685,0.0,0.0,0.0,30.0,0.0,163.83749999999998,91.46,95.0,1.92
8321,2081,767.67,26.769003,3.2309975,25.97118,0.0,23.538005,23.538005,6.4619949,0.0,106.32749999999999,91.7,95.0,1.92
8322,2081,872.96,26.769003,3.2309975,48.232191,6.4619949,30.0,23.5380051,6.4619949,0.0,61.405,95.0,95.0,1.92
8323,2081,628.27,26.769003,3.2309975,70.493202,0.0,23.538005,23.538005,6.4619949,0.0,154.255,0.0,95.0,1.92
8324,2081,517.5,15.769554,14.230446,70.493202,0.0,1.5391085,1.5391085,6.4619949,0.0,214.385,92.0,95.0,1.92
8325,2082,285.37,15.0,15.0,68.935755,0.0,0.0,0.0,30.0,0.0,95.78999999999999,81.89750000000001,87.66,1.7799999999999998
8326,2082,169.4,15.0,15.0,67.378308,0.0,0.0,0.0,30.0,0.0,118.70333333333333,85.36,87.66,1.7799999999999998
8327,2082,150.0,15.0,15.0,65.820861,0.0,0.0,0.0,30.0,0.0,114.57,83.12,87.66,1.7799999999999998
8328,2082,134.75,15.0,15.0,64.263415,0.0,0.0,0.0,30.0,0.0,0.0,70.7675,87.66,1.7799999999999998
8329,2083,130.07,15.0,15.0,62.705968,0.0,0.0,0.0,30.0,0.0,0.0,77.89,80.32,1.64
8330,2083,122.9,15.0,15.0,61.148521,0.0,0.0,0.0,30.0,0.0,105.295,82.8925,80.32,1.64
8331,2083,118.97,15.0,15.0,59.591074,0.0,0.0,0.0,30.0,0.0,0.59,71.4875,80.32,1.64
8332,2083,114.95,15.0,15.0,58.033627,0.0,0.0,0.0,30.0,0.0,0.0,80.0025,80.32,1.64
8333,2084,115.64,15.0,15.0,56.476181,0.0,0.0,0.0,30.0,0.0,0.0,79.48,80.32,1.64
8334,2084,119.9,15.0,15.0,54.918734,0.0,0.0,0.0,30.0,0.0,85.61,79.25999999999999,80.32,1.64
8335,2084,150.1,15.0,15.0,53.361287,0.0,0.0,0.0,30.0,0.0,5.246666666666666,79.02666666666667,80.32,1.64
8336,2084,187.48,15.0,15.0,51.80384,0.0,0.0,0.0,30.0,0.0,36.8925,83.64,80.32,1.64
8337,2085,253.0,15.0,15.0,50.246393,0.0,0.0,0.0,30.0,0.0,114.2125,0.0,80.32,1.64
8338,2085,245.74,15.0,15.0,48.688947,0.0,0.0,0.0,30.0,0.0,149.3425,0.0,80.32,1.64
8339,2085,208.42,15.0,15.0,47.1315,0.0,0.0,0.0,30.0,0.0,109.39250000000001,0.0,80.32,1.64
8340,2085,174.27,15.0,15.0,45.574053,0.0,0.0,0.0,30.0,0.0,142.4275,0.0,80.32,1.64
8341,2086,165.97,15.0,15.0,44.016606,0.0,0.0,0.0,30.0,0.0,197.02,0.0,80.32,1.64
8342,2086,165.0,15.0,15.0,42.459159,0.0,0.0,0.0,30.0,0.0,172.31,0.0,80.32,1.64
8343,2086,184.5,15.0,15.0,40.901712,0.0,0.0,0.0,30.0,0.0,72.33250000000001,94.03,80.32,1.64
8344,2086,219.84,15.0,15.0,39.344266,0.0,0.0,0.0,30.0,0.0,118.4975,91.3,80.32,1.64
8345,2087,249.29,19.617325,10.382675,47.1315,0.0,9.234651,9.234651,20.765349,0.0,0.58,88.96666666666667,80.32,1.64
8346,2087,284.21,19.617325,10.382675,54.918734,0.0,9.234651,9.234651,20.765349,0.0,0.0,88.99,80.32,1.64
8347,2087,260.0,19.617325,10.382675,62.705968,0.0,9.234651,9.234651,20.765349,0.0,75.5375,91.97999999999999,80.32,1.64
8348,2087,225.6,19.617325,10.382675,70.493202,0.0,9.234651,9.234651,20.765349,0.0,39.625,89.995,80.32,1.64
8349,2088,175.0,15.0,15.0,68.935755,0.0,0.0,0.0,30.0,0.0,5.756666666666668,87.0,49.239999999999995,2.18
8350,2088,146.22,15.0,15.0,67.378308,0.0,0.0,0.0,30.0,0.0,65.64,90.125,49.239999999999995,2.18
8351,2088,135.09,15.0,15.0,65.820861,0.0,0.0,0.0,30.0,0.0,100.05333333333333,81.81,49.239999999999995,2.18
8352,2088,116.52,15.0,15.0,64.263415,0.0,0.0,0.0,30.0,0.0,13.383333333333333,54.10333333333333,49.239999999999995,2.18
8353,2089,116.94,15.0,15.0,62.705968,0.0,0.0,0.0,30.0,0.0,0.0,52.1375,18.16,2.72
8354,2089,111.36,15.0,15.0,61.148521,0.0,0.0,0.0,30.0,0.0,0.0,59.0075,18.16,2.72
8355,2089,108.04,15.0,15.0,59.591074,0.0,0.0,0.0,30.0,0.0,0.0,45.6475,18.16,2.72
8356,2089,99.02,15.0,15.0,58.033627,0.0,0.0,0.0,30.0,0.0,108.84,66.405,18.16,2.72
8357,2090,93.44,15.0,15.0,56.476181,0.0,0.0,0.0,30.0,0.0,104.11,62.906666666666666,18.16,2.72
8358,2090,91.55,15.0,15.0,54.918734,0.0,0.0,0.0,30.0,0.0,47.1125,84.02,18.16,2.72
8359,2090,92.72,15.0,15.0,53.361287,0.0,0.0,0.0,30.0,0.0,0.0,71.025,18.16,2.72
8360,2090,102.11,15.0,15.0,51.80384,0.0,0.0,0.0,30.0,0.0,78.30499999999999,67.60333333333334,18.16,2.72
8361,2091,113.96,18.078217,11.921783,56.476181,0.0,6.156434,6.156434,23.843566,0.0,38.81333333333333,77.86,18.16,2.72
8362,2091,125.1,18.078217,11.921783,61.148521,0.0,6.156434,6.156434,23.843566,0.0,0.0,20.659999999999997,18.16,2.72
8363,2091,121.12,18.078217,11.921783,65.820861,0.0,6.156434,6.156434,23.843566,0.0,89.1175,34.92666666666668,18.16,2.72
8364,2091,108.21,18.078217,11.921783,70.493202,0.0,6.156434,6.156434,23.843566,0.0,100.13333333333334,87.17666666666666,18.16,2.72
8365,2092,103.2,15.0,15.0,68.935755,0.0,0.0,0.0,30.0,0.0,99.78,47.74,18.16,2.72
8366,2092,102.96,15.0,15.0,67.378308,0.0,0.0,0.0,30.0,0.0,73.51,42.7675,18.16,2.72
8367,2092,96.63,15.0,15.0,65.820861,0.0,0.0,0.0,30.0,0.0,34.455,64.22,18.16,2.72
8368,2092,100.1,15.0,15.0,64.263415,0.0,0.0,0.0,30.0,0.0,0.0,55.07,18.16,2.72
8369,2093,105.67,16.539108,13.460892,65.820861,26.921783,30.0,3.0782169999999986,26.921783,0.0,391.2125,68.0,18.16,2.72
8370,2093,120.0,16.539108,13.460892,67.378308,0.0,3.078217,3.078217,26.921783,0.0,100.48,54.65,18.16,2.72
8371,2093,113.37,16.539108,13.460892,68.935755,0.0,3.078217,3.078217,26.921783,0.0,37.14333333333333,44.92666666666667,18.16,2.72
8372,2093,90.1,16.539108,13.460892,70.493202,0.0,3.078217,3.078217,26.921783,0.0,0.0,39.5875,18.16,2.72
8373,2094,93.2,15.769554,14.230446,70.493202,28.460892,30.0,1.5391079999999988,28.460892,0.0,85.29333333333332,56.3525,18.36,3.22
8374,2094,89.62,15.769554,14.230446,70.493202,0.0,1.5391085,1.5391085,28.460892,0.0,34.254999999999995,54.06,18.36,3.22
8375,2094,81.88,15.769554,14.230446,70.493202,0.0,1.5391085,1.5391085,28.460892,0.0,11.58,47.055,18.36,3.22
8376,2094,80.2,15.769554,14.230446,70.493202,0.0,1.5391085,1.5391085,28.460892,0.0,35.84,14.55,18.36,3.22
8377,2095,95.0,15.769554,14.230446,70.493202,0.0,1.5391085,1.5391085,28.460892,0.0,108.73,-27.4225,18.56,3.72
8378,2095,87.3,15.769554,14.230446,70.493202,0.0,1.5391085,1.5391085,28.460892,0.0,0.0,-17.1675,18.56,3.72
8379,2095,78.16,15.769554,14.230446,70.493202,0.0,1.5391085,1.5391085,28.460892,0.0,69.27250000000001,57.295,18.56,3.72
8380,2095,71.0,15.769554,14.230446,70.493202,0.0,1.5391085,1.5391085,28.460892,0.0,6.2700000000000005,-17.295,18.56,3.72
8381,2096,55.88,15.0,15.0,68.935755,0.0,0.0,0.0,30.0,0.0,7.916666666666668,-10.6325,18.56,3.72
8382,2096,53.69,15.0,15.0,67.378308,0.0,0.0,0.0,30.0,0.0,101.42,21.75,18.56,3.72
8383,2096,46.81,15.0,15.0,65.820861,0.0,0.0,0.0,30.0,0.0,29.169999999999995,5.696666666666665,18.56,3.72
8384,2096,55.33,15.0,15.0,64.263415,0.0,0.0,0.0,30.0,0.0,65.04666666666667,26.0,18.56,3.72
8385,2097,66.21,15.0,15.0,62.705968,0.0,0.0,0.0,30.0,0.0,0.0,23.737499999999997,18.56,3.72
8386,2097,70.65,15.0,15.0,61.148521,0.0,0.0,0.0,30.0,0.0,80.02,24.1875,18.56,3.72
8387,2097,70.1,15.0,15.0,59.591074,0.0,0.0,0.0,30.0,0.0,11.235,-27.087500000000006,18.56,3.72
8388,2097,64.98,15.0,15.0,58.033627,0.0,0.0,0.0,30.0,0.0,32.0875,-19.1,18.56,3.72
8389,2098,70.31,15.0,15.0,56.476181,0.0,0.0,0.0,30.0,0.0,97.11749999999999,25.43333333333333,18.56,3.72
8390,2098,80.1,15.0,15.0,54.918734,0.0,0.0,0.0,30.0,0.0,35.1525,-20.995,18.56,3.72
8391,2098,80.22,15.0,15.0,53.361287,0.0,0.0,0.0,30.0,0.0,55.9625,16.0325,18.56,3.72
8392,2098,83.0,15.0,15.0,51.80384,0.0,0.0,0.0,30.0,0.0,112.01666666666667,-4.726666666666667,18.56,3.72
8393,2099,80.1,18.078217,11.921783,56.476181,0.0,6.156434,6.156434,23.843566,0.0,63.11,-9.7925,18.56,3.72
8394,2099,90.17,18.078217,11.921783,61.148521,0.0,6.156434,6.156434,23.843566,0.0,0.0,-9.48,18.56,3.72
8395,2099,80.0,18.078217,11.921783,65.820861,0.0,6.156434,6.156434,23.843566,0.0,110.98,-4.1033333333333335,18.56,3.72
8396,2099,73.0,18.078217,11.921783,70.493202,0.0,6.156434,6.156434,23.843566,0.0,27.7,-8.605,18.56,3.72
8397,2100,77.92,15.0,15.0,68.935755,0.0,0.0,0.0,30.0,0.0,65.97666666666666,-7.4675,25.16,3.12
8398,2100,40.52,15.0,15.0,67.378308,0.0,0.0,0.0,30.0,0.0,86.51333333333334,-17.9675,25.16,3.12
8399,2100,10.86,15.0,15.0,65.820861,30.0,30.0,0.0,30.0,0.0,11.23,-28.7975,25.16,3.12
8400,2100,2.29,15.0,15.0,64.263415,30.0,30.0,0.0,30.0,0.0,86.705,-53.25,25.16,3.12
8401,2101,0.09,9.0590765,20.940923,50.68255,11.881847,0.0,-11.881847,18.118153,0.0,40.067499999999995,-69.19749999999999,31.76,2.52
8402,2101,0.1,9.0590765,20.940923,37.101685,11.881847,0.0,-11.881847,18.118153,0.0,58.209999999999994,-69.43,31.76,2.52
8403,2101,0.05,9.0590765,20.940923,23.52082,30.0,18.118153,-11.881847,18.118153,0.0,34.905,-45.905,31.76,2.52
8404,2101,0.0,9.0590765,20.940923,9.9399558,11.881847,0.0,-11.881847,18.118153,0.0,45.84,-25.862499999999997,31.76,2.52
8405,2102,0.46,15.0,15.0,8.3825089,0.0,0.0,0.0,30.0,0.0,114.55,10.552500000000002,31.76,2.52
8406,2102,1.38,15.0,15.0,6.8250621,30.0,30.0,0.0,30.0,0.0,34.834999999999994,-85.995,31.76,2.52
8407,2102,7.73,15.0,15.0,5.2676153,0.0,0.0,0.0,30.0,0.0,13.36,-90.83249999999998,31.76,2.52
8408,2102,50.0,15.0,15.0,3.7101685,0.0,0.0,0.0,30.0,0.0,11.23,56.596666666666664,31.76,2.52
8409,2103,107.9,24.01914,5.9808595,20.405927,0.0,18.038281,18.038281,11.961719,0.0,11.23,40.74666666666666,31.76,2.52
8410,2103,109.0,24.01914,5.9808595,37.101685,11.961719,30.0,18.038280999999998,11.961719,0.0,22.807499999999997,84.02,31.76,2.52
8411,2103,100.1,24.01914,5.9808595,53.797444,0.0,18.038281,18.038281,11.961719,0.0,32.885000000000005,0.0,31.76,2.52
8412,2103,97.58,24.01914,5.9808595,70.493202,0.0,18.038281,18.038281,11.961719,0.0,1.52,0.0,31.76,2.52
8413,2104,93.09,15.0,15.0,68.935755,0.0,0.0,0.0,30.0,0.0,1.24,84.02,31.76,2.52
8414,2104,81.7,15.0,15.0,67.378308,0.0,0.0,0.0,30.0,0.0,0.7566666666666666,41.2925,31.76,2.52
8415,2104,80.1,15.0,15.0,65.820861,0.0,0.0,0.0,30.0,0.0,37.16333333333334,-14.467499999999998,31.76,2.52
8416,2104,95.95,15.0,15.0,64.263415,0.0,0.0,0.0,30.0,0.0,7.4975000000000005,-5.19,31.76,2.52
8417,2105,101.11,16.539108,13.460892,65.820861,0.0,3.078217,3.078217,26.921783,0.0,57.184999999999995,-6.65,31.76,2.52
8418,2105,115.14,16.539108,13.460892,67.378308,26.921783,30.0,3.0782169999999986,26.921783,0.0,110.74,0.7249999999999996,31.76,2.52
8419,2105,89.9,16.539108,13.460892,68.935755,0.0,3.078217,3.078217,26.921783,0.0,0.56,3.5274999999999994,31.76,2.52
8420,2105,75.0,16.539108,13.460892,70.493202,0.0,3.078217,3.078217,26.921783,0.0,30.0775,50.010000000000005,31.76,2.52
8421,2106,77.99,15.0,15.0,68.935755,0.0,0.0,0.0,30.0,0.0,59.603333333333325,-3.69,27.44,2.7800000000000002
8422,2106,70.1,15.0,15.0,67.378308,0.0,0.0,0.0,30.0,0.0,21.930000000000003,-8.77,27.44,2.7800000000000002
8423,2106,57.0,15.0,15.0,65.820861,0.0,0.0,0.0,30.0,0.0,211.905,-26.815,27.44,2.7800000000000002
8424,2106,17.61,15.0,15.0,64.263415,0.0,0.0,0.0,30.0,0.0,8.495000000000001,-33.275000000000006,27.44,2.7800000000000002
8425,2107,40.55,8.2895223,21.710478,49.125103,13.420955,0.0,-13.420955,16.579045,0.0,73.82,-32.92333333333333,23.12,3.04
8426,2107,22.75,8.2895223,21.710478,33.986792,13.420955,0.0,-13.420955,16.579045,0.0,87.3425,-30.4775,23.12,3.04
8427,2107,19.75,8.2895223,21.710478,18.84848,13.420955,0.0,-13.420955,16.579045,0.0,62.10249999999999,-57.1,23.12,3.04
8428,2107,25.72,8.2895223,21.710478,3.7101685,13.420955,0.0,-13.420955,16.579045,0.0,29.410000000000004,-25.75,23.12,3.04
8429,2108,66.9,15.769554,14.230446,3.7101685,0.0,1.5391085,1.5391085,28.460892,0.0,43.029999999999994,-27.1325,23.12,3.04
8430,2108,66.9,15.769554,14.230446,3.7101685,0.0,1.5391085,1.5391085,28.460892,0.0,6.325,-3.4349999999999987,23.12,3.04
8431,2108,104.95,15.769554,14.230446,3.7101685,0.0,1.5391085,1.5391085,28.460892,0.0,7.66,-43.08,23.12,3.04
8432,2108,105.68,15.769554,14.230446,3.7101685,0.0,1.5391085,1.5391085,28.460892,0.0,0.0,-0.8275000000000006,23.12,3.04
8433,2109,116.18,15.769554,14.230446,3.7101685,28.460892,30.0,1.5391079999999988,28.460892,0.0,56.022499999999994,86.56333333333333,23.12,3.04
8434,2109,111.34,15.769554,14.230446,3.7101685,0.0,1.5391085,1.5391085,28.460892,0.0,105.0025,0.0,23.12,3.04
8435,2109,108.0,15.769554,14.230446,3.7101685,0.0,1.5391085,1.5391085,28.460892,0.0,38.7025,0.0,23.12,3.04
8436,2109,102.4,15.769554,14.230446,3.7101685,0.0,1.5391085,1.5391085,28.460892,0.0,90.07,69.785,23.12,3.04
8437,2110,102.73,15.769554,14.230446,3.7101685,0.0,1.5391085,1.5391085,28.460892,0.0,0.0,74.235,23.12,3.04
8438,2110,106.21,15.769554,14.230446,3.7101685,0.0,1.5391085,1.5391085,28.460892,0.0,0.0,78.565,23.12,3.04
8439,2110,109.59,15.769554,14.230446,3.7101685,0.0,1.5391085,1.5391085,28.460892,0.0,0.0,74.565,23.12,3.04
8440,2110,116.07,15.769554,14.230446,3.7101685,0.0,1.5391085,1.5391085,28.460892,0.0,0.0,48.975,23.12,3.04
8441,2111,116.99,24.01914,5.9808595,20.405927,11.961719,30.0,18.038280999999998,11.961719,0.0,95.63,74.35499999999999,23.12,3.04
8442,2111,127.33,24.01914,5.9808595,37.101685,0.0,18.038281,18.038281,11.961719,0.0,469.96333333333325,85.80333333333333,23.12,3.04
8443,2111,122.07,24.01914,5.9808595,53.797444,0.0,18.038281,18.038281,11.961719,0.0,10.36,68.60249999999999,23.12,3.04
8444,2111,108.1,24.01914,5.9808595,70.493202,0.0,18.038281,18.038281,11.961719,0.0,64.81666666666668,44.46666666666667,23.12,3.04
8445,2112,99.21,15.769554,14.230446,70.493202,0.0,1.5391085,1.5391085,28.460892,0.0,97.67666666666668,12.746666666666666,23.8,3.82
8446,2112,95.84,15.769554,14.230446,70.493202,0.0,1.5391085,1.5391085,28.460892,0.0,39.056666666666665,-16.532500000000006,23.8,3.82
8447,2112,92.31,15.769554,14.230446,70.493202,0.0,1.5391085,1.5391085,28.460892,0.0,92.47,-6.405000000000001,23.8,3.82
8448,2112,71.2,15.769554,14.230446,70.493202,0.0,1.5391085,1.5391085,28.460892,0.0,10.86,-16.385000000000005,23.8,3.82
8449,2113,68.71,15.0,15.0,68.935755,0.0,0.0,0.0,30.0,0.0,0.0,-6.25,24.48,4.6
8450,2113,52.12,15.0,15.0,67.378308,0.0,0.0,0.0,30.0,0.0,24.244999999999997,15.987499999999999,24.48,4.6
8451,2113,45.7,15.0,15.0,65.820861,0.0,0.0,0.0,30.0,0.0,55.195,-37.839999999999996,24.48,4.6
8452,2113,40.0,15.0,15.0,64.263415,0.0,0.0,0.0,30.0,0.0,65.53,-29.685000000000002,24.48,4.6
8453,2114,26.22,15.0,15.0,62.705968,0.0,0.0,0.0,30.0,0.0,86.195,-39.4275,24.48,4.6
8454,2114,32.67,15.0,15.0,61.148521,0.0,0.0,0.0,30.0,0.0,42.13333333333333,-57.0,24.48,4.6
8455,2114,45.94,15.0,15.0,59.591074,0.0,0.0,0.0,30.0,0.0,57.775,-27.4,24.48,4.6
8456,2114,57.34,15.0,15.0,58.033627,0.0,0.0,0.0,30.0,0.0,9.665,-10.6,24.48,4.6
8457,2115,77.58,15.0,15.0,56.476181,0.0,0.0,0.0,30.0,0.0,35.097500000000004,0.0,24.48,4.6
8458,2115,76.69,15.0,15.0,54.918734,0.0,0.0,0.0,30.0,0.0,54.92,0.0,24.48,4.6
8459,2115,68.62,15.0,15.0,53.361287,0.0,0.0,0.0,30.0,0.0,53.16,-24.31,24.48,4.6
8460,2115,67.12,15.0,15.0,51.80384,0.0,0.0,0.0,30.0,0.0,33.035,-24.035,24.48,4.6
8461,2116,70.48,15.0,15.0,50.246393,0.0,0.0,0.0,30.0,0.0,78.825,-37.0,24.48,4.6
8462,2116,70.0,15.0,15.0,48.688947,0.0,0.0,0.0,30.0,0.0,25.585,-0.865000000000002,24.48,4.6
8463,2116,70.0,15.0,15.0,47.1315,0.0,0.0,0.0,30.0,0.0,67.41499999999999,-42.345,24.48,4.6
8464,2116,73.08,15.0,15.0,45.574053,0.0,0.0,0.0,30.0,0.0,1.0,-17.345,24.48,4.6
8465,2117,78.69,18.847771,11.152229,51.80384,0.0,7.6955425,7.6955425,22.304458,0.0,40.75666666666667,-0.2950000000000004,24.48,4.6
8466,2117,94.46,18.847771,11.152229,58.033627,0.0,7.6955425,7.6955425,22.304458,0.0,1.0,-0.7,24.48,4.6
8467,2117,89.9,18.847771,11.152229,64.263415,0.0,7.6955425,7.6955425,22.304458,0.0,26.545,-4.5,24.48,4.6
8468,2117,85.2,18.847771,11.152229,70.493202,0.0,7.6955425,7.6955425,22.304458,0.0,79.07,-5.223333333333333,24.48,4.6
8469,2118,77.31,15.0,15.0,68.935755,0.0,0.0,0.0,30.0,0.0,0.0,-21.7975,24.880000000000003,5.34
8470,2118,64.9,15.0,15.0,67.378308,0.0,0.0,0.0,30.0,0.0,0.0,-32.1775,24.880000000000003,5.34
8471,2118,45.1,15.0,15.0,65.820861,0.0,0.0,0.0,30.0,0.0,75.07,-59.2975,24.880000000000003,5.34
8472,2118,23.58,15.0,15.0,64.263415,30.0,30.0,0.0,30.0,0.0,0.0,-27.275,24.880000000000003,5.34
8473,2119,13.66,9.4438536,20.556146,51.461273,11.112293,0.0,-11.112293,18.887707,0.0,84.22,-26.752499999999998,25.28,6.08
8474,2119,14.41,9.4438536,20.556146,38.659132,11.112293,0.0,-11.112293,18.887707,0.0,45.07,-34.0,25.28,6.08
8475,2119,5.69,9.4438536,20.556146,25.856991,30.0,18.887707,-11.112293000000001,18.887707,0.0,30.8675,-31.5,25.28,6.08
8476,2119,1.6,9.4438536,20.556146,13.054849,11.112293,0.0,-11.112293,18.887707,0.0,46.0325,-17.116666666666667,25.28,6.08
8477,2120,0.26,14.230446,15.769554,9.9399558,30.0,28.460892,-1.5391079999999988,28.460892,0.0,30.0875,-53.835,25.28,6.08
8478,2120,0.06,14.230446,15.769554,6.8250621,30.0,28.460892,-1.5391079999999988,28.460892,0.0,5.046666666666667,-67.16333333333334,25.28,6.08
8479,2120,7.01,14.230446,15.769554,3.7101685,30.0,28.460892,-1.5391079999999988,28.460892,0.0,5.886666666666667,-77.245,25.28,6.08
8480,2120,55.78,15.769554,14.230446,3.7101685,0.0,1.5391085,1.5391085,28.460892,0.0,3.8325000000000005,-43.082499999999996,25.28,6.08
8481,2121,92.15,16.539108,13.460892,5.2676153,0.0,3.078217,3.078217,26.921783,0.0,0.0,30.0625,25.28,6.08
8482,2121,131.1,16.539108,13.460892,6.8250621,0.0,3.078217,3.078217,26.921783,0.0,69.865,27.0,25.28,6.08
8483,2121,110.9,16.539108,13.460892,8.3825089,0.0,3.078217,3.078217,26.921783,0.0,45.5775,-1.6750000000000007,25.28,6.08
8484,2121,96.0,16.539108,13.460892,9.9399558,0.0,3.078217,3.078217,26.921783,0.0,101.82,-40.837500000000006,25.28,6.08
8485,2122,80.1,15.0,15.0,8.3825089,0.0,0.0,0.0,30.0,0.0,44.43,-16.2025,25.28,6.08
8486,2122,77.0,15.0,15.0,6.8250621,0.0,0.0,0.0,30.0,0.0,498.76250000000005,-8.496666666666666,25.28,6.08
8487,2122,80.03,15.0,15.0,5.2676153,0.0,0.0,0.0,30.0,0.0,38.55666666666667,0.0,25.28,6.08
8488,2122,90.0,15.0,15.0,3.7101685,0.0,0.0,0.0,30.0,0.0,30.427500000000002,-2.469999999999999,25.28,6.08
8489,2123,110.9,26.769003,3.2309975,25.97118,0.0,23.538005,23.538005,6.4619949,0.0,11.09,-0.45250000000000057,25.28,6.08
8490,2123,147.8,26.769003,3.2309975,48.232191,0.0,23.538005,23.538005,6.4619949,0.0,0.0,31.3,25.28,6.08
8491,2123,129.99,26.769003,3.2309975,70.493202,0.0,23.538005,23.538005,6.4619949,0.0,103.835,42.114999999999995,25.28,6.08
8492,2123,91.54,15.769554,14.230446,70.493202,0.0,1.5391085,1.5391085,6.4619949,0.0,84.8225,0.0,25.28,6.08
8493,2124,85.29,15.0,15.0,68.935755,0.0,0.0,0.0,30.0,0.0,935.535,-6.029999999999999,24.36,6.46
8494,2124,79.07,15.0,15.0,67.378308,0.0,0.0,0.0,30.0,0.0,55.845,42.21,24.36,6.46
8495,2124,79.05,15.0,15.0,65.820861,0.0,0.0,0.0,30.0,0.0,39.483333333333334,-6.84,24.36,6.46
8496,2124,64.9,15.0,15.0,64.263415,0.0,0.0,0.0,30.0,0.0,28.349999999999998,-8.91,24.36,6.46
8497,2125,48.65,9.0590765,20.940923,50.68255,11.881847,0.0,-11.881847,18.118153,0.0,27.332500000000003,-13.986666666666666,23.44,6.84
8498,2125,32.4,9.0590765,20.940923,37.101685,11.881847,0.0,-11.881847,18.118153,0.0,1.28,-11.77,23.44,6.84
8499,2125,17.52,9.0590765,20.940923,23.52082,30.0,18.118153,-11.881847,18.118153,0.0,1.27,0.0,23.44,6.84
8500,2125,18.14,9.0590765,20.940923,9.9399558,11.881847,0.0,-11.881847,18.118153,0.0,51.3525,10.313333333333336,23.44,6.84
8501,2126,23.6,14.230446,15.769554,6.8250621,1.5391085,0.0,-1.5391085,28.460892,0.0,509.45,-35.166666666666664,23.44,6.84
8502,2126,48.98,14.230446,15.769554,3.7101685,1.5391085,0.0,-1.5391085,28.460892,0.0,1.27,-27.225,23.44,6.84
8503,2126,74.92,15.769554,14.230446,3.7101685,28.460892,30.0,1.5391079999999988,28.460892,0.0,1.2850000000000001,56.265,23.44,6.84
8504,2126,118.0,15.769554,14.230446,3.7101685,0.0,1.5391085,1.5391085,28.460892,0.0,25.786666666666665,67.8925,23.44,6.84
8505,2127,169.0,26.769003,3.2309975,25.97118,0.0,23.538005,23.538005,6.4619949,0.0,0.0,57.8,23.44,6.84
8506,2127,150.03,26.769003,3.2309975,48.232191,0.0,23.538005,23.538005,6.4619949,0.0,0.0,-136.72,23.44,6.84
8507,2127,122.92,26.769003,3.2309975,70.493202,6.4619949,30.0,23.5380051,6.4619949,0.0,101.05,-14.599999999999998,23.44,6.84
8508,2127,97.87,15.769554,14.230446,70.493202,0.0,1.5391085,1.5391085,6.4619949,0.0,86.28333333333333,27.42,23.44,6.84
8509,2128,87.97,15.0,15.0,68.935755,0.0,0.0,0.0,30.0,0.0,0.0,7.222499999999997,23.44,6.84
8510,2128,84.28,15.0,15.0,67.378308,0.0,0.0,0.0,30.0,0.0,1.025,35.925000000000004,23.44,6.84
8511,2128,88.76,15.0,15.0,65.820861,0.0,0.0,0.0,30.0,0.0,45.07,24.839999999999996,23.44,6.84
8512,2128,99.38,15.0,15.0,64.263415,0.0,0.0,0.0,30.0,0.0,0.0,41.5325,23.44,6.84
8513,2129,105.58,16.539108,13.460892,65.820861,0.0,3.078217,3.078217,26.921783,0.0,0.0,13.877499999999998,23.44,6.84
8514,2129,110.14,16.539108,13.460892,67.378308,0.0,3.078217,3.078217,26.921783,0.0,1.26,39.08,23.44,6.84
8515,2129,101.72,16.539108,13.460892,68.935755,0.0,3.078217,3.078217,26.921783,0.0,50.093333333333334,-7.809999999999999,23.44,6.84
8516,2129,99.33,16.539108,13.460892,70.493202,0.0,3.078217,3.078217,26.921783,0.0,25.674999999999997,-0.4,23.44,6.84
8517,2130,90.34,15.769554,14.230446,70.493202,0.0,1.5391085,1.5391085,28.460892,0.0,42.99999999999999,-11.8125,21.380000000000003,8.12
8518,2130,72.44,15.769554,14.230446,70.493202,0.0,1.5391085,1.5391085,28.460892,0.0,21.55,-1.2300000000000004,21.380000000000003,8.12
8519,2130,70.42,15.769554,14.230446,70.493202,0.0,1.5391085,1.5391085,28.460892,0.0,52.835,-21.52,21.380000000000003,8.12
8520,2130,58.33,15.769554,14.230446,70.493202,0.0,1.5391085,1.5391085,28.460892,0.0,0.0,-26.8575,21.380000000000003,8.12
8521,2131,28.81,15.0,15.0,68.935755,30.0,30.0,0.0,30.0,0.0,37.18,-5.0,19.32,9.4
8522,2131,24.51,15.0,15.0,67.378308,30.0,30.0,0.0,30.0,0.0,45.07,-20.1675,19.32,9.4
8523,2131,24.26,15.0,15.0,65.820861,30.0,30.0,0.0,30.0,0.0,0.98,-22.792499999999997,19.32,9.4
8524,2131,19.41,15.0,15.0,64.263415,30.0,30.0,0.0,30.0,0.0,1.0,-10.0,19.32,9.4
8525,2132,18.11,15.0,15.0,62.705968,0.0,0.0,0.0,30.0,0.0,23.005000000000003,-6.69,19.32,9.4
8526,2132,26.16,15.0,15.0,61.148521,0.0,0.0,0.0,30.0,0.0,83.82,-22.445,19.32,9.4
8527,2132,41.73,15.0,15.0,59.591074,0.0,0.0,0.0,30.0,0.0,0.0,-43.1,19.32,9.4
8528,2132,40.6,15.0,15.0,58.033627,0.0,0.0,0.0,30.0,0.0,65.07,-16.8175,19.32,9.4
8529,2133,51.65,17.308663,12.691337,61.148521,0.0,4.6173255,4.6173255,25.382675,0.0,94.00999999999999,21.303333333333335,19.32,9.4
8530,2133,61.92,17.308663,12.691337,64.263415,0.0,4.6173255,4.6173255,25.382675,0.0,0.0,-16.125,19.32,9.4
8531,2133,56.0,17.308663,12.691337,67.378308,0.0,4.6173255,4.6173255,25.382675,0.0,0.0,-26.08,19.32,9.4
8532,2133,40.52,17.308663,12.691337,70.493202,0.0,4.6173255,4.6173255,25.382675,0.0,50.9825,-6.94,19.32,9.4
8533,2134,34.64,15.0,15.0,68.935755,0.0,0.0,0.0,30.0,0.0,19.529999999999998,68.345,19.32,9.4
8534,2134,31.44,15.0,15.0,67.378308,0.0,0.0,0.0,30.0,0.0,44.9,-4.29,19.32,9.4
8535,2134,28.45,15.0,15.0,65.820861,0.0,0.0,0.0,30.0,0.0,50.7075,-1.145,19.32,9.4
8536,2134,31.09,15.0,15.0,64.263415,0.0,0.0,0.0,30.0,0.0,33.74666666666667,-20.209999999999997,19.32,9.4
8537,2135,32.56,16.539108,13.460892,65.820861,26.921783,30.0,3.0782169999999986,26.921783,0.0,50.169999999999995,-30.33,19.32,9.4
8538,2135,49.9,16.539108,13.460892,67.378308,0.0,3.078217,3.078217,26.921783,0.0,17.5525,19.689999999999998,19.32,9.4
8539,2135,60.1,16.539108,13.460892,68.935755,0.0,3.078217,3.078217,26.921783,0.0,0.885,10.325,19.32,9.4
8540,2135,55.0,16.539108,13.460892,70.493202,0.0,3.078217,3.078217,26.921783,0.0,71.59,20.626666666666665,19.32,9.4
8541,2136,28.04,15.0,15.0,68.935755,0.0,0.0,0.0,30.0,0.0,18.836666666666666,-9.780000000000001,20.14,9.4
8542,2136,9.41,15.0,15.0,67.378308,0.0,0.0,0.0,30.0,0.0,39.082499999999996,-6.666666666666667,20.14,9.4
8543,2136,7.36,15.0,15.0,65.820861,30.0,30.0,0.0,30.0,0.0,35.12,-30.0,20.14,9.4
8544,2136,3.98,15.0,15.0,64.263415,0.0,0.0,0.0,30.0,0.0,95.07,-36.2175,20.14,9.4
8545,2137,2.7,15.0,15.0,62.705968,30.0,30.0,0.0,30.0,0.0,58.9625,-6.182500000000001,20.96,9.4
8546,2137,1.61,15.0,15.0,61.148521,30.0,30.0,0.0,30.0,0.0,38.785000000000004,-1.716666666666665,20.96,9.4
8547,2137,0.0,15.0,15.0,59.591074,0.0,0.0,0.0,30.0,0.0,24.072499999999998,-15.35,20.96,9.4
8548,2137,-0.74,15.0,15.0,58.033627,30.0,30.0,0.0,30.0,0.0,52.14666666666666,2.844999999999999,20.96,9.4
8549,2138,-2.0,10.598185,19.401815,47.567656,8.80363,0.0,-8.80363,21.19637,0.0,58.48,-35.379999999999995,20.96,9.4
8550,2138,-1.24,10.598185,19.401815,37.101685,30.0,21.19637,-8.803629999999998,21.19637,0.0,57.57666666666667,-8.8725,20.96,9.4
8551,2138,-0.66,10.598185,19.401815,26.635714,30.0,21.19637,-8.803629999999998,21.19637,0.0,64.675,-14.08,20.96,9.4
8552,2138,2.29,10.598185,19.401815,16.169743,30.0,21.19637,-8.803629999999998,21.19637,0.0,85.17,-34.235,20.96,9.4
8553,2139,6.45,15.0,15.0,14.612296,30.0,30.0,0.0,30.0,0.0,43.535,-42.0,20.96,9.4
8554,2139,22.41,15.0,15.0,13.054849,0.0,0.0,0.0,30.0,0.0,44.20333333333333,-13.045,20.96,9.4
8555,2139,20.66,15.0,15.0,11.497403,0.0,0.0,0.0,30.0,0.0,45.07,0.0,20.96,9.4
8556,2139,23.54,15.0,15.0,9.9399558,0.0,0.0,0.0,30.0,0.0,51.31,10.966666666666669,20.96,9.4
8557,2140,22.62,15.0,15.0,8.3825089,0.0,0.0,0.0,30.0,0.0,70.07,1.48,20.96,9.4
8558,2140,22.55,15.0,15.0,6.8250621,0.0,0.0,0.0,30.0,0.0,49.21333333333333,-7.083333333333334,20.96,9.4
8559,2140,28.07,15.0,15.0,5.2676153,0.0,0.0,0.0,30.0,0.0,74.585,0.0,20.96,9.4
8560,2140,41.77,15.0,15.0,3.7101685,0.0,0.0,0.0,30.0,0.0,47.010000000000005,0.0,20.96,9.4
8561,2141,59.9,19.617325,10.382675,11.497403,0.0,9.234651,9.234651,20.765349,0.0,60.5175,0.0,20.96,9.4
8562,2141,92.3,19.617325,10.382675,19.284637,0.0,9.234651,9.234651,20.765349,0.0,45.07,16.25,20.96,9.4
8563,2141,86.2,19.617325,10.382675,27.071871,0.0,9.234651,9.234651,20.765349,0.0,27.842499999999998,-1.0,20.96,9.4
8564,2141,71.23,19.617325,10.382675,34.859105,0.0,9.234651,9.234651,20.765349,0.0,480.995,0.0,20.96,9.4
8565,2142,54.9,15.0,15.0,33.301658,0.0,0.0,0.0,30.0,0.0,44.175,-3.31,26.2,8.879999999999999
8566,2142,39.91,15.0,15.0,31.744211,0.0,0.0,0.0,30.0,0.0,495.525,-34.49,26.2,8.879999999999999
8567,2142,37.91,15.0,15.0,30.186764,0.0,0.0,0.0,30.0,0.0,1588.455,0.0,26.2,8.879999999999999
8568,2142,26.32,15.0,15.0,28.629317,0.0,0.0,0.0,30.0,0.0,965.1800000000001,0.0,26.2,8.879999999999999
8569,2143,19.37,15.0,15.0,27.071871,0.0,0.0,0.0,30.0,0.0,74.10249999999999,-15.7,31.44,8.36
8570,2143,13.26,15.0,15.0,25.514424,30.0,30.0,0.0,30.0,0.0,935.535,-69.0875,31.44,8.36
8571,2143,11.13,15.0,15.0,23.956977,0.0,0.0,0.0,30.0,0.0,77.67000000000002,-26.215,31.44,8.36
8572,2143,7.73,15.0,15.0,22.39953,30.0,30.0,0.0,30.0,0.0,56.373333333333335,23.325,31.44,8.36
8573,2144,6.4,15.0,15.0,20.842083,30.0,30.0,0.0,30.0,0.0,0.9925,-42.655,31.44,8.36
8574,2144,6.3,15.0,15.0,19.284637,30.0,30.0,0.0,30.0,0.0,66.56,-11.386666666666663,31.44,8.36
8575,2144,17.45,15.0,15.0,17.72719,0.0,0.0,0.0,30.0,0.0,4.9,-21.93,31.44,8.36
8576,2144,53.37,15.0,15.0,16.169743,0.0,0.0,0.0,30.0,0.0,9.2425,-34.29,31.44,8.36
8577,2145,66.94,15.0,15.0,14.612296,0.0,0.0,0.0,30.0,0.0,30.777500000000003,-6.0,31.44,8.36
8578,2145,67.36,15.0,15.0,13.054849,0.0,0.0,0.0,30.0,0.0,15.8,-27.73,31.44,8.36
8579,2145,56.0,15.0,15.0,11.497403,0.0,0.0,0.0,30.0,0.0,1870.07,-161.21749999999997,31.44,8.36
8580,2145,54.9,15.0,15.0,9.9399558,0.0,0.0,0.0,30.0,0.0,57.775,-2.94,31.44,8.36
8581,2146,56.97,15.0,15.0,8.3825089,0.0,0.0,0.0,30.0,0.0,8.785,0.0,31.44,8.36
8582,2146,57.7,15.0,15.0,6.8250621,0.0,0.0,0.0,30.0,0.0,3.8875,1.0,31.44,8.36
8583,2146,64.55,15.0,15.0,5.2676153,0.0,0.0,0.0,30.0,0.0,62.33,-40.0,31.44,8.36
8584,2146,76.34,15.0,15.0,3.7101685,0.0,0.0,0.0,30.0,0.0,33.335,19.802500000000002,31.44,8.36
8585,2147,117.27,24.01914,5.9808595,20.405927,0.0,18.038281,18.038281,11.961719,0.0,40.705,85.37,31.44,8.36
8586,2147,130.32,24.01914,5.9808595,37.101685,0.0,18.038281,18.038281,11.961719,0.0,0.0,58.205,31.44,8.36
8587,2147,129.9,24.01914,5.9808595,53.797444,0.0,18.038281,18.038281,11.961719,0.0,0.0,29.015,31.44,8.36
8588,2147,135.96,24.01914,5.9808595,70.493202,0.0,18.038281,18.038281,11.961719,0.0,29.696666666666665,40.64000000000001,31.44,8.36
8589,2148,145.8,15.0,15.0,68.935755,0.0,0.0,0.0,30.0,0.0,109.12,70.45666666666666,26.880000000000003,10.32
8590,2148,110.2,15.0,15.0,67.378308,0.0,0.0,0.0,30.0,0.0,47.276666666666664,69.25,26.880000000000003,10.32
8591,2148,105.82,15.0,15.0,65.820861,0.0,0.0,0.0,30.0,0.0,23.135,85.37,26.880000000000003,10.32
8592,2148,118.91,15.0,15.0,64.263415,0.0,0.0,0.0,30.0,0.0,18.43,0.0,26.880000000000003,10.32
8593,2149,86.03,15.0,15.0,62.705968,0.0,0.0,0.0,30.0,0.0,0.0,39.0,22.32,12.28
8594,2149,82.84,15.0,15.0,61.148521,0.0,0.0,0.0,30.0,0.0,75.82333333333332,41.0,22.32,12.28
8595,2149,81.89,15.0,15.0,59.591074,30.0,30.0,0.0,30.0,0.0,70.07,61.13666666666666,22.32,12.28
8596,2149,78.0,15.0,15.0,58.033627,0.0,0.0,0.0,30.0,0.0,66.72,81.41,22.32,12.28
8597,2150,78.78,15.0,15.0,56.476181,0.0,0.0,0.0,30.0,0.0,12.05,36.65,22.32,12.28
8598,2150,80.6,15.0,15.0,54.918734,0.0,0.0,0.0,30.0,0.0,30.302500000000002,49.515,22.32,12.28
8599,2150,85.07,15.0,15.0,53.361287,0.0,0.0,0.0,30.0,0.0,109.94,44.11,22.32,12.28
8600,2150,100.83,15.0,15.0,51.80384,0.0,0.0,0.0,30.0,0.0,24.667499999999997,84.0275,22.32,12.28
8601,2151,115.09,18.078217,11.921783,56.476181,0.0,6.156434,6.156434,23.843566,0.0,46.205,81.46,22.32,12.28
8602,2151,120.95,18.078217,11.921783,61.148521,0.0,6.156434,6.156434,23.843566,0.0,80.07,79.7175,22.32,12.28
8603,2151,120.0,18.078217,11.921783,65.820861,0.0,6.156434,6.156434,23.843566,0.0,0.0,34.5025,22.32,12.28
8604,2151,118.16,18.078217,11.921783,70.493202,0.0,6.156434,6.156434,23.843566,0.0,0.0,52.730000000000004,22.32,12.28
8605,2152,117.49,15.769554,14.230446,70.493202,0.0,1.5391085,1.5391085,28.460892,0.0,0.0,73.695,22.32,12.28
8606,2152,115.38,15.769554,14.230446,70.493202,0.0,1.5391085,1.5391085,28.460892,0.0,27.41749999999999,0.0,22.32,12.28
8607,2152,117.98,15.769554,14.230446,70.493202,0.0,1.5391085,1.5391085,28.460892,0.0,12.07,71.31,22.32,12.28
8608,2152,119.5,15.769554,14.230446,70.493202,0.0,1.5391085,1.5391085,28.460892,0.0,0.0,41.665,22.32,12.28
8609,2153,120.21,15.0,15.0,68.935755,0.0,0.0,0.0,30.0,0.0,0.0,76.75,22.32,12.28
8610,2153,118.0,15.0,15.0,67.378308,0.0,0.0,0.0,30.0,0.0,0.58,67.2675,22.32,12.28
8611,2153,110.98,15.0,15.0,65.820861,0.0,0.0,0.0,30.0,0.0,0.0,16.427500000000002,22.32,12.28
8612,2153,105.66,15.0,15.0,64.263415,0.0,0.0,0.0,30.0,0.0,0.0,29.130000000000003,22.32,12.28
8613,2154,102.56,15.0,15.0,62.705968,0.0,0.0,0.0,0.0,30.0,15.616666666666667,45.92,20.86,20.38
8614,2154,94.63,15.0,15.0,61.148521,0.0,0.0,0.0,0.0,30.0,0.7866666666666666,78.6,20.86,20.38
8615,2154,99.04,15.0,15.0,59.591074,0.0,0.0,0.0,0.0,30.0,0.58,58.205,20.86,20.38
8616,2154,90.0,15.0,15.0,58.033627,0.0,0.0,0.0,0.0,30.0,85.88,84.99333333333333,20.86,20.38
8617,2155,91.37,15.0,15.0,56.476181,0.0,0.0,0.0,0.0,30.0,101.36749999999999,89.10499999999999,19.4,28.48
8618,2155,86.44,15.0,15.0,54.918734,0.0,0.0,0.0,0.0,30.0,0.0,78.9275,19.4,28.48
8619,2155,85.07,15.0,15.0,53.361287,0.0,0.0,0.0,0.0,30.0,90.82,89.03999999999999,19.4,28.48
8620,2155,80.81,15.0,15.0,51.80384,0.0,0.0,0.0,0.0,30.0,65.07,89.15666666666667,19.4,28.48
8621,2156,75.99,15.0,15.0,50.246393,0.0,0.0,0.0,0.0,30.0,0.0,55.832499999999996,19.4,28.48
8622,2156,80.81,15.0,15.0,48.688947,0.0,0.0,0.0,0.0,30.0,0.0,82.945,19.4,28.48
8623,2156,83.01,15.0,15.0,47.1315,0.0,0.0,0.0,0.0,30.0,105.49249999999999,0.0,19.4,28.48
8624,2156,84.94,15.0,15.0,45.574053,0.0,0.0,0.0,0.0,30.0,109.5275,0.0,19.4,28.48
8625,2157,90.21,15.0,15.0,44.016606,0.0,0.0,0.0,0.0,30.0,60.50749999999999,0.0,19.4,28.48
8626,2157,99.24,15.0,15.0,42.459159,0.0,0.0,0.0,0.0,30.0,89.15750000000001,99.72,19.4,28.48
8627,2157,93.56,15.0,15.0,40.901712,0.0,0.0,0.0,0.0,30.0,70.9275,103.9,19.4,28.48
8628,2157,92.55,15.0,15.0,39.344266,0.0,0.0,0.0,0.0,30.0,0.0,43.4575,19.4,28.48
8629,2158,94.41,15.0,15.0,37.786819,0.0,0.0,0.0,0.0,30.0,0.0,43.755,19.4,28.48
8630,2158,91.03,15.0,15.0,36.229372,0.0,0.0,0.0,0.0,30.0,0.0,81.3775,19.4,28.48
8631,2158,99.17,15.0,15.0,34.671925,0.0,0.0,0.0,0.0,30.0,0.0,96.52,19.4,28.48
8632,2158,110.0,15.0,15.0,33.114478,0.0,0.0,0.0,0.0,30.0,0.0,77.9875,19.4,28.48
8633,2159,116.71,15.0,15.0,31.557032,0.0,0.0,0.0,0.0,30.0,0.0,93.295,19.4,28.48
8634,2159,120.52,15.0,15.0,29.999585,0.0,0.0,0.0,0.0,30.0,0.0,75.975,19.4,28.48
8635,2159,119.1,15.0,15.0,28.442138,30.0,30.0,0.0,0.0,30.0,0.0,62.81,19.4,28.48
8636,2159,118.0,15.0,15.0,26.884691,0.0,0.0,0.0,0.0,30.0,0.6,96.2525,19.4,28.48
8637,2160,118.32,15.0,15.0,25.327244,0.0,0.0,0.0,0.0,30.0,56.75999999999999,0.0,19.139999999999997,21.58
8638,2160,113.01,15.0,15.0,23.769798,0.0,0.0,0.0,0.0,30.0,45.709999999999994,0.0,19.139999999999997,21.58
8639,2160,114.07,15.0,15.0,22.212351,0.0,0.0,0.0,0.0,30.0,33.2675,0.0,19.139999999999997,21.58
8640,2160,104.63,15.0,15.0,20.654904,0.0,0.0,0.0,0.0,30.0,109.27,83.56666666666666,19.139999999999997,21.58
8641,2161,102.17,15.0,15.0,19.097457,30.0,30.0,0.0,30.0,0.0,111.73666666666666,87.5375,18.88,14.68
8642,2161,95.06,15.0,15.0,17.54001,0.0,0.0,0.0,30.0,0.0,81.29249999999999,89.88,18.88,14.68
8643,2161,94.61,15.0,15.0,15.982564,0.0,0.0,0.0,30.0,0.0,98.38499999999999,78.29666666666667,18.88,14.68
8644,2161,89.64,15.0,15.0,14.425117,0.0,0.0,0.0,30.0,0.0,0.0,78.77000000000001,18.88,14.68
8645,2162,90.87,15.0,15.0,12.86767,0.0,0.0,0.0,30.0,0.0,86.875,0.0,18.88,14.68
8646,2162,95.1,15.0,15.0,11.310223,0.0,0.0,0.0,30.0,0.0,110.3025,92.12,18.88,14.68
8647,2162,99.0,15.0,15.0,9.7527763,0.0,0.0,0.0,30.0,0.0,20.03,0.0,18.88,14.68
8648,2162,112.62,15.0,15.0,8.1953295,0.0,0.0,0.0,30.0,0.0,38.080000000000005,93.08500000000001,18.88,14.68
8649,2163,119.18,15.985065,14.014935,8.6314861,28.029871,30.0,1.970129,28.029871,0.0,95.94749999999999,0.0,18.88,14.68
8650,2163,118.23,15.985065,14.014935,9.0676426,0.0,1.9701295,1.9701295,28.029871,0.0,47.147499999999994,97.6,18.88,14.68
8651,2163,113.25,15.985065,14.014935,9.5037992,0.0,1.9701295,1.9701295,28.029871,0.0,31.437500000000004,0.0,18.88,14.68
8652,2163,106.01,15.985065,14.014935,9.9399558,28.029871,30.0,1.970129,28.029871,0.0,90.1475,0.0,18.88,14.68
8653,2164,107.71,15.0,15.0,8.3825089,0.0,0.0,0.0,30.0,0.0,80.7525,94.54,18.88,14.68
8654,2164,103.9,15.0,15.0,6.8250621,30.0,30.0,0.0,30.0,0.0,43.822500000000005,0.0,18.88,14.68
8655,2164,109.64,15.0,15.0,5.2676153,0.0,0.0,0.0,30.0,0.0,36.8625,0.0,18.88,14.68
8656,2164,120.75,15.0,15.0,3.7101685,0.0,0.0,0.0,30.0,0.0,84.2525,109.09,18.88,14.68
8657,2165,128.66,19.617325,10.382675,11.497403,0.0,9.234651,9.234651,20.765349,0.0,90.665,0.0,18.88,14.68
8658,2165,137.9,19.617325,10.382675,19.284637,0.0,9.234651,9.234651,20.765349,0.0,121.4025,0.0,18.88,14.68
8659,2165,138.05,19.617325,10.382675,27.071871,0.0,9.234651,9.234651,20.765349,0.0,79.26249999999999,0.0,18.88,14.68
8660,2165,135.71,19.617325,10.382675,34.859105,0.0,9.234651,9.234651,20.765349,0.0,74.3125,0.0,18.88,14.68
8661,2166,129.13,15.0,15.0,33.301658,0.0,0.0,0.0,30.0,0.0,47.17999999999999,0.0,19.52,10.580000000000002
8662,2166,120.85,15.0,15.0,31.744211,0.0,0.0,0.0,30.0,0.0,106.9675,0.0,19.52,10.580000000000002
8663,2166,123.5,15.0,15.0,30.186764,0.0,0.0,0.0,30.0,0.0,46.352500000000006,0.0,19.52,10.580000000000002
8664,2166,116.98,15.0,15.0,28.629317,0.0,0.0,0.0,30.0,0.0,34.885000000000005,0.0,19.52,10.580000000000002
8665,2167,106.79,15.0,15.0,27.071871,0.0,0.0,0.0,30.0,0.0,11.2325,0.0,20.16,6.48
8666,2167,101.52,15.0,15.0,25.514424,0.0,0.0,0.0,30.0,0.0,1.2925,88.58,20.16,6.48
8667,2167,101.03,15.0,15.0,23.956977,0.0,0.0,0.0,30.0,0.0,34.015,96.98,20.16,6.48
8668,2167,99.74,15.0,15.0,22.39953,0.0,0.0,0.0,30.0,0.0,64.075,0.0,20.16,6.48
8669,2168,99.58,15.0,15.0,20.842083,30.0,30.0,0.0,30.0,0.0,12.58,78.08,20.16,6.48
8670,2168,106.2,15.0,15.0,19.284637,0.0,0.0,0.0,30.0,0.0,0.0,81.6375,20.16,6.48
8671,2168,115.7,15.0,15.0,17.72719,0.0,0.0,0.0,30.0,0.0,106.31,75.9875,20.16,6.48
8672,2168,124.29,15.0,15.0,16.169743,0.0,0.0,0.0,30.0,0.0,64.96333333333332,83.785,20.16,6.48
8673,2169,131.85,15.0,15.0,14.612296,0.0,0.0,0.0,30.0,0.0,57.125,89.55,20.16,6.48
8674,2169,130.15,15.0,15.0,13.054849,0.0,0.0,0.0,30.0,0.0,1.4,75.27,20.16,6.48
8675,2169,120.1,15.0,15.0,11.497403,0.0,0.0,0.0,30.0,0.0,119.19,95.15,20.16,6.48
8676,2169,107.94,15.0,15.0,9.9399558,0.0,0.0,0.0,30.0,0.0,104.7475,95.0,20.16,6.48
8677,2170,107.81,15.0,15.0,8.3825089,0.0,0.0,0.0,30.0,0.0,107.52,93.10000000000001,20.16,6.48
8678,2170,107.94,15.0,15.0,6.8250621,0.0,0.0,0.0,30.0,0.0,106.33666666666666,97.73333333333333,20.16,6.48
8679,2170,120.12,15.0,15.0,5.2676153,0.0,0.0,0.0,30.0,0.0,64.30666666666666,98.135,20.16,6.48
8680,2170,133.64,15.0,15.0,3.7101685,0.0,0.0,0.0,30.0,0.0,59.42500000000001,0.0,20.16,6.48
8681,2171,144.21,24.01914,5.9808595,20.405927,0.0,18.038281,18.038281,11.961719,0.0,140.0225,0.0,20.16,6.48
8682,2171,151.55,24.01914,5.9808595,37.101685,0.0,18.038281,18.038281,11.961719,0.0,94.55500000000002,0.0,20.16,6.48
8683,2171,158.4,24.01914,5.9808595,53.797444,0.0,18.038281,18.038281,11.961719,0.0,178.37,0.0,20.16,6.48
8684,2171,146.43,24.01914,5.9808595,70.493202,0.0,18.038281,18.038281,11.961719,0.0,37.36750000000001,0.0,20.16,6.48
8685,2172,133.14,15.0,15.0,68.935755,0.0,0.0,0.0,30.0,0.0,1.2550000000000001,0.0,18.8,5.74
8686,2172,125.42,15.0,15.0,67.378308,0.0,0.0,0.0,30.0,0.0,150.215,0.0,18.8,5.74
8687,2172,126.76,15.0,15.0,65.820861,0.0,0.0,0.0,30.0,0.0,126.465,0.0,18.8,5.74
8688,2172,114.0,15.0,15.0,64.263415,0.0,0.0,0.0,30.0,0.0,1.25,92.47749999999999,18.8,5.74
8689,2173,126.4,15.0,15.0,62.705968,0.0,0.0,0.0,30.0,0.0,113.5,97.84,17.44,5.0
8690,2173,116.63,15.0,15.0,61.148521,0.0,0.0,0.0,30.0,0.0,85.3875,106.57,17.44,5.0
8691,2173,110.15,15.0,15.0,59.591074,0.0,0.0,0.0,30.0,0.0,103.41499999999999,0.0,17.44,5.0
8692,2173,105.92,15.0,15.0,58.033627,0.0,0.0,0.0,30.0,0.0,87.705,106.57,17.44,5.0
8693,2174,102.93,15.0,15.0,56.476181,0.0,0.0,0.0,30.0,0.0,108.825,0.0,17.44,5.0
8694,2174,105.58,15.0,15.0,54.918734,0.0,0.0,0.0,30.0,0.0,144.3125,0.0,17.44,5.0
8695,2174,109.71,15.0,15.0,53.361287,0.0,0.0,0.0,30.0,0.0,132.6725,0.0,17.44,5.0
8696,2174,124.24,15.0,15.0,51.80384,0.0,0.0,0.0,30.0,0.0,117.725,97.61,17.44,5.0
8697,2175,128.0,15.0,15.0,50.246393,30.0,30.0,0.0,30.0,0.0,0.0,90.67,17.44,5.0
8698,2175,128.3,15.0,15.0,48.688947,0.0,0.0,0.0,30.0,0.0,0.0,80.73,17.44,5.0
8699,2175,122.83,15.0,15.0,47.1315,0.0,0.0,0.0,30.0,0.0,100.91,100.90333333333332,17.44,5.0
8700,2175,113.4,15.0,15.0,45.574053,0.0,0.0,0.0,30.0,0.0,131.3475,0.0,17.44,5.0
8701,2176,108.97,15.0,15.0,44.016606,0.0,0.0,0.0,30.0,0.0,137.90333333333334,98.71,17.44,5.0
8702,2176,110.01,15.0,15.0,42.459159,0.0,0.0,0.0,30.0,0.0,163.59,0.0,17.44,5.0
8703,2176,117.24,15.0,15.0,40.901712,0.0,0.0,0.0,30.0,0.0,101.06500000000001,93.925,17.44,5.0
8704,2176,134.1,15.0,15.0,39.344266,0.0,0.0,0.0,30.0,0.0,134.06,76.1925,17.44,5.0
8705,2177,140.02,19.617325,10.382675,47.1315,0.0,9.234651,9.234651,20.765349,0.0,74.70333333333333,85.71333333333332,17.44,5.0
8706,2177,150.49,19.617325,10.382675,54.918734,0.0,9.234651,9.234651,20.765349,0.0,118.79500000000002,0.0,17.44,5.0
8707,2177,147.8,19.617325,10.382675,62.705968,0.0,9.234651,9.234651,20.765349,0.0,110.39,92.45,17.44,5.0
8708,2177,140.88,19.617325,10.382675,70.493202,0.0,9.234651,9.234651,20.765349,0.0,110.3375,0.0,17.44,5.0
8709,2178,129.59,15.0,15.0,68.935755,0.0,0.0,0.0,30.0,0.0,142.4525,90.57,16.759999999999998,5.0600000000000005
8710,2178,125.9,15.0,15.0,67.378308,0.0,0.0,0.0,30.0,0.0,0.0,91.745,16.759999999999998,5.0600000000000005
8711,2178,121.25,15.0,15.0,65.820861,0.0,0.0,0.0,30.0,0.0,133.4375,93.94333333333333,16.759999999999998,5.0600000000000005
8712,2178,115.0,15.0,15.0,64.263415,0.0,0.0,0.0,30.0,0.0,99.505,63.425,16.759999999999998,5.0600000000000005
8713,2179,127.39,15.0,15.0,62.705968,30.0,30.0,0.0,30.0,0.0,0.0,71.4325,16.08,5.12
8714,2179,114.09,15.0,15.0,61.148521,0.0,0.0,0.0,30.0,0.0,125.35249999999999,116.57,16.08,5.12
8715,2179,107.71,15.0,15.0,59.591074,0.0,0.0,0.0,30.0,0.0,124.1325,0.0,16.08,5.12
8716,2179,101.7,15.0,15.0,58.033627,0.0,0.0,0.0,30.0,0.0,116.61999999999999,111.57,16.08,5.12
8717,2180,97.73,15.0,15.0,56.476181,0.0,0.0,0.0,30.0,0.0,103.58333333333333,92.285,16.08,5.12
8718,2180,98.61,15.0,15.0,54.918734,0.0,0.0,0.0,30.0,0.0,53.235,0.0,16.08,5.12
8719,2180,98.16,15.0,15.0,53.361287,0.0,0.0,0.0,30.0,0.0,102.93249999999999,97.95,16.08,5.12
8720,2180,103.56,15.0,15.0,51.80384,0.0,0.0,0.0,30.0,0.0,198.68,65.4725,16.08,5.12
8721,2181,110.71,15.0,15.0,50.246393,0.0,0.0,0.0,30.0,0.0,0.0,47.405,16.08,5.12
8722,2181,118.17,15.0,15.0,48.688947,0.0,0.0,0.0,30.0,0.0,125.45,79.03,16.08,5.12
8723,2181,128.7,15.0,15.0,47.1315,0.0,0.0,0.0,30.0,0.0,39.515,86.83,16.08,5.12
8724,2181,121.2,15.0,15.0,45.574053,0.0,0.0,0.0,30.0,0.0,68.4075,0.0,16.08,5.12
8725,2182,122.77,15.0,15.0,44.016606,0.0,0.0,0.0,30.0,0.0,60.709999999999994,0.0,16.08,5.12
8726,2182,124.0,15.0,15.0,42.459159,0.0,0.0,0.0,30.0,0.0,117.15,0.0,16.08,5.12
8727,2182,128.7,15.0,15.0,40.901712,0.0,0.0,0.0,30.0,0.0,103.85,78.7125,16.08,5.12
8728,2182,120.01,15.0,15.0,39.344266,0.0,0.0,0.0,30.0,0.0,0.0,85.94,16.08,5.12
8729,2183,122.88,20.899916,9.1000841,49.727244,0.0,11.799832,11.799832,18.200168,0.0,108.16333333333333,99.585,16.08,5.12
8730,2183,144.93,20.899916,9.1000841,60.110223,0.0,11.799832,11.799832,18.200168,0.0,51.26333333333333,88.19,16.08,5.12
8731,2183,138.1,20.899916,9.1000841,70.493202,0.0,11.799832,11.799832,18.200168,0.0,0.0,87.3,16.08,5.12
8732,2183,109.9,15.769554,14.230446,70.493202,0.0,1.5391085,1.5391085,18.200168,0.0,93.5625,86.49,16.08,5.12
8733,2184,95.08,15.0,15.0,68.935755,0.0,0.0,0.0,30.0,0.0,1.2775,81.89,16.7,5.68
8734,2184,92.86,15.0,15.0,67.378308,0.0,0.0,0.0,30.0,0.0,67.4125,0.0,16.7,5.68
8735,2184,86.13,15.0,15.0,65.820861,0.0,0.0,0.0,30.0,0.0,60.46,60.739999999999995,16.7,5.68
8736,2184,73.73,15.0,15.0,64.263415,0.0,0.0,0.0,30.0,0.0,1.4500000000000002,-12.2,16.7,5.68
8737,2185,75.53,9.0590765,20.940923,50.68255,11.881847,0.0,-11.881847,18.118153,0.0,0.0,-11.35,17.32,6.24
8738,2185,76.2,9.0590765,20.940923,37.101685,11.881847,0.0,-11.881847,18.118153,0.0,125.88999999999999,-12.8675,17.32,6.24
8739,2185,65.2,9.0590765,20.940923,23.52082,11.881847,0.0,-11.881847,18.118153,0.0,120.97999999999999,-30.060000000000002,17.32,6.24
8740,2185,40.0,9.0590765,20.940923,9.9399558,30.0,18.118153,-11.881847,18.118153,0.0,80.9375,9.402499999999996,17.32,6.24
8741,2186,34.9,15.0,15.0,8.3825089,0.0,0.0,0.0,30.0,0.0,42.38333333333333,28.703333333333333,17.32,6.24
8742,2186,67.03,15.0,15.0,6.8250621,0.0,0.0,0.0,30.0,0.0,87.6925,16.65,17.32,6.24
8743,2186,73.63,15.0,15.0,5.2676153,0.0,0.0,0.0,30.0,0.0,86.47749999999999,39.876666666666665,17.32,6.24
8744,2186,81.56,15.0,15.0,3.7101685,0.0,0.0,0.0,30.0,0.0,112.32,14.0,17.32,6.24
8745,2187,108.3,16.539108,13.460892,5.2676153,0.0,3.078217,3.078217,26.921783,0.0,99.91,0.0,17.32,6.24
8746,2187,133.58,16.539108,13.460892,6.8250621,0.0,3.078217,3.078217,26.921783,0.0,87.82999999999998,0.0,17.32,6.24
8747,2187,135.0,16.539108,13.460892,8.3825089,0.0,3.078217,3.078217,26.921783,0.0,64.9875,0.0,17.32,6.24
8748,2187,124.9,16.539108,13.460892,9.9399558,0.0,3.078217,3.078217,26.921783,0.0,76.3025,0.0,17.32,6.24
8749,2188,85.1,15.0,15.0,8.3825089,0.0,0.0,0.0,30.0,0.0,80.62,33.8,17.32,6.24
8750,2188,80.86,15.0,15.0,6.8250621,0.0,0.0,0.0,30.0,0.0,114.885,-4.32,17.32,6.24
8751,2188,84.4,15.0,15.0,5.2676153,30.0,30.0,0.0,30.0,0.0,46.47,29.883333333333333,17.32,6.24
8752,2188,103.4,15.0,15.0,3.7101685,0.0,0.0,0.0,30.0,0.0,98.3425,24.709999999999997,17.32,6.24
8753,2189,136.0,26.769003,3.2309975,25.97118,0.0,23.538005,23.538005,6.4619949,0.0,85.1275,47.3,17.32,6.24
8754,2189,150.0,26.769003,3.2309975,48.232191,0.0,23.538005,23.538005,6.4619949,0.0,58.349999999999994,17.15,17.32,6.24
8755,2189,109.93,26.769003,3.2309975,70.493202,0.0,23.538005,23.538005,6.4619949,0.0,1.0333333333333334,13.649999999999999,17.32,6.24
8756,2189,87.42,15.769554,14.230446,70.493202,0.0,1.5391085,1.5391085,6.4619949,0.0,97.7475,49.934999999999995,17.32,6.24
8757,2190,75.84,15.0,15.0,68.935755,0.0,0.0,0.0,30.0,0.0,111.15,0.0,17.040000000000003,5.78
8758,2190,68.51,15.0,15.0,67.378308,0.0,0.0,0.0,30.0,0.0,53.5725,81.23,17.040000000000003,5.78
8759,2190,67.95,15.0,15.0,65.820861,0.0,0.0,0.0,30.0,0.0,81.4825,-21.384999999999998,17.040000000000003,5.78
8760,2190,36.47,15.0,15.0,64.263415,0.0,0.0,0.0,30.0,0.0,65.91,-14.98,17.040000000000003,5.78
8761,2191,54.9,9.0590765,20.940923,50.68255,11.881847,0.0,-11.881847,18.118153,0.0,85.55250000000001,-11.456666666666667,16.76,5.32
8762,2191,56.43,9.0590765,20.940923,37.101685,11.881847,0.0,-11.881847,18.118153,0.0,84.9375,-28.3,16.76,5.32
8763,2191,34.9,9.0590765,20.940923,23.52082,11.881847,0.0,-11.881847,18.118153,0.0,113.42,-3.5300000000000002,16.76,5.32
8764,2191,30.88,9.0590765,20.940923,9.9399558,11.881847,0.0,-11.881847,18.118153,0.0,0.99,-11.692499999999999,16.76,5.32
8765,2192,30.21,14.230446,15.769554,6.8250621,1.5391085,0.0,-1.5391085,28.460892,0.0,35.832499999999996,-28.743333333333332,16.76,5.32
8766,2192,40.0,14.230446,15.769554,3.7101685,1.5391085,0.0,-1.5391085,28.460892,0.0,101.63749999999999,-28.839999999999996,16.76,5.32
8767,2192,70.29,15.769554,14.230446,3.7101685,0.0,1.5391085,1.5391085,28.460892,0.0,66.155,-10.745000000000001,16.76,5.32
8768,2192,99.0,15.769554,14.230446,3.7101685,0.0,1.5391085,1.5391085,28.460892,0.0,0.0,51.16,16.76,5.32
8769,2193,147.99,24.01914,5.9808595,20.405927,0.0,18.038281,18.038281,11.961719,0.0,94.9225,72.75,16.76,5.32
8770,2193,149.9,24.01914,5.9808595,37.101685,0.0,18.038281,18.038281,11.961719,0.0,35.522499999999994,103.57,16.76,5.32
8771,2193,137.0,24.01914,5.9808595,53.797444,0.0,18.038281,18.038281,11.961719,0.0,145.54500000000002,0.0,16.76,5.32
8772,2193,121.7,24.01914,5.9808595,70.493202,0.0,18.038281,18.038281,11.961719,0.0,48.254999999999995,0.0,16.76,5.32
8773,2194,99.0,15.0,15.0,68.935755,0.0,0.0,0.0,30.0,0.0,71.305,0.0,16.76,5.32
8774,2194,84.0,15.0,15.0,67.378308,0.0,0.0,0.0,30.0,0.0,87.0775,0.0,16.76,5.32
8775,2194,84.32,15.0,15.0,65.820861,0.0,0.0,0.0,30.0,0.0,76.90333333333334,34.43333333333333,16.76,5.32
8776,2194,94.9,15.0,15.0,64.263415,0.0,0.0,0.0,30.0,0.0,81.44999999999999,0.0,16.76,5.32
8777,2195,121.7,17.308663,12.691337,67.378308,25.382675,30.0,4.617325000000001,25.382675,0.0,95.91,0.0,16.76,5.32
8778,2195,99.0,17.308663,12.691337,70.493202,0.0,4.6173255,4.6173255,25.382675,0.0,45.50999999999999,6.5,16.76,5.32
8779,2195,70.56,15.769554,14.230446,70.493202,0.0,1.5391085,1.5391085,25.382675,0.0,55.07,-24.945,16.76,5.32
8780,2195,59.9,15.769554,14.230446,70.493202,0.0,1.5391085,1.5391085,25.382675,0.0,0.0,-14.04,16.76,5.32
8781,2196,18.2,0.0,0.0,70.493202,0.0,0.0,0.0,30.0,0.0,110.92,-10.6875,16.76,5.32
8782,2196,9.06,0.0,0.0,70.493202,0.0,0.0,0.0,30.0,0.0,55.19666666666666,-21.7625,16.76,5.32
8783,2196,0.52,0.0,0.0,70.493202,0.0,0.0,0.0,30.0,0.0,78.5875,-16.73,16.76,5.32
