t,block_id,price_da_eur_mwh,q_ch_mw,q_dis_mw,soc_mwh,g_imp_mw,g_exp_mw,p_da_net_mw,p_afrr_up_mw,p_afrr_down_mw,price_act_up_eur_mwh,price_act_down_eur_mwh,price_cap_up_eur_mw_h,price_cap_down_eur_mw_h,solver_status,solve_time_s,objective_value
1,,0.1,30.0,0.0,39.143595,0.0,30.0,30.0,0.0,0.0,0.0,0.0,0.0,0.0,Optimal,3567.354144099998,3742376.15534414
2,,0.01,30.0,0.0,67.943595,0.0,30.0,30.0,0.0,0.0,0.0,0.0,0.0,0.0,Optimal,3567.354144099998,3742376.15534414
3,,0.0,6.6971205,0.0,74.372831,0.0,6.6971205,6.6971205,0.0,0.0,0.0,0.0,0.0,0.0,Optimal,3567.354144099998,3742376.15534414
4,,-0.01,0.0,0.0,74.372831,0.0,0.0,0.0,0.0,0.0,0.0,0.0,0.0,0.0,Optimal,3567.354144099998,3742376.15534414
5,,-0.03,0.0,30.0,43.122831,30.0,0.0,-30.0,0.0,0.0,0.0,0.0,0.0,0.0,Optimal,3567.354144099998,3742376.15534414
6,,-0.02,0.0,7.6401325,35.16436,7.6401325,0.0,-7.6401325,0.0,0.0,0.0,0.0,0.0,0.0,Optimal,3567.354144099998,3742376.15534414
7,,-0.05,0.0,30.0,3.9143595,30.0,0.0,-30.0,0.0,0.0,0.0,0.0,0.0,0.0,Optimal,3567.354144099998,3742376.15534414
8,,-0.02,0.0,0.0,3.9143595,0.0,0.0,0.0,0.0,0.0,0.0,0.0,0.0,0.0,Optimal,3567.354144099998,3742376.15534414
9,,0.0,0.0,0.0,3.9143595,0.0,0.0,0.0,0.0,0.0,0.0,0.0,0.0,0.0,Optimal,3567.354144099998,3742376.15534414
10,,0.04,0.0,0.0,3.9143595,0.0,0.0,0.0,0.0,0.0,0.0,0.0,0.0,0.0,Optimal,3567.354144099998,3742376.15534414
11,,0.06,0.0,0.0,3.9143595,0.0,0.0,0.0,0.0,0.0,0.0,0.0,0.0,0.0,Optimal,3567.354144099998,3742376.15534414
12,,0.54,0.0,0.0,3.9143595,0.0,0.0,0.0,0.0,0.0,0.0,0.0,0.0,0.0,Optimal,3567.354144099998,3742376.15534414
13,,2.24,30.0,0.0,32.71436,0.0,30.0,30.0,0.0,0.0,0.0,0.0,0.0,0.0,Optimal,3567.354144099998,3742376.15534414
14,,1.97,2.5520833,0.0,35.16436,0.0,2.5520833,2.5520833,0.0,0.0,0.0,0.0,0.0,0.0,Optimal,3567.354144099998,3742376.15534414
15,,1.13,0.0,30.0,3.9143595,30.0,0.0,-30.0,0.0,0.0,0.0,0.0,0.0,0.0,Optimal,3567.354144099998,3742376.15534414
16,,3.19,0.0,0.0,3.9143595,0.0,0.0,0.0,0.0,0.0,0.0,0.0,0.0,0.0,Optimal,3567.354144099998,3742376.15534414
17,,40.0,0.0,0.0,3.9143595,0.0,0.0,0.0,0.0,0.0,0.0,0.0,0.0,0.0,Optimal,3567.354144099998,3742376.15534414
18,,84.46,30.0,0.0,32.71436,0.0,30.0,30.0,0.0,0.0,0.0,0.0,0.0,0.0,Optimal,3567.354144099998,3742376.15534414
19,,61.74,30.0,0.0,61.51436,0.0,30.0,30.0,0.0,0.0,0.0,0.0,0.0,0.0,Optimal,3567.354144099998,3742376.15534414
20,,61.27,0.0,15.303867,45.572831,15.303867,0.0,-15.303867,0.0,0.0,0.0,0.0,0.0,0.0,Optimal,3567.354144099998,3742376.15534414
21,,59.97,30.0,0.0,74.372831,0.0,30.0,30.0,0.0,0.0,0.0,0.0,0.0,0.0,Optimal,3567.354144099998,3742376.15534414
22,,54.92,0.0,0.0,74.372831,0.0,0.0,0.0,0.0,0.0,0.0,0.0,0.0,0.0,Optimal,3567.354144099998,3742376.15534414
23,,47.65,0.0,0.0,74.372831,0.0,0.0,0.0,0.0,0.0,0.0,0.0,0.0,0.0,Optimal,3567.354144099998,3742376.15534414
24,,35.55,0.0,0.0,74.372831,0.0,0.0,0.0,0.0,0.0,0.0,0.0,0.0,0.0,Optimal,3567.354144099998,3742376.15534414
25,,29.39,0.0,0.0,74.372831,0.0,0.0,0.0,0.0,0.0,0.0,0.0,0.0,0.0,Optimal,3567.354144099998,3742376.15534414
26,,19.6,0.0,27.648,45.572831,27.648,0.0,-27.648,0.0,0.0,0.0,0.0,0.0,0.0,Optimal,3567.354144099998,3742376.15534414
27,,27.33,30.0,0.0,74.372831,0.0,30.0,30.0,0.0,0.0,0.0,0.0,0.0,0.0,Optimal,3567.354144099998,3742376.15534414
28,,16.2,0.0,7.6401325,66.41436,7.6401325,0.0,-7.6401325,0.0,0.0,0.0,0.0,0.0,0.0,Optimal,3567.354144099998,3742376.15534414
29,,9.5,0.0,30.0,35.16436,30.0,0.0,-30.0,0.0,0.0,0.0,0.0,0.0,0.0,Optimal,3567.354144099998,3742376.15534414
30,,11.2,0.0,30.0,3.9143595,30.0,0.0,-30.0,0.0,0.0,0.0,0.0,0.0,0.0,Optimal,3567.354144099998,3742376.15534414
31,,44.43,0.0,0.0,3.9143595,0.0,0.0,0.0,0.0,0.0,0.0,0.0,0.0,0.0,Optimal,3567.354144099998,3742376.15534414
32,,56.56,0.0,0.0,3.9143595,0.0,0.0,0.0,0.0,0.0,0.0,0.0,0.0,0.0,Optimal,3567.354144099998,3742376.15534414
33,,64.28,30.0,0.0,32.71436,0.0,30.0,30.0,0.0,0.0,0.0,0.0,0.0,0.0,Optimal,3567.354144099998,3742376.15534414
34,,66.12,0.0,27.648,3.9143595,27.648,0.0,-27.648,0.0,0.0,0.0,0.0,0.0,0.0,Optimal,3567.354144099998,3742376.15534414
35,,70.6,0.0,0.0,3.9143595,0.0,0.0,0.0,0.0,0.0,0.0,0.0,0.0,0.0,Optimal,3567.354144099998,3742376.15534414
36,,78.8,0.0,0.0,3.9143595,0.0,0.0,0.0,0.0,0.0,0.0,0.0,0.0,0.0,Optimal,3567.354144099998,3742376.15534414
37,,99.9,30.0,0.0,32.71436,0.0,30.0,30.0,0.0,0.0,0.0,0.0,0.0,0.0,Optimal,3567.354144099998,3742376.15534414
38,,102.5,0.0,15.303867,16.772831,15.303867,0.0,-15.303867,0.0,0.0,0.0,0.0,0.0,0.0,Optimal,3567.354144099998,3742376.15534414
39,,110.6,30.0,0.0,45.572831,0.0,30.0,30.0,0.0,0.0,0.0,0.0,0.0,0.0,Optimal,3567.354144099998,3742376.15534414
40,,105.7,30.0,0.0,74.372831,0.0,30.0,30.0,0.0,0.0,0.0,0.0,0.0,0.0,Optimal,3567.354144099998,3742376.15534414
41,,100.7,0.0,27.648,45.572831,27.648,0.0,-27.648,0.0,0.0,0.0,0.0,0.0,0.0,Optimal,3567.354144099998,3742376.15534414
42,,118.93,30.0,0.0,74.372831,0.0,30.0,30.0,0.0,0.0,0.0,0.0,0.0,0.0,Optimal,3567.354144099998,3742376.15534414
43,,81.3,0.0,0.0,74.372831,0.0,0.0,0.0,0.0,0.0,0.0,0.0,0.0,0.0,Optimal,3567.354144099998,3742376.15534414
44,,70.1,0.0,27.648,45.572831,27.648,0.0,-27.648,0.0,0.0,0.0,0.0,0.0,0.0,Optimal,3567.354144099998,3742376.15534414
45,,66.7,30.0,0.0,74.372831,0.0,30.0,30.0,0.0,0.0,0.0,0.0,0.0,0.0,Optimal,3567.354144099998,3742376.15534414
46,,54.9,0.0,0.0,74.372831,0.0,0.0,0.0,0.0,0.0,0.0,0.0,0.0,0.0,Optimal,3567.354144099998,3742376.15534414
47,,53.18,0.0,27.648,45.572831,27.648,0.0,-27.648,0.0,0.0,0.0,0.0,0.0,0.0,Optimal,3567.354144099998,3742376.15534414
48,,54.9,30.0,0.0,74.372831,0.0,30.0,30.0,0.0,0.0,0.0,0.0,0.0,0.0,Optimal,3567.354144099998,3742376.15534414
49,,-0.39,0.0,0.0,74.372831,0.0,0.0,0.0,0.0,0.0,0.0,0.0,0.0,0.0,Optimal,3567.354144099998,3742376.15534414
50,,-1.61,0.0,30.0,43.122831,30.0,0.0,-30.0,0.0,0.0,0.0,0.0,0.0,0.0,Optimal,3567.354144099998,3742376.15534414
51,,-1.39,0.0,7.6401325,35.16436,7.6401325,0.0,-7.6401325,0.0,0.0,0.0,0.0,0.0,0.0,Optimal,3567.354144099998,3742376.15534414
52,,-1.31,0.0,0.0,35.16436,0.0,0.0,0.0,0.0,0.0,0.0,0.0,0.0,0.0,Optimal,3567.354144099998,3742376.15534414
53,,-1.39,0.0,0.0,35.16436,0.0,0.0,0.0,0.0,0.0,0.0,0.0,0.0,0.0,Optimal,3567.354144099998,3742376.15534414
54,,-1.95,0.0,30.0,3.9143595,30.0,0.0,-30.0,0.0,0.0,0.0,0.0,0.0,0.0,Optimal,3567.354144099998,3742376.15534414
55,,1.05,0.0,0.0,3.9143595,0.0,0.0,0.0,0.0,0.0,0.0,0.0,0.0,0.0,Optimal,3567.354144099998,3742376.15534414
56,,40.63,0.0,0.0,3.9143595,0.0,0.0,0.0,0.0,0.0,0.0,0.0,0.0,0.0,Optimal,3567.354144099998,3742376.15534414
57,,68.3,0.0,0.0,3.9143595,0.0,0.0,0.0,0.0,0.0,0.0,0.0,0.0,0.0,Optimal,3567.354144099998,3742376.15534414
58,,75.9,30.0,0.0,32.71436,0.0,30.0,30.0,0.0,0.0,0.0,0.0,0.0,0.0,Optimal,3567.354144099998,3742376.15534414
59,,73.2,30.0,0.0,61.51436,0.0,30.0,30.0,0.0,0.0,0.0,0.0,0.0,0.0,Optimal,3567.354144099998,3742376.15534414
60,,69.2,13.394241,0.0,74.372831,0.0,13.394241,13.394241,0.0,0.0,0.0,0.0,0.0,0.0,Optimal,3567.354144099998,3742376.15534414
61,,60.0,0.0,30.0,43.122831,30.0,0.0,-30.0,0.0,0.0,0.0,0.0,0.0,0.0,Optimal,3567.354144099998,3742376.15534414
62,,58.86,0.0,30.0,11.872831,30.0,0.0,-30.0,0.0,0.0,0.0,0.0,0.0,0.0,Optimal,3567.354144099998,3742376.15534414
63,,60.86,0.0,7.6401325,3.9143595,7.6401325,0.0,-7.6401325,0.0,0.0,0.0,0.0,0.0,0.0,Optimal,3567.354144099998,3742376.15534414
64,,76.0,30.0,0.0,32.71436,0.0,30.0,30.0,0.0,0.0,0.0,0.0,0.0,0.0,Optimal,3567.354144099998,3742376.15534414
65,,79.0,0.0,27.648,3.9143595,27.648,0.0,-27.648,0.0,0.0,0.0,0.0,0.0,0.0,Optimal,3567.354144099998,3742376.15534414
66,,101.0,30.0,0.0,32.71436,0.0,30.0,30.0,0.0,0.0,0.0,0.0,0.0,0.0,Optimal,3567.354144099998,3742376.15534414
67,,114.6,30.0,0.0,61.51436,0.0,30.0,30.0,0.0,0.0,0.0,0.0,0.0,0.0,Optimal,3567.354144099998,3742376.15534414
68,,100.0,13.394241,0.0,74.372831,0.0,13.394241,13.394241,0.0,0.0,0.0,0.0,0.0,0.0,Optimal,3567.354144099998,3742376.15534414
69,,73.23,0.0,0.0,74.372831,0.0,0.0,0.0,0.0,0.0,0.0,0.0,0.0,0.0,Optimal,3567.354144099998,3742376.15534414
70,,67.41,0.0,27.648,45.572831,27.648,0.0,-27.648,0.0,0.0,0.0,0.0,0.0,0.0,Optimal,3567.354144099998,3742376.15534414
71,,65.0,30.0,0.0,74.372831,0.0,30.0,30.0,0.0,0.0,0.0,0.0,0.0,0.0,Optimal,3567.354144099998,3742376.15534414
72,,58.12,0.0,27.648,45.572831,27.648,0.0,-27.648,0.0,0.0,0.0,0.0,0.0,0.0,Optimal,3567.354144099998,3742376.15534414
73,,57.3,30.0,0.0,74.372831,0.0,30.0,30.0,0.0,0.0,0.0,0.0,0.0,0.0,Optimal,3567.354144099998,3742376.15534414
74,,50.46,0.0,0.0,74.372831,0.0,0.0,0.0,0.0,0.0,0.0,0.0,0.0,0.0,Optimal,3567.354144099998,3742376.15534414
75,,40.0,0.0,7.6401325,66.41436,7.6401325,0.0,-7.6401325,0.0,0.0,0.0,0.0,0.0,0.0,Optimal,3567.354144099998,3742376.15534414
76,,25.48,0.0,30.0,35.16436,30.0,0.0,-30.0,0.0,0.0,0.0,0.0,0.0,0.0,Optimal,3567.354144099998,3742376.15534414
77,,35.0,0.0,30.0,3.9143595,30.0,0.0,-30.0,0.0,0.0,0.0,0.0,0.0,0.0,Optimal,3567.354144099998,3742376.15534414
78,,57.73,0.0,0.0,3.9143595,0.0,0.0,0.0,0.0,0.0,0.0,0.0,0.0,0.0,Optimal,3567.354144099998,3742376.15534414
79,,72.65,0.0,0.0,3.9143595,0.0,0.0,0.0,0.0,0.0,0.0,0.0,0.0,0.0,Optimal,3567.354144099998,3742376.15534414
80,,85.02,13.394241,0.0,16.772831,0.0,13.394241,13.394241,0.0,0.0,0.0,0.0,0.0,0.0,Optimal,3567.354144099998,3742376.15534414
81,,91.47,30.0,0.0,45.572831,0.0,30.0,30.0,0.0,0.0,0.0,0.0,0.0,0.0,Optimal,3567.354144099998,3742376.15534414
82,,94.2,30.0,0.0,74.372831,0.0,30.0,30.0,0.0,0.0,0.0,0.0,0.0,0.0,Optimal,3567.354144099998,3742376.15534414
83,,91.61,0.0,30.0,43.122831,30.0,0.0,-30.0,0.0,0.0,0.0,0.0,0.0,0.0,Optimal,3567.354144099998,3742376.15534414
84,,90.03,30.0,0.0,71.922831,0.0,30.0,30.0,0.0,0.0,0.0,0.0,0.0,0.0,Optimal,3567.354144099998,3742376.15534414
85,,86.28,0.0,30.0,40.672831,30.0,0.0,-30.0,0.0,0.0,0.0,0.0,0.0,0.0,Optimal,3567.354144099998,3742376.15534414
86,,85.96,0.0,30.0,9.4228309,30.0,0.0,-30.0,0.0,0.0,0.0,0.0,0.0,0.0,Optimal,3567.354144099998,3742376.15534414
87,,92.11,0.0,5.2881325,3.9143595,5.2881325,0.0,-5.2881325,0.0,0.0,0.0,0.0,0.0,0.0,Optimal,3567.354144099998,3742376.15534414
88,,98.62,30.0,0.0,32.71436,0.0,30.0,30.0,0.0,0.0,0.0,0.0,0.0,0.0,Optimal,3567.354144099998,3742376.15534414
89,,104.45,0.0,27.648,3.9143595,27.648,0.0,-27.648,0.0,0.0,0.0,0.0,0.0,0.0,Optimal,3567.354144099998,3742376.15534414
90,,130.21,30.0,0.0,32.71436,0.0,30.0,30.0,0.0,0.0,0.0,0.0,0.0,0.0,Optimal,3567.354144099998,3742376.15534414
91,,140.67,30.0,0.0,61.51436,0.0,30.0,30.0,0.0,0.0,0.0,0.0,0.0,0.0,Optimal,3567.354144099998,3742376.15534414
92,,123.1,13.394241,0.0,74.372831,0.0,13.394241,13.394241,0.0,0.0,0.0,0.0,0.0,0.0,Optimal,3567.354144099998,3742376.15534414
93,,101.65,0.0,0.0,74.372831,0.0,0.0,0.0,0.0,0.0,0.0,0.0,0.0,0.0,Optimal,3567.354144099998,3742376.15534414
94,,96.77,0.0,27.648,45.572831,27.648,0.0,-27.648,0.0,0.0,0.0,0.0,0.0,0.0,Optimal,3567.354144099998,3742376.15534414
95,,93.04,30.0,0.0,74.372831,0.0,30.0,30.0,0.0,0.0,0.0,0.0,0.0,0.0,Optimal,3567.354144099998,3742376.15534414
96,,88.61,0.0,27.648,45.572831,27.648,0.0,-27.648,0.0,0.0,0.0,0.0,0.0,0.0,Optimal,3567.354144099998,3742376.15534414
97,,86.08,30.0,0.0,74.372831,0.0,30.0,30.0,0.0,0.0,0.0,0.0,0.0,0.0,Optimal,3567.354144099998,3742376.15534414
98,,80.51,0.0,27.648,45.572831,27.648,0.0,-27.648,0.0,0.0,0.0,0.0,0.0,0.0,Optimal,3567.354144099998,3742376.15534414
99,,77.01,30.0,0.0,74.372831,0.0,30.0,30.0,0.0,0.0,0.0,0.0,0.0,0.0,Optimal,3567.354144099998,3742376.15534414
100,,72.88,0.0,30.0,43.122831,30.0,0.0,-30.0,0.0,0.0,0.0,0.0,0.0,0.0,Optimal,3567.354144099998,3742376.15534414
101,,72.12,0.0,30.0,11.872831,30.0,0.0,-30.0,0.0,0.0,0.0,0.0,0.0,0.0,Optimal,3567.354144099998,3742376.15534414
102,,74.52,0.0,7.6401325,3.9143595,7.6401325,0.0,-7.6401325,0.0,0.0,0.0,0.0,0.0,0.0,Optimal,3567.354144099998,3742376.15534414
103,,80.11,0.0,0.0,3.9143595,0.0,0.0,0.0,0.0,0.0,0.0,0.0,0.0,0.0,Optimal,3567.354144099998,3742376.15534414
104,,87.17,30.0,0.0,32.71436,0.0,30.0,30.0,0.0,0.0,0.0,0.0,0.0,0.0,Optimal,3567.354144099998,3742376.15534414
105,,89.78,0.0,27.648,3.9143595,27.648,0.0,-27.648,0.0,0.0,0.0,0.0,0.0,0.0,Optimal,3567.354144099998,3742376.15534414
106,,95.0,7.65625,0.0,11.26436,0.0,7.65625,7.65625,0.0,0.0,0.0,0.0,0.0,0.0,Optimal,3567.354144099998,3742376.15534414
107,,96.29,30.0,0.0,40.06436,0.0,30.0,30.0,0.0,0.0,0.0,0.0,0.0,0.0,Optimal,3567.354144099998,3742376.15534414
108,,98.22,30.0,0.0,68.86436,0.0,30.0,30.0,0.0,0.0,0.0,0.0,0.0,0.0,Optimal,3567.354144099998,3742376.15534414
109,,92.29,0.0,30.0,37.61436,30.0,0.0,-30.0,0.0,0.0,0.0,0.0,0.0,0.0,Optimal,3567.354144099998,3742376.15534414
110,,91.65,0.0,30.0,6.3643595,30.0,0.0,-30.0,0.0,0.0,0.0,0.0,0.0,0.0,Optimal,3567.354144099998,3742376.15534414
111,,96.5,30.0,0.0,35.16436,0.0,30.0,30.0,0.0,0.0,0.0,0.0,0.0,0.0,Optimal,3567.354144099998,3742376.15534414
112,,100.13,0.0,30.0,3.9143595,30.0,0.0,-30.0,0.0,0.0,0.0,0.0,0.0,0.0,Optimal,3567.354144099998,3742376.15534414
113,,103.03,13.394241,0.0,16.772831,0.0,13.394241,13.394241,0.0,0.0,0.0,0.0,0.0,0.0,Optimal,3567.354144099998,3742376.15534414
114,,107.43,30.0,0.0,45.572831,0.0,30.0,30.0,0.0,0.0,0.0,0.0,0.0,0.0,Optimal,3567.354144099998,3742376.15534414
115,,108.47,30.0,0.0,74.372831,0.0,30.0,30.0,0.0,0.0,0.0,0.0,0.0,0.0,Optimal,3567.354144099998,3742376.15534414
116,,104.0,0.0,27.648,45.572831,27.648,0.0,-27.648,0.0,0.0,0.0,0.0,0.0,0.0,Optimal,3567.354144099998,3742376.15534414
117,,100.13,30.0,0.0,74.372831,0.0,30.0,30.0,0.0,0.0,0.0,0.0,0.0,0.0,Optimal,3567.354144099998,3742376.15534414
118,,94.21,0.0,27.648,45.572831,27.648,0.0,-27.648,0.0,0.0,0.0,0.0,0.0,0.0,Optimal,3567.354144099998,3742376.15534414
119,,94.92,30.0,0.0,74.372831,0.0,30.0,30.0,0.0,0.0,0.0,0.0,0.0,0.0,Optimal,3567.354144099998,3742376.15534414
120,,86.8,0.0,0.0,74.372831,0.0,0.0,0.0,0.0,0.0,0.0,0.0,0.0,0.0,Optimal,3567.354144099998,3742376.15534414
121,,82.25,0.0,27.648,45.572831,27.648,0.0,-27.648,0.0,0.0,0.0,0.0,0.0,0.0,Optimal,3567.354144099998,3742376.15534414
122,,80.2,30.0,0.0,74.372831,0.0,30.0,30.0,0.0,0.0,0.0,0.0,0.0,0.0,Optimal,3567.354144099998,3742376.15534414
123,,76.13,0.0,5.2881325,68.86436,5.2881325,0.0,-5.2881325,0.0,0.0,0.0,0.0,0.0,0.0,Optimal,3567.354144099998,3742376.15534414
124,,73.01,0.0,30.0,37.61436,30.0,0.0,-30.0,0.0,0.0,0.0,0.0,0.0,0.0,Optimal,3567.354144099998,3742376.15534414
125,,73.01,0.0,30.0,6.3643595,30.0,0.0,-30.0,0.0,0.0,0.0,0.0,0.0,0.0,Optimal,3567.354144099998,3742376.15534414
126,,74.59,30.0,0.0,35.16436,0.0,30.0,30.0,0.0,0.0,0.0,0.0,0.0,0.0,Optimal,3567.354144099998,3742376.15534414
127,,75.1,0.0,30.0,3.9143595,30.0,0.0,-30.0,0.0,0.0,0.0,0.0,0.0,0.0,Optimal,3567.354144099998,3742376.15534414
128,,81.39,0.0,0.0,3.9143595,0.0,0.0,0.0,0.0,0.0,0.0,0.0,0.0,0.0,Optimal,3567.354144099998,3742376.15534414
129,,88.4,30.0,0.0,32.71436,0.0,30.0,30.0,0.0,0.0,0.0,0.0,0.0,0.0,Optimal,3567.354144099998,3742376.15534414
130,,92.23,0.0,27.648,3.9143595,27.648,0.0,-27.648,0.0,0.0,0.0,0.0,0.0,0.0,Optimal,3567.354144099998,3742376.15534414
131,,97.3,13.394241,0.0,16.772831,0.0,13.394241,13.394241,0.0,0.0,0.0,0.0,0.0,0.0,Optimal,3567.354144099998,3742376.15534414
132,,100.43,30.0,0.0,45.572831,0.0,30.0,30.0,0.0,0.0,0.0,0.0,0.0,0.0,Optimal,3567.354144099998,3742376.15534414
133,,99.16,30.0,0.0,74.372831,0.0,30.0,30.0,0.0,0.0,0.0,0.0,0.0,0.0,Optimal,3567.354144099998,3742376.15534414
134,,94.52,0.0,7.6401325,66.41436,7.6401325,0.0,-7.6401325,0.0,0.0,0.0,0.0,0.0,0.0,Optimal,3567.354144099998,3742376.15534414
135,,92.45,0.0,30.0,35.16436,30.0,0.0,-30.0,0.0,0.0,0.0,0.0,0.0,0.0,Optimal,3567.354144099998,3742376.15534414
136,,94.18,0.0,30.0,3.9143595,30.0,0.0,-30.0,0.0,0.0,0.0,0.0,0.0,0.0,Optimal,3567.354144099998,3742376.15534414
137,,99.22,13.394241,0.0,16.772831,0.0,13.394241,13.394241,0.0,0.0,0.0,0.0,0.0,0.0,Optimal,3567.354144099998,3742376.15534414
138,,104.69,30.0,0.0,45.572831,0.0,30.0,30.0,0.0,0.0,0.0,0.0,0.0,0.0,Optimal,3567.354144099998,3742376.15534414
139,,103.63,30.0,0.0,74.372831,0.0,30.0,30.0,0.0,0.0,0.0,0.0,0.0,0.0,Optimal,3567.354144099998,3742376.15534414
140,,99.0,0.0,27.648,45.572831,27.648,0.0,-27.648,0.0,0.0,0.0,0.0,0.0,0.0,Optimal,3567.354144099998,3742376.15534414
141,,92.14,30.0,0.0,74.372831,0.0,30.0,30.0,0.0,0.0,0.0,0.0,0.0,0.0,Optimal,3567.354144099998,3742376.15534414
142,,88.0,0.0,27.648,45.572831,27.648,0.0,-27.648,0.0,0.0,0.0,0.0,0.0,0.0,Optimal,3567.354144099998,3742376.15534414
143,,86.57,30.0,0.0,74.372831,0.0,30.0,30.0,0.0,0.0,0.0,0.0,0.0,0.0,Optimal,3567.354144099998,3742376.15534414
144,,79.87,0.0,27.648,45.572831,27.648,0.0,-27.648,0.0,0.0,0.0,0.0,0.0,0.0,Optimal,3567.354144099998,3742376.15534414
145,,84.08,30.0,0.0,74.372831,0.0,30.0,30.0,0.0,0.0,0.0,0.0,0.0,0.0,Optimal,3567.354144099998,3742376.15534414
146,,79.82,0.0,27.648,45.572831,27.648,0.0,-27.648,0.0,0.0,0.0,0.0,0.0,0.0,Optimal,3567.354144099998,3742376.15534414
147,,76.76,30.0,0.0,74.372831,0.0,30.0,30.0,0.0,0.0,0.0,0.0,0.0,0.0,Optimal,3567.354144099998,3742376.15534414
148,,73.46,0.0,7.6401325,66.41436,7.6401325,0.0,-7.6401325,0.0,0.0,0.0,0.0,0.0,0.0,Optimal,3567.354144099998,3742376.15534414
149,,71.86,0.0,30.0,35.16436,30.0,0.0,-30.0,0.0,0.0,0.0,0.0,0.0,0.0,Optimal,3567.354144099998,3742376.15534414
150,,72.08,0.0,30.0,3.9143595,30.0,0.0,-30.0,0.0,0.0,0.0,0.0,0.0,0.0,Optimal,3567.354144099998,3742376.15534414
151,,74.9,30.0,0.0,32.71436,0.0,30.0,30.0,0.0,0.0,0.0,0.0,0.0,0.0,Optimal,3567.354144099998,3742376.15534414
152,,77.69,0.0,27.648,3.9143595,27.648,0.0,-27.648,0.0,0.0,0.0,0.0,0.0,0.0,Optimal,3567.354144099998,3742376.15534414
153,,81.79,7.65625,0.0,11.26436,0.0,7.65625,7.65625,0.0,0.0,0.0,0.0,0.0,0.0,Optimal,3567.354144099998,3742376.15534414
154,,84.86,30.0,0.0,40.06436,0.0,30.0,30.0,0.0,0.0,0.0,0.0,0.0,0.0,Optimal,3567.354144099998,3742376.15534414
155,,87.14,0.0,30.0,8.8143595,30.0,0.0,-30.0,0.0,0.0,0.0,0.0,0.0,0.0,Optimal,3567.354144099998,3742376.15534414
156,,89.13,30.0,0.0,37.61436,0.0,30.0,30.0,0.0,0.0,0.0,0.0,0.0,0.0,Optimal,3567.354144099998,3742376.15534414
157,,88.66,30.0,0.0,66.41436,0.0,30.0,30.0,0.0,0.0,0.0,0.0,0.0,0.0,Optimal,3567.354144099998,3742376.15534414
158,,84.81,0.0,30.0,35.16436,30.0,0.0,-30.0,0.0,0.0,0.0,0.0,0.0,0.0,Optimal,3567.354144099998,3742376.15534414
159,,84.34,0.0,30.0,3.9143595,30.0,0.0,-30.0,0.0,0.0,0.0,0.0,0.0,0.0,Optimal,3567.354144099998,3742376.15534414
160,,88.01,30.0,0.0,32.71436,0.0,30.0,30.0,0.0,0.0,0.0,0.0,0.0,0.0,Optimal,3567.354144099998,3742376.15534414
161,,93.42,0.0,27.648,3.9143595,27.648,0.0,-27.648,0.0,0.0,0.0,0.0,0.0,0.0,Optimal,3567.354144099998,3742376.15534414
162,,101.77,30.0,0.0,32.71436,0.0,30.0,30.0,0.0,0.0,0.0,0.0,0.0,0.0,Optimal,3567.354144099998,3742376.15534414
163,,104.85,30.0,0.0,61.51436,0.0,30.0,30.0,0.0,0.0,0.0,0.0,0.0,0.0,Optimal,3567.354144099998,3742376.15534414
164,,103.55,0.0,15.303867,45.572831,15.303867,0.0,-15.303867,0.0,0.0,0.0,0.0,0.0,0.0,Optimal,3567.354144099998,3742376.15534414
165,,100.5,30.0,0.0,74.372831,0.0,30.0,30.0,0.0,0.0,0.0,0.0,0.0,0.0,Optimal,3567.354144099998,3742376.15534414
166,,93.31,0.0,27.648,45.572831,27.648,0.0,-27.648,0.0,0.0,0.0,0.0,0.0,0.0,Optimal,3567.354144099998,3742376.15534414
167,,91.17,30.0,0.0,74.372831,0.0,30.0,30.0,0.0,0.0,0.0,0.0,0.0,0.0,Optimal,3567.354144099998,3742376.15534414
168,,83.86,0.0,30.0,43.122831,30.0,0.0,-30.0,0.0,0.0,0.0,0.0,0.0,0.0,Optimal,3567.354144099998,3742376.15534414
169,,87.02,30.0,0.0,71.922831,0.0,30.0,30.0,0.0,0.0,0.0,0.0,0.0,0.0,Optimal,3567.354144099998,3742376.15534414
170,,84.35,0.0,25.296,45.572831,25.296,0.0,-25.296,0.0,0.0,0.0,0.0,0.0,0.0,Optimal,3567.354144099998,3742376.15534414
171,,81.71,30.0,0.0,74.372831,0.0,30.0,30.0,0.0,0.0,0.0,0.0,0.0,0.0,Optimal,3567.354144099998,3742376.15534414
172,,79.0,0.0,30.0,43.122831,30.0,0.0,-30.0,0.0,0.0,0.0,0.0,0.0,0.0,Optimal,3567.354144099998,3742376.15534414
173,,78.47,0.0,30.0,11.872831,30.0,0.0,-30.0,0.0,0.0,0.0,0.0,0.0,0.0,Optimal,3567.354144099998,3742376.15534414
174,,82.1,0.0,7.6401325,3.9143595,7.6401325,0.0,-7.6401325,0.0,0.0,0.0,0.0,0.0,0.0,Optimal,3567.354144099998,3742376.15534414
175,,94.3,0.0,0.0,3.9143595,0.0,0.0,0.0,0.0,0.0,0.0,0.0,0.0,0.0,Optimal,3567.354144099998,3742376.15534414
176,,111.09,13.394241,0.0,16.772831,0.0,13.394241,13.394241,0.0,0.0,0.0,0.0,0.0,0.0,Optimal,3567.354144099998,3742376.15534414
177,,121.11,30.0,0.0,45.572831,0.0,30.0,30.0,0.0,0.0,0.0,0.0,0.0,0.0,Optimal,3567.354144099998,3742376.15534414
178,,117.83,30.0,0.0,74.372831,0.0,30.0,30.0,0.0,0.0,0.0,0.0,0.0,0.0,Optimal,3567.354144099998,3742376.15534414
179,,110.58,0.0,27.648,45.572831,27.648,0.0,-27.648,0.0,0.0,0.0,0.0,0.0,0.0,Optimal,3567.354144099998,3742376.15534414
180,,103.0,30.0,0.0,74.372831,0.0,30.0,30.0,0.0,0.0,0.0,0.0,0.0,0.0,Optimal,3567.354144099998,3742376.15534414
181,,84.9,0.0,30.0,43.122831,30.0,0.0,-30.0,0.0,0.0,0.0,0.0,0.0,0.0,Optimal,3567.354144099998,3742376.15534414
182,,89.56,0.0,30.0,11.872831,30.0,0.0,-30.0,0.0,0.0,0.0,0.0,0.0,0.0,Optimal,3567.354144099998,3742376.15534414
183,,100.0,0.0,7.6401325,3.9143595,7.6401325,0.0,-7.6401325,0.0,0.0,0.0,0.0,0.0,0.0,Optimal,3567.354144099998,3742376.15534414
184,,107.98,0.0,0.0,3.9143595,0.0,0.0,0.0,0.0,0.0,0.0,0.0,0.0,0.0,Optimal,3567.354144099998,3742376.15534414
185,,116.39,13.394241,0.0,16.772831,0.0,13.394241,13.394241,0.0,0.0,0.0,0.0,0.0,0.0,Optimal,3567.354144099998,3742376.15534414
186,,129.15,30.0,0.0,45.572831,0.0,30.0,30.0,0.0,0.0,0.0,0.0,0.0,0.0,Optimal,3567.354144099998,3742376.15534414
187,,125.08,30.0,0.0,74.372831,0.0,30.0,30.0,0.0,0.0,0.0,0.0,0.0,0.0,Optimal,3567.354144099998,3742376.15534414
188,,111.9,0.0,0.0,74.372831,0.0,0.0,0.0,0.0,0.0,0.0,0.0,0.0,0.0,Optimal,3567.354144099998,3742376.15534414
189,,100.1,0.0,0.0,74.372831,0.0,0.0,0.0,0.0,0.0,0.0,0.0,0.0,0.0,Optimal,3567.354144099998,3742376.15534414
190,,91.0,0.0,0.0,74.372831,0.0,0.0,0.0,0.0,0.0,0.0,0.0,0.0,0.0,Optimal,3567.354144099998,3742376.15534414
191,,92.0,0.0,27.648,45.572831,27.648,0.0,-27.648,0.0,0.0,0.0,0.0,0.0,0.0,Optimal,3567.354144099998,3742376.15534414
192,,91.49,30.0,0.0,74.372831,0.0,30.0,30.0,0.0,0.0,0.0,0.0,0.0,0.0,Optimal,3567.354144099998,3742376.15534414
193,,80.95,0.0,30.0,43.122831,30.0,0.0,-30.0,0.0,0.0,0.0,0.0,0.0,0.0,Optimal,3567.354144099998,3742376.15534414
194,,79.98,0.0,30.0,11.872831,30.0,0.0,-30.0,0.0,0.0,0.0,0.0,0.0,0.0,Optimal,3567.354144099998,3742376.15534414
195,,85.0,30.0,0.0,40.672831,0.0,30.0,30.0,0.0,0.0,0.0,0.0,0.0,0.0,Optimal,3567.354144099998,3742376.15534414
196,,83.42,0.0,5.2881325,35.16436,5.2881325,0.0,-5.2881325,0.0,0.0,0.0,0.0,0.0,0.0,Optimal,3567.354144099998,3742376.15534414
197,,80.57,0.0,30.0,3.9143595,30.0,0.0,-30.0,0.0,0.0,0.0,0.0,0.0,0.0,Optimal,3567.354144099998,3742376.15534414
198,,85.8,30.0,0.0,32.71436,0.0,30.0,30.0,0.0,0.0,0.0,0.0,0.0,0.0,Optimal,3567.354144099998,3742376.15534414
199,,83.9,0.0,27.648,3.9143595,27.648,0.0,-27.648,0.0,0.0,0.0,0.0,0.0,0.0,Optimal,3567.354144099998,3742376.15534414
200,,91.12,0.0,0.0,3.9143595,0.0,0.0,0.0,0.0,0.0,0.0,0.0,0.0,0.0,Optimal,3567.354144099998,3742376.15534414
201,,125.7,30.0,0.0,32.71436,0.0,30.0,30.0,0.0,0.0,0.0,0.0,0.0,0.0,Optimal,3567.354144099998,3742376.15534414
202,,119.96,30.0,0.0,61.51436,0.0,30.0,30.0,0.0,0.0,0.0,0.0,0.0,0.0,Optimal,3567.354144099998,3742376.15534414
203,,98.0,13.394241,0.0,74.372831,0.0,13.394241,13.394241,0.0,0.0,0.0,0.0,0.0,0.0,Optimal,3567.354144099998,3742376.15534414
204,,90.0,0.0,0.0,74.372831,0.0,0.0,0.0,0.0,0.0,0.0,0.0,0.0,0.0,Optimal,3567.354144099998,3742376.15534414
205,,78.8,0.0,30.0,43.122831,30.0,0.0,-30.0,0.0,0.0,0.0,0.0,0.0,0.0,Optimal,3567.354144099998,3742376.15534414
206,,77.78,0.0,30.0,11.872831,30.0,0.0,-30.0,0.0,0.0,0.0,0.0,0.0,0.0,Optimal,3567.354144099998,3742376.15534414
207,,85.0,0.0,7.6401325,3.9143595,7.6401325,0.0,-7.6401325,0.0,0.0,0.0,0.0,0.0,0.0,Optimal,3567.354144099998,3742376.15534414
208,,99.9,0.0,0.0,3.9143595,0.0,0.0,0.0,0.0,0.0,0.0,0.0,0.0,0.0,Optimal,3567.354144099998,3742376.15534414
209,,112.67,0.0,0.0,3.9143595,0.0,0.0,0.0,0.0,0.0,0.0,0.0,0.0,0.0,Optimal,3567.354144099998,3742376.15534414
210,,135.69,30.0,0.0,32.71436,0.0,30.0,30.0,0.0,0.0,0.0,0.0,0.0,0.0,Optimal,3567.354144099998,3742376.15534414
211,,129.25,30.0,0.0,61.51436,0.0,30.0,30.0,0.0,0.0,0.0,0.0,0.0,0.0,Optimal,3567.354144099998,3742376.15534414
212,,126.3,13.394241,0.0,74.372831,0.0,13.394241,13.394241,0.0,0.0,0.0,0.0,0.0,0.0,Optimal,3567.354144099998,3742376.15534414
213,,108.82,0.0,0.0,74.372831,0.0,0.0,0.0,0.0,0.0,0.0,0.0,0.0,0.0,Optimal,3567.354144099998,3742376.15534414
214,,93.66,0.0,22.944,50.472831,22.944,0.0,-22.944,0.0,0.0,0.0,0.0,0.0,0.0,Optimal,3567.354144099998,3742376.15534414
215,,84.9,0.0,30.0,19.222831,30.0,0.0,-30.0,0.0,0.0,0.0,0.0,0.0,0.0,Optimal,3567.354144099998,3742376.15534414
216,,88.0,30.0,0.0,48.022831,0.0,30.0,30.0,0.0,0.0,0.0,0.0,0.0,0.0,Optimal,3567.354144099998,3742376.15534414
217,,75.54,0.0,30.0,16.772831,30.0,0.0,-30.0,0.0,0.0,0.0,0.0,0.0,0.0,Optimal,3567.354144099998,3742376.15534414
218,,86.76,30.0,0.0,45.572831,0.0,30.0,30.0,0.0,0.0,0.0,0.0,0.0,0.0,Optimal,3567.354144099998,3742376.15534414
219,,86.73,30.0,0.0,74.372831,0.0,30.0,30.0,0.0,0.0,0.0,0.0,0.0,0.0,Optimal,3567.354144099998,3742376.15534414
220,,81.22,0.0,30.0,43.122831,30.0,0.0,-30.0,0.0,0.0,0.0,0.0,0.0,0.0,Optimal,3567.354144099998,3742376.15534414
221,,80.48,24.262009,0.0,66.41436,0.0,24.262009,24.262009,0.0,0.0,0.0,0.0,0.0,0.0,Optimal,3567.354144099998,3742376.15534414
222,,77.9,0.0,30.0,35.16436,30.0,0.0,-30.0,0.0,0.0,0.0,0.0,0.0,0.0,Optimal,3567.354144099998,3742376.15534414
223,,79.3,0.0,30.0,3.9143595,30.0,0.0,-30.0,0.0,0.0,0.0,0.0,0.0,0.0,Optimal,3567.354144099998,3742376.15534414
224,,96.0,0.0,0.0,3.9143595,0.0,0.0,0.0,0.0,0.0,0.0,0.0,0.0,0.0,Optimal,3567.354144099998,3742376.15534414
225,,132.52,30.0,0.0,32.71436,0.0,30.0,30.0,0.0,0.0,0.0,0.0,0.0,0.0,Optimal,3567.354144099998,3742376.15534414
226,,130.39,30.0,0.0,61.51436,0.0,30.0,30.0,0.0,0.0,0.0,0.0,0.0,0.0,Optimal,3567.354144099998,3742376.15534414
227,,111.21,0.0,15.303867,45.572831,15.303867,0.0,-15.303867,0.0,0.0,0.0,0.0,0.0,0.0,Optimal,3567.354144099998,3742376.15534414
228,,109.13,30.0,0.0,74.372831,0.0,30.0,30.0,0.0,0.0,0.0,0.0,0.0,0.0,Optimal,3567.354144099998,3742376.15534414
229,,89.1,0.0,7.6401325,66.41436,7.6401325,0.0,-7.6401325,0.0,0.0,0.0,0.0,0.0,0.0,Optimal,3567.354144099998,3742376.15534414
230,,87.45,0.0,30.0,35.16436,30.0,0.0,-30.0,0.0,0.0,0.0,0.0,0.0,0.0,Optimal,3567.354144099998,3742376.15534414
231,,84.9,0.0,30.0,3.9143595,30.0,0.0,-30.0,0.0,0.0,0.0,0.0,0.0,0.0,Optimal,3567.354144099998,3742376.15534414
232,,106.34,0.0,0.0,3.9143595,0.0,0.0,0.0,0.0,0.0,0.0,0.0,0.0,0.0,Optimal,3567.354144099998,3742376.15534414
233,,127.94,0.0,0.0,3.9143595,0.0,0.0,0.0,0.0,0.0,0.0,0.0,0.0,0.0,Optimal,3567.354144099998,3742376.15534414
234,,143.79,30.0,0.0,32.71436,0.0,30.0,30.0,0.0,0.0,0.0,0.0,0.0,0.0,Optimal,3567.354144099998,3742376.15534414
235,,140.0,30.0,0.0,61.51436,0.0,30.0,30.0,0.0,0.0,0.0,0.0,0.0,0.0,Optimal,3567.354144099998,3742376.15534414
236,,132.15,13.394241,0.0,74.372831,0.0,13.394241,13.394241,0.0,0.0,0.0,0.0,0.0,0.0,Optimal,3567.354144099998,3742376.15534414
237,,120.0,0.0,0.0,74.372831,0.0,0.0,0.0,0.0,0.0,0.0,0.0,0.0,0.0,Optimal,3567.354144099998,3742376.15534414
238,,97.3,0.0,27.648,45.572831,27.648,0.0,-27.648,0.0,0.0,0.0,0.0,0.0,0.0,Optimal,3567.354144099998,3742376.15534414
239,,91.3,30.0,0.0,74.372831,0.0,30.0,30.0,0.0,0.0,0.0,0.0,0.0,0.0,Optimal,3567.354144099998,3742376.15534414
240,,82.31,0.0,30.0,43.122831,30.0,0.0,-30.0,0.0,0.0,0.0,0.0,0.0,0.0,Optimal,3567.354144099998,3742376.15534414
241,,91.75,30.0,0.0,71.922831,0.0,30.0,30.0,0.0,0.0,0.0,0.0,0.0,0.0,Optimal,3567.354144099998,3742376.15534414
242,,88.59,0.0,25.296,45.572831,25.296,0.0,-25.296,0.0,0.0,0.0,0.0,0.0,0.0,Optimal,3567.354144099998,3742376.15534414
243,,87.25,30.0,0.0,74.372831,0.0,30.0,30.0,0.0,0.0,0.0,0.0,0.0,0.0,Optimal,3567.354144099998,3742376.15534414
244,,82.38,0.0,7.6401325,66.41436,7.6401325,0.0,-7.6401325,0.0,0.0,0.0,0.0,0.0,0.0,Optimal,3567.354144099998,3742376.15534414
245,,81.2,0.0,30.0,35.16436,30.0,0.0,-30.0,0.0,0.0,0.0,0.0,0.0,0.0,Optimal,3567.354144099998,3742376.15534414
246,,79.6,0.0,30.0,3.9143595,30.0,0.0,-30.0,0.0,0.0,0.0,0.0,0.0,0.0,Optimal,3567.354144099998,3742376.15534414
247,,90.0,0.0,0.0,3.9143595,0.0,0.0,0.0,0.0,0.0,0.0,0.0,0.0,0.0,Optimal,3567.354144099998,3742376.15534414
248,,116.87,13.394241,0.0,16.772831,0.0,13.394241,13.394241,0.0,0.0,0.0,0.0,0.0,0.0,Optimal,3567.354144099998,3742376.15534414
249,,141.0,30.0,0.0,45.572831,0.0,30.0,30.0,0.0,0.0,0.0,0.0,0.0,0.0,Optimal,3567.354144099998,3742376.15534414
250,,129.16,30.0,0.0,74.372831,0.0,30.0,30.0,0.0,0.0,0.0,0.0,0.0,0.0,Optimal,3567.354144099998,3742376.15534414
251,,113.65,0.0,27.648,45.572831,27.648,0.0,-27.648,0.0,0.0,0.0,0.0,0.0,0.0,Optimal,3567.354144099998,3742376.15534414
252,,106.48,30.0,0.0,74.372831,0.0,30.0,30.0,0.0,0.0,0.0,0.0,0.0,0.0,Optimal,3567.354144099998,3742376.15534414
253,,99.38,0.0,30.0,43.122831,30.0,0.0,-30.0,0.0,0.0,0.0,0.0,0.0,0.0,Optimal,3567.354144099998,3742376.15534414
254,,99.0,0.0,30.0,11.872831,30.0,0.0,-30.0,0.0,0.0,0.0,0.0,0.0,0.0,Optimal,3567.354144099998,3742376.15534414
255,,105.98,0.0,7.6401325,3.9143595,7.6401325,0.0,-7.6401325,0.0,0.0,0.0,0.0,0.0,0.0,Optimal,3567.354144099998,3742376.15534414
256,,117.31,0.0,0.0,3.9143595,0.0,0.0,0.0,0.0,0.0,0.0,0.0,0.0,0.0,Optimal,3567.354144099998,3742376.15534414
257,,132.62,13.394241,0.0,16.772831,0.0,13.394241,13.394241,0.0,0.0,0.0,0.0,0.0,0.0,Optimal,3567.354144099998,3742376.15534414
258,,147.06,30.0,0.0,45.572831,0.0,30.0,30.0,0.0,0.0,0.0,0.0,0.0,0.0,Optimal,3567.354144099998,3742376.15534414
259,,136.7,30.0,0.0,74.372831,0.0,30.0,30.0,0.0,0.0,0.0,0.0,0.0,0.0,Optimal,3567.354144099998,3742376.15534414
260,,132.31,0.0,0.0,74.372831,0.0,0.0,0.0,0.0,0.0,0.0,0.0,0.0,0.0,Optimal,3567.354144099998,3742376.15534414
261,,117.88,0.0,0.0,74.372831,0.0,0.0,0.0,0.0,0.0,0.0,0.0,0.0,0.0,Optimal,3567.354144099998,3742376.15534414
262,,107.19,0.0,27.648,45.572831,27.648,0.0,-27.648,0.0,0.0,0.0,0.0,0.0,0.0,Optimal,3567.354144099998,3742376.15534414
263,,100.0,30.0,0.0,74.372831,0.0,30.0,30.0,0.0,0.0,0.0,0.0,0.0,0.0,Optimal,3567.354144099998,3742376.15534414
264,,81.0,0.0,30.0,43.122831,30.0,0.0,-30.0,0.0,0.0,0.0,0.0,0.0,0.0,Optimal,3567.354144099998,3742376.15534414
265,,82.12,30.0,0.0,71.922831,0.0,30.0,30.0,0.0,0.0,0.0,0.0,0.0,0.0,Optimal,3567.354144099998,3742376.15534414
266,,80.63,0.0,30.0,40.672831,30.0,0.0,-30.0,0.0,0.0,0.0,0.0,0.0,0.0,Optimal,3567.354144099998,3742376.15534414
267,,83.13,30.0,0.0,69.472831,0.0,30.0,30.0,0.0,0.0,0.0,0.0,0.0,0.0,Optimal,3567.354144099998,3742376.15534414
268,,77.29,0.0,30.0,38.222831,30.0,0.0,-30.0,0.0,0.0,0.0,0.0,0.0,0.0,Optimal,3567.354144099998,3742376.15534414
269,,78.0,0.0,30.0,6.9728309,30.0,0.0,-30.0,0.0,0.0,0.0,0.0,0.0,0.0,Optimal,3567.354144099998,3742376.15534414
270,,79.18,29.366176,0.0,35.16436,0.0,29.366176,29.366176,0.0,0.0,0.0,0.0,0.0,0.0,Optimal,3567.354144099998,3742376.15534414
271,,81.32,0.0,30.0,3.9143595,30.0,0.0,-30.0,0.0,0.0,0.0,0.0,0.0,0.0,Optimal,3567.354144099998,3742376.15534414
272,,118.2,13.394241,0.0,16.772831,0.0,13.394241,13.394241,0.0,0.0,0.0,0.0,0.0,0.0,Optimal,3567.354144099998,3742376.15534414
273,,140.74,30.0,0.0,45.572831,0.0,30.0,30.0,0.0,0.0,0.0,0.0,0.0,0.0,Optimal,3567.354144099998,3742376.15534414
274,,134.96,30.0,0.0,74.372831,0.0,30.0,30.0,0.0,0.0,0.0,0.0,0.0,0.0,Optimal,3567.354144099998,3742376.15534414
275,,122.01,0.0,27.648,45.572831,27.648,0.0,-27.648,0.0,0.0,0.0,0.0,0.0,0.0,Optimal,3567.354144099998,3742376.15534414
276,,114.73,30.0,0.0,74.372831,0.0,30.0,30.0,0.0,0.0,0.0,0.0,0.0,0.0,Optimal,3567.354144099998,3742376.15534414
277,,106.98,0.0,7.6401325,66.41436,7.6401325,0.0,-7.6401325,0.0,0.0,0.0,0.0,0.0,0.0,Optimal,3567.354144099998,3742376.15534414
278,,103.08,0.0,30.0,35.16436,30.0,0.0,-30.0,0.0,0.0,0.0,0.0,0.0,0.0,Optimal,3567.354144099998,3742376.15534414
279,,104.54,0.0,30.0,3.9143595,30.0,0.0,-30.0,0.0,0.0,0.0,0.0,0.0,0.0,Optimal,3567.354144099998,3742376.15534414
280,,110.0,0.0,0.0,3.9143595,0.0,0.0,0.0,0.0,0.0,0.0,0.0,0.0,0.0,Optimal,3567.354144099998,3742376.15534414
281,,120.0,13.394241,0.0,16.772831,0.0,13.394241,13.394241,0.0,0.0,0.0,0.0,0.0,0.0,Optimal,3567.354144099998,3742376.15534414
282,,127.5,30.0,0.0,45.572831,0.0,30.0,30.0,0.0,0.0,0.0,0.0,0.0,0.0,Optimal,3567.354144099998,3742376.15534414
283,,126.0,30.0,0.0,74.372831,0.0,30.0,30.0,0.0,0.0,0.0,0.0,0.0,0.0,Optimal,3567.354144099998,3742376.15534414
284,,119.47,0.0,0.0,74.372831,0.0,0.0,0.0,0.0,0.0,0.0,0.0,0.0,0.0,Optimal,3567.354144099998,3742376.15534414
285,,107.13,0.0,0.0,74.372831,0.0,0.0,0.0,0.0,0.0,0.0,0.0,0.0,0.0,Optimal,3567.354144099998,3742376.15534414
286,,91.7,0.0,0.0,74.372831,0.0,0.0,0.0,0.0,0.0,0.0,0.0,0.0,0.0,Optimal,3567.354144099998,3742376.15534414
287,,85.02,0.0,25.296,48.022831,25.296,0.0,-25.296,0.0,0.0,0.0,0.0,0.0,0.0,Optimal,3567.354144099998,3742376.15534414
288,,82.49,0.0,30.0,16.772831,30.0,0.0,-30.0,0.0,0.0,0.0,0.0,0.0,0.0,Optimal,3567.354144099998,3742376.15534414
289,,90.0,30.0,0.0,45.572831,0.0,30.0,30.0,0.0,0.0,0.0,0.0,0.0,0.0,Optimal,3567.354144099998,3742376.15534414
290,,85.43,30.0,0.0,74.372831,0.0,30.0,30.0,0.0,0.0,0.0,0.0,0.0,0.0,Optimal,3567.354144099998,3742376.15534414
291,,82.0,0.0,27.648,45.572831,27.648,0.0,-27.648,0.0,0.0,0.0,0.0,0.0,0.0,Optimal,3567.354144099998,3742376.15534414
292,,78.47,30.0,0.0,74.372831,0.0,30.0,30.0,0.0,0.0,0.0,0.0,0.0,0.0,Optimal,3567.354144099998,3742376.15534414
293,,75.0,0.0,30.0,43.122831,30.0,0.0,-30.0,0.0,0.0,0.0,0.0,0.0,0.0,Optimal,3567.354144099998,3742376.15534414
294,,74.94,0.0,30.0,11.872831,30.0,0.0,-30.0,0.0,0.0,0.0,0.0,0.0,0.0,Optimal,3567.354144099998,3742376.15534414
295,,78.16,0.0,5.2881325,6.3643595,5.2881325,0.0,-5.2881325,0.0,0.0,0.0,0.0,0.0,0.0,Optimal,3567.354144099998,3742376.15534414
296,,77.9,30.0,0.0,35.16436,0.0,30.0,30.0,0.0,0.0,0.0,0.0,0.0,0.0,Optimal,3567.354144099998,3742376.15534414
297,,74.92,0.0,30.0,3.9143595,30.0,0.0,-30.0,0.0,0.0,0.0,0.0,0.0,0.0,Optimal,3567.354144099998,3742376.15534414
298,,85.4,13.394241,0.0,16.772831,0.0,13.394241,13.394241,0.0,0.0,0.0,0.0,0.0,0.0,Optimal,3567.354144099998,3742376.15534414
299,,88.4,30.0,0.0,45.572831,0.0,30.0,30.0,0.0,0.0,0.0,0.0,0.0,0.0,Optimal,3567.354144099998,3742376.15534414
300,,86.1,30.0,0.0,74.372831,0.0,30.0,30.0,0.0,0.0,0.0,0.0,0.0,0.0,Optimal,3567.354144099998,3742376.15534414
301,,79.7,0.0,30.0,43.122831,30.0,0.0,-30.0,0.0,0.0,0.0,0.0,0.0,0.0,Optimal,3567.354144099998,3742376.15534414
302,,80.82,0.0,30.0,11.872831,30.0,0.0,-30.0,0.0,0.0,0.0,0.0,0.0,0.0,Optimal,3567.354144099998,3742376.15534414
303,,81.5,0.0,7.6401325,3.9143595,7.6401325,0.0,-7.6401325,0.0,0.0,0.0,0.0,0.0,0.0,Optimal,3567.354144099998,3742376.15534414
304,,87.0,0.0,0.0,3.9143595,0.0,0.0,0.0,0.0,0.0,0.0,0.0,0.0,0.0,Optimal,3567.354144099998,3742376.15534414
305,,97.3,13.394241,0.0,16.772831,0.0,13.394241,13.394241,0.0,0.0,0.0,0.0,0.0,0.0,Optimal,3567.354144099998,3742376.15534414
306,,114.6,30.0,0.0,45.572831,0.0,30.0,30.0,0.0,0.0,0.0,0.0,0.0,0.0,Optimal,3567.354144099998,3742376.15534414
307,,102.8,30.0,0.0,74.372831,0.0,30.0,30.0,0.0,0.0,0.0,0.0,0.0,0.0,Optimal,3567.354144099998,3742376.15534414
308,,84.6,0.0,0.0,74.372831,0.0,0.0,0.0,0.0,0.0,0.0,0.0,0.0,0.0,Optimal,3567.354144099998,3742376.15534414
309,,75.47,0.0,30.0,43.122831,30.0,0.0,-30.0,0.0,0.0,0.0,0.0,0.0,0.0,Optimal,3567.354144099998,3742376.15534414
310,,81.0,0.0,25.296,16.772831,25.296,0.0,-25.296,0.0,0.0,0.0,0.0,0.0,0.0,Optimal,3567.354144099998,3742376.15534414
311,,85.0,30.0,0.0,45.572831,0.0,30.0,30.0,0.0,0.0,0.0,0.0,0.0,0.0,Optimal,3567.354144099998,3742376.15534414
312,,80.0,30.0,0.0,74.372831,0.0,30.0,30.0,0.0,0.0,0.0,0.0,0.0,0.0,Optimal,3567.354144099998,3742376.15534414
313,,74.9,0.0,27.648,45.572831,27.648,0.0,-27.648,0.0,0.0,0.0,0.0,0.0,0.0,Optimal,3567.354144099998,3742376.15534414
314,,74.01,30.0,0.0,74.372831,0.0,30.0,30.0,0.0,0.0,0.0,0.0,0.0,0.0,Optimal,3567.354144099998,3742376.15534414
315,,69.9,0.0,30.0,43.122831,30.0,0.0,-30.0,0.0,0.0,0.0,0.0,0.0,0.0,Optimal,3567.354144099998,3742376.15534414
316,,68.24,0.0,30.0,11.872831,30.0,0.0,-30.0,0.0,0.0,0.0,0.0,0.0,0.0,Optimal,3567.354144099998,3742376.15534414
317,,71.92,0.0,5.2881325,6.3643595,5.2881325,0.0,-5.2881325,0.0,0.0,0.0,0.0,0.0,0.0,Optimal,3567.354144099998,3742376.15534414
318,,80.0,30.0,0.0,35.16436,0.0,30.0,30.0,0.0,0.0,0.0,0.0,0.0,0.0,Optimal,3567.354144099998,3742376.15534414
319,,71.03,0.0,30.0,3.9143595,30.0,0.0,-30.0,0.0,0.0,0.0,0.0,0.0,0.0,Optimal,3567.354144099998,3742376.15534414
320,,75.92,30.0,0.0,32.71436,0.0,30.0,30.0,0.0,0.0,0.0,0.0,0.0,0.0,Optimal,3567.354144099998,3742376.15534414
321,,79.27,0.0,27.648,3.9143595,27.648,0.0,-27.648,0.0,0.0,0.0,0.0,0.0,0.0,Optimal,3567.354144099998,3742376.15534414
322,,93.0,30.0,0.0,32.71436,0.0,30.0,30.0,0.0,0.0,0.0,0.0,0.0,0.0,Optimal,3567.354144099998,3742376.15534414
323,,97.11,30.0,0.0,61.51436,0.0,30.0,30.0,0.0,0.0,0.0,0.0,0.0,0.0,Optimal,3567.354144099998,3742376.15534414
324,,87.2,13.394241,0.0,74.372831,0.0,13.394241,13.394241,0.0,0.0,0.0,0.0,0.0,0.0,Optimal,3567.354144099998,3742376.15534414
325,,80.39,0.0,7.6401325,66.41436,7.6401325,0.0,-7.6401325,0.0,0.0,0.0,0.0,0.0,0.0,Optimal,3567.354144099998,3742376.15534414
326,,77.04,0.0,30.0,35.16436,30.0,0.0,-30.0,0.0,0.0,0.0,0.0,0.0,0.0,Optimal,3567.354144099998,3742376.15534414
327,,79.15,0.0,30.0,3.9143595,30.0,0.0,-30.0,0.0,0.0,0.0,0.0,0.0,0.0,Optimal,3567.354144099998,3742376.15534414
328,,82.32,30.0,0.0,32.71436,0.0,30.0,30.0,0.0,0.0,0.0,0.0,0.0,0.0,Optimal,3567.354144099998,3742376.15534414
329,,86.62,0.0,27.648,3.9143595,27.648,0.0,-27.648,0.0,0.0,0.0,0.0,0.0,0.0,Optimal,3567.354144099998,3742376.15534414
330,,91.86,30.0,0.0,32.71436,0.0,30.0,30.0,0.0,0.0,0.0,0.0,0.0,0.0,Optimal,3567.354144099998,3742376.15534414
331,,94.9,30.0,0.0,61.51436,0.0,30.0,30.0,0.0,0.0,0.0,0.0,0.0,0.0,Optimal,3567.354144099998,3742376.15534414
332,,85.0,13.394241,0.0,74.372831,0.0,13.394241,13.394241,0.0,0.0,0.0,0.0,0.0,0.0,Optimal,3567.354144099998,3742376.15534414
333,,79.06,0.0,30.0,43.122831,30.0,0.0,-30.0,0.0,0.0,0.0,0.0,0.0,0.0,Optimal,3567.354144099998,3742376.15534414
334,,78.6,30.0,0.0,71.922831,0.0,30.0,30.0,0.0,0.0,0.0,0.0,0.0,0.0,Optimal,3567.354144099998,3742376.15534414
335,,75.39,2.5520833,0.0,74.372831,0.0,2.5520833,2.5520833,0.0,0.0,0.0,0.0,0.0,0.0,Optimal,3567.354144099998,3742376.15534414
336,,67.19,0.0,30.0,43.122831,30.0,0.0,-30.0,0.0,0.0,0.0,0.0,0.0,0.0,Optimal,3567.354144099998,3742376.15534414
337,,67.9,30.0,0.0,71.922831,0.0,30.0,30.0,0.0,0.0,0.0,0.0,0.0,0.0,Optimal,3567.354144099998,3742376.15534414
338,,65.0,0.0,30.0,40.672831,30.0,0.0,-30.0,0.0,0.0,0.0,0.0,0.0,0.0,Optimal,3567.354144099998,3742376.15534414
339,,63.94,30.0,0.0,69.472831,0.0,30.0,30.0,0.0,0.0,0.0,0.0,0.0,0.0,Optimal,3567.354144099998,3742376.15534414
340,,62.04,0.0,30.0,38.222831,30.0,0.0,-30.0,0.0,0.0,0.0,0.0,0.0,0.0,Optimal,3567.354144099998,3742376.15534414
341,,62.04,0.0,30.0,6.9728309,30.0,0.0,-30.0,0.0,0.0,0.0,0.0,0.0,0.0,Optimal,3567.354144099998,3742376.15534414
342,,69.25,0.0,2.9361325,3.9143595,2.9361325,0.0,-2.9361325,0.0,0.0,0.0,0.0,0.0,0.0,Optimal,3567.354144099998,3742376.15534414
343,,80.18,30.0,0.0,32.71436,0.0,30.0,30.0,0.0,0.0,0.0,0.0,0.0,0.0,Optimal,3567.354144099998,3742376.15534414
344,,84.4,0.0,27.648,3.9143595,27.648,0.0,-27.648,0.0,0.0,0.0,0.0,0.0,0.0,Optimal,3567.354144099998,3742376.15534414
345,,99.34,30.0,0.0,32.71436,0.0,30.0,30.0,0.0,0.0,0.0,0.0,0.0,0.0,Optimal,3567.354144099998,3742376.15534414
346,,100.3,30.0,0.0,61.51436,0.0,30.0,30.0,0.0,0.0,0.0,0.0,0.0,0.0,Optimal,3567.354144099998,3742376.15534414
347,,94.89,13.394241,0.0,74.372831,0.0,13.394241,13.394241,0.0,0.0,0.0,0.0,0.0,0.0,Optimal,3567.354144099998,3742376.15534414
348,,90.2,0.0,5.2881325,68.86436,5.2881325,0.0,-5.2881325,0.0,0.0,0.0,0.0,0.0,0.0,Optimal,3567.354144099998,3742376.15534414
349,,81.18,0.0,30.0,37.61436,30.0,0.0,-30.0,0.0,0.0,0.0,0.0,0.0,0.0,Optimal,3567.354144099998,3742376.15534414
350,,82.2,0.0,30.0,6.3643595,30.0,0.0,-30.0,0.0,0.0,0.0,0.0,0.0,0.0,Optimal,3567.354144099998,3742376.15534414
351,,84.6,30.0,0.0,35.16436,0.0,30.0,30.0,0.0,0.0,0.0,0.0,0.0,0.0,Optimal,3567.354144099998,3742376.15534414
352,,89.57,0.0,30.0,3.9143595,30.0,0.0,-30.0,0.0,0.0,0.0,0.0,0.0,0.0,Optimal,3567.354144099998,3742376.15534414
353,,97.62,0.0,0.0,3.9143595,0.0,0.0,0.0,0.0,0.0,0.0,0.0,0.0,0.0,Optimal,3567.354144099998,3742376.15534414
354,,106.51,30.0,0.0,32.71436,0.0,30.0,30.0,0.0,0.0,0.0,0.0,0.0,0.0,Optimal,3567.354144099998,3742376.15534414
355,,112.81,30.0,0.0,61.51436,0.0,30.0,30.0,0.0,0.0,0.0,0.0,0.0,0.0,Optimal,3567.354144099998,3742376.15534414
356,,105.13,13.394241,0.0,74.372831,0.0,13.394241,13.394241,0.0,0.0,0.0,0.0,0.0,0.0,Optimal,3567.354144099998,3742376.15534414
357,,94.4,0.0,0.0,74.372831,0.0,0.0,0.0,0.0,0.0,0.0,0.0,0.0,0.0,Optimal,3567.354144099998,3742376.15534414
358,,79.04,0.0,0.58413254,73.76436,0.58413254,0.0,-0.58413254,0.0,0.0,0.0,0.0,0.0,0.0,Optimal,3567.354144099998,3742376.15534414
359,,77.76,0.0,30.0,42.51436,30.0,0.0,-30.0,0.0,0.0,0.0,0.0,0.0,0.0,Optimal,3567.354144099998,3742376.15534414
360,,78.5,30.0,0.0,71.31436,0.0,30.0,30.0,0.0,0.0,0.0,0.0,0.0,0.0,Optimal,3567.354144099998,3742376.15534414
361,,68.0,0.0,30.0,40.06436,30.0,0.0,-30.0,0.0,0.0,0.0,0.0,0.0,0.0,Optimal,3567.354144099998,3742376.15534414
362,,76.51,0.0,30.0,8.8143595,30.0,0.0,-30.0,0.0,0.0,0.0,0.0,0.0,0.0,Optimal,3567.354144099998,3742376.15534414
363,,77.43,30.0,0.0,37.61436,0.0,30.0,30.0,0.0,0.0,0.0,0.0,0.0,0.0,Optimal,3567.354144099998,3742376.15534414
364,,76.82,30.0,0.0,66.41436,0.0,30.0,30.0,0.0,0.0,0.0,0.0,0.0,0.0,Optimal,3567.354144099998,3742376.15534414
365,,73.05,0.0,30.0,35.16436,30.0,0.0,-30.0,0.0,0.0,0.0,0.0,0.0,0.0,Optimal,3567.354144099998,3742376.15534414
366,,72.61,0.0,30.0,3.9143595,30.0,0.0,-30.0,0.0,0.0,0.0,0.0,0.0,0.0,Optimal,3567.354144099998,3742376.15534414
367,,92.4,0.0,0.0,3.9143595,0.0,0.0,0.0,0.0,0.0,0.0,0.0,0.0,0.0,Optimal,3567.354144099998,3742376.15534414
368,,115.8,0.0,0.0,3.9143595,0.0,0.0,0.0,0.0,0.0,0.0,0.0,0.0,0.0,Optimal,3567.354144099998,3742376.15534414
369,,144.11,30.0,0.0,32.71436,0.0,30.0,30.0,0.0,0.0,0.0,0.0,0.0,0.0,Optimal,3567.354144099998,3742376.15534414
370,,138.6,30.0,0.0,61.51436,0.0,30.0,30.0,0.0,0.0,0.0,0.0,0.0,0.0,Optimal,3567.354144099998,3742376.15534414
371,,122.0,13.394241,0.0,74.372831,0.0,13.394241,13.394241,0.0,0.0,0.0,0.0,0.0,0.0,Optimal,3567.354144099998,3742376.15534414
372,,110.0,0.0,0.0,74.372831,0.0,0.0,0.0,0.0,0.0,0.0,0.0,0.0,0.0,Optimal,3567.354144099998,3742376.15534414
373,,88.0,0.0,30.0,43.122831,30.0,0.0,-30.0,0.0,0.0,0.0,0.0,0.0,0.0,Optimal,3567.354144099998,3742376.15534414
374,,88.1,0.0,7.6401325,35.16436,7.6401325,0.0,-7.6401325,0.0,0.0,0.0,0.0,0.0,0.0,Optimal,3567.354144099998,3742376.15534414
375,,84.0,0.0,30.0,3.9143595,30.0,0.0,-30.0,0.0,0.0,0.0,0.0,0.0,0.0,Optimal,3567.354144099998,3742376.15534414
376,,110.29,30.0,0.0,32.71436,0.0,30.0,30.0,0.0,0.0,0.0,0.0,0.0,0.0,Optimal,3567.354144099998,3742376.15534414
377,,111.69,0.0,15.303867,16.772831,15.303867,0.0,-15.303867,0.0,0.0,0.0,0.0,0.0,0.0,Optimal,3567.354144099998,3742376.15534414
378,,128.3,30.0,0.0,45.572831,0.0,30.0,30.0,0.0,0.0,0.0,0.0,0.0,0.0,Optimal,3567.354144099998,3742376.15534414
379,,122.1,30.0,0.0,74.372831,0.0,30.0,30.0,0.0,0.0,0.0,0.0,0.0,0.0,Optimal,3567.354144099998,3742376.15534414
380,,102.0,0.0,0.0,74.372831,0.0,0.0,0.0,0.0,0.0,0.0,0.0,0.0,0.0,Optimal,3567.354144099998,3742376.15534414
381,,89.97,0.0,0.0,74.372831,0.0,0.0,0.0,0.0,0.0,0.0,0.0,0.0,0.0,Optimal,3567.354144099998,3742376.15534414
382,,84.0,0.0,27.648,45.572831,27.648,0.0,-27.648,0.0,0.0,0.0,0.0,0.0,0.0,Optimal,3567.354144099998,3742376.15534414
383,,82.21,30.0,0.0,74.372831,0.0,30.0,30.0,0.0,0.0,0.0,0.0,0.0,0.0,Optimal,3567.354144099998,3742376.15534414
384,,75.2,0.0,2.9361325,71.31436,2.9361325,0.0,-2.9361325,0.0,0.0,0.0,0.0,0.0,0.0,Optimal,3567.354144099998,3742376.15534414
385,,71.8,0.0,30.0,40.06436,30.0,0.0,-30.0,0.0,0.0,0.0,0.0,0.0,0.0,Optimal,3567.354144099998,3742376.15534414
386,,71.65,30.0,0.0,68.86436,0.0,30.0,30.0,0.0,0.0,0.0,0.0,0.0,0.0,Optimal,3567.354144099998,3742376.15534414
387,,70.73,0.0,30.0,37.61436,30.0,0.0,-30.0,0.0,0.0,0.0,0.0,0.0,0.0,Optimal,3567.354144099998,3742376.15534414
388,,69.79,30.0,0.0,66.41436,0.0,30.0,30.0,0.0,0.0,0.0,0.0,0.0,0.0,Optimal,3567.354144099998,3742376.15534414
389,,69.54,0.0,30.0,35.16436,30.0,0.0,-30.0,0.0,0.0,0.0,0.0,0.0,0.0,Optimal,3567.354144099998,3742376.15534414
390,,71.31,0.0,30.0,3.9143595,30.0,0.0,-30.0,0.0,0.0,0.0,0.0,0.0,0.0,Optimal,3567.354144099998,3742376.15534414
391,,75.57,0.0,0.0,3.9143595,0.0,0.0,0.0,0.0,0.0,0.0,0.0,0.0,0.0,Optimal,3567.354144099998,3742376.15534414
392,,84.94,0.0,0.0,3.9143595,0.0,0.0,0.0,0.0,0.0,0.0,0.0,0.0,0.0,Optimal,3567.354144099998,3742376.15534414
393,,96.74,0.0,0.0,3.9143595,0.0,0.0,0.0,0.0,0.0,0.0,0.0,0.0,0.0,Optimal,3567.354144099998,3742376.15534414
394,,106.18,2.5520833,0.0,6.3643595,0.0,2.5520833,2.5520833,0.0,0.0,0.0,0.0,0.0,0.0,Optimal,3567.354144099998,3742376.15534414
395,,110.33,30.0,0.0,35.16436,0.0,30.0,30.0,0.0,0.0,0.0,0.0,0.0,0.0,Optimal,3567.354144099998,3742376.15534414
396,,111.1,0.0,30.0,3.9143595,30.0,0.0,-30.0,0.0,0.0,0.0,0.0,0.0,0.0,Optimal,3567.354144099998,3742376.15534414
397,,113.74,30.0,0.0,32.71436,0.0,30.0,30.0,0.0,0.0,0.0,0.0,0.0,0.0,Optimal,3567.354144099998,3742376.15534414
398,,116.73,0.0,27.648,3.9143595,27.648,0.0,-27.648,0.0,0.0,0.0,0.0,0.0,0.0,Optimal,3567.354144099998,3742376.15534414
399,,118.0,30.0,0.0,32.71436,0.0,30.0,30.0,0.0,0.0,0.0,0.0,0.0,0.0,Optimal,3567.354144099998,3742376.15534414
400,,122.62,0.0,27.648,3.9143595,27.648,0.0,-27.648,0.0,0.0,0.0,0.0,0.0,0.0,Optimal,3567.354144099998,3742376.15534414
401,,126.55,30.0,0.0,32.71436,0.0,30.0,30.0,0.0,0.0,0.0,0.0,0.0,0.0,Optimal,3567.354144099998,3742376.15534414
402,,136.91,30.0,0.0,61.51436,0.0,30.0,30.0,0.0,0.0,0.0,0.0,0.0,0.0,Optimal,3567.354144099998,3742376.15534414
403,,122.51,13.394241,0.0,74.372831,0.0,13.394241,13.394241,0.0,0.0,0.0,0.0,0.0,0.0,Optimal,3567.354144099998,3742376.15534414
404,,113.1,0.0,0.0,74.372831,0.0,0.0,0.0,0.0,0.0,0.0,0.0,0.0,0.0,Optimal,3567.354144099998,3742376.15534414
405,,99.16,0.0,0.0,74.372831,0.0,0.0,0.0,0.0,0.0,0.0,0.0,0.0,0.0,Optimal,3567.354144099998,3742376.15534414
406,,93.73,0.0,27.648,45.572831,27.648,0.0,-27.648,0.0,0.0,0.0,0.0,0.0,0.0,Optimal,3567.354144099998,3742376.15534414
407,,89.1,30.0,0.0,74.372831,0.0,30.0,30.0,0.0,0.0,0.0,0.0,0.0,0.0,Optimal,3567.354144099998,3742376.15534414
408,,83.21,0.0,27.648,45.572831,27.648,0.0,-27.648,0.0,0.0,0.0,0.0,0.0,0.0,Optimal,3567.354144099998,3742376.15534414
409,,80.3,30.0,0.0,74.372831,0.0,30.0,30.0,0.0,0.0,0.0,0.0,0.0,0.0,Optimal,3567.354144099998,3742376.15534414
410,,76.99,0.0,7.6401325,66.41436,7.6401325,0.0,-7.6401325,0.0,0.0,0.0,0.0,0.0,0.0,Optimal,3567.354144099998,3742376.15534414
411,,74.67,0.0,30.0,35.16436,30.0,0.0,-30.0,0.0,0.0,0.0,0.0,0.0,0.0,Optimal,3567.354144099998,3742376.15534414
412,,74.18,0.0,30.0,3.9143595,30.0,0.0,-30.0,0.0,0.0,0.0,0.0,0.0,0.0,Optimal,3567.354144099998,3742376.15534414
413,,76.09,30.0,0.0,32.71436,0.0,30.0,30.0,0.0,0.0,0.0,0.0,0.0,0.0,Optimal,3567.354144099998,3742376.15534414
414,,77.6,0.0,27.648,3.9143595,27.648,0.0,-27.648,0.0,0.0,0.0,0.0,0.0,0.0,Optimal,3567.354144099998,3742376.15534414
415,,89.09,0.0,0.0,3.9143595,0.0,0.0,0.0,0.0,0.0,0.0,0.0,0.0,0.0,Optimal,3567.354144099998,3742376.15534414
416,,109.23,0.0,0.0,3.9143595,0.0,0.0,0.0,0.0,0.0,0.0,0.0,0.0,0.0,Optimal,3567.354144099998,3742376.15534414
417,,121.98,30.0,0.0,32.71436,0.0,30.0,30.0,0.0,0.0,0.0,0.0,0.0,0.0,Optimal,3567.354144099998,3742376.15534414
418,,118.26,30.0,0.0,61.51436,0.0,30.0,30.0,0.0,0.0,0.0,0.0,0.0,0.0,Optimal,3567.354144099998,3742376.15534414
419,,110.4,13.394241,0.0,74.372831,0.0,13.394241,13.394241,0.0,0.0,0.0,0.0,0.0,0.0,Optimal,3567.354144099998,3742376.15534414
420,,80.0,0.0,30.0,43.122831,30.0,0.0,-30.0,0.0,0.0,0.0,0.0,0.0,0.0,Optimal,3567.354144099998,3742376.15534414
421,,83.95,0.0,7.6401325,35.16436,7.6401325,0.0,-7.6401325,0.0,0.0,0.0,0.0,0.0,0.0,Optimal,3567.354144099998,3742376.15534414
422,,70.64,0.0,30.0,3.9143595,30.0,0.0,-30.0,0.0,0.0,0.0,0.0,0.0,0.0,Optimal,3567.354144099998,3742376.15534414
423,,86.61,30.0,0.0,32.71436,0.0,30.0,30.0,0.0,0.0,0.0,0.0,0.0,0.0,Optimal,3567.354144099998,3742376.15534414
424,,85.8,0.0,27.648,3.9143595,27.648,0.0,-27.648,0.0,0.0,0.0,0.0,0.0,0.0,Optimal,3567.354144099998,3742376.15534414
425,,98.68,13.394241,0.0,16.772831,0.0,13.394241,13.394241,0.0,0.0,0.0,0.0,0.0,0.0,Optimal,3567.354144099998,3742376.15534414
426,,103.75,30.0,0.0,45.572831,0.0,30.0,30.0,0.0,0.0,0.0,0.0,0.0,0.0,Optimal,3567.354144099998,3742376.15534414
427,,103.35,30.0,0.0,74.372831,0.0,30.0,30.0,0.0,0.0,0.0,0.0,0.0,0.0,Optimal,3567.354144099998,3742376.15534414
428,,87.85,0.0,0.0,74.372831,0.0,0.0,0.0,0.0,0.0,0.0,0.0,0.0,0.0,Optimal,3567.354144099998,3742376.15534414
429,,81.0,0.0,27.648,45.572831,27.648,0.0,-27.648,0.0,0.0,0.0,0.0,0.0,0.0,Optimal,3567.354144099998,3742376.15534414
430,,83.14,30.0,0.0,74.372831,0.0,30.0,30.0,0.0,0.0,0.0,0.0,0.0,0.0,Optimal,3567.354144099998,3742376.15534414
431,,76.63,0.0,27.648,45.572831,27.648,0.0,-27.648,0.0,0.0,0.0,0.0,0.0,0.0,Optimal,3567.354144099998,3742376.15534414
432,,73.61,30.0,0.0,74.372831,0.0,30.0,30.0,0.0,0.0,0.0,0.0,0.0,0.0,Optimal,3567.354144099998,3742376.15534414
433,,69.14,0.0,27.648,45.572831,27.648,0.0,-27.648,0.0,0.0,0.0,0.0,0.0,0.0,Optimal,3567.354144099998,3742376.15534414
434,,66.26,30.0,0.0,74.372831,0.0,30.0,30.0,0.0,0.0,0.0,0.0,0.0,0.0,Optimal,3567.354144099998,3742376.15534414
435,,63.0,0.0,30.0,43.122831,30.0,0.0,-30.0,0.0,0.0,0.0,0.0,0.0,0.0,Optimal,3567.354144099998,3742376.15534414
436,,62.76,0.0,30.0,11.872831,30.0,0.0,-30.0,0.0,0.0,0.0,0.0,0.0,0.0,Optimal,3567.354144099998,3742376.15534414
437,,63.32,0.0,7.6401325,3.9143595,7.6401325,0.0,-7.6401325,0.0,0.0,0.0,0.0,0.0,0.0,Optimal,3567.354144099998,3742376.15534414
438,,66.9,0.0,0.0,3.9143595,0.0,0.0,0.0,0.0,0.0,0.0,0.0,0.0,0.0,Optimal,3567.354144099998,3742376.15534414
439,,76.49,0.0,0.0,3.9143595,0.0,0.0,0.0,0.0,0.0,0.0,0.0,0.0,0.0,Optimal,3567.354144099998,3742376.15534414
440,,86.0,13.394241,0.0,16.772831,0.0,13.394241,13.394241,0.0,0.0,0.0,0.0,0.0,0.0,Optimal,3567.354144099998,3742376.15534414
441,,104.27,30.0,0.0,45.572831,0.0,30.0,30.0,0.0,0.0,0.0,0.0,0.0,0.0,Optimal,3567.354144099998,3742376.15534414
442,,99.91,30.0,0.0,74.372831,0.0,30.0,30.0,0.0,0.0,0.0,0.0,0.0,0.0,Optimal,3567.354144099998,3742376.15534414
443,,87.53,0.0,27.648,45.572831,27.648,0.0,-27.648,0.0,0.0,0.0,0.0,0.0,0.0,Optimal,3567.354144099998,3742376.15534414
444,,84.0,30.0,0.0,74.372831,0.0,30.0,30.0,0.0,0.0,0.0,0.0,0.0,0.0,Optimal,3567.354144099998,3742376.15534414
445,,72.21,0.0,30.0,43.122831,30.0,0.0,-30.0,0.0,0.0,0.0,0.0,0.0,0.0,Optimal,3567.354144099998,3742376.15534414
446,,73.36,0.0,30.0,11.872831,30.0,0.0,-30.0,0.0,0.0,0.0,0.0,0.0,0.0,Optimal,3567.354144099998,3742376.15534414
447,,75.22,24.262009,0.0,35.16436,0.0,24.262009,24.262009,0.0,0.0,0.0,0.0,0.0,0.0,Optimal,3567.354144099998,3742376.15534414
448,,73.04,0.0,30.0,3.9143595,30.0,0.0,-30.0,0.0,0.0,0.0,0.0,0.0,0.0,Optimal,3567.354144099998,3742376.15534414
449,,84.9,13.394241,0.0,16.772831,0.0,13.394241,13.394241,0.0,0.0,0.0,0.0,0.0,0.0,Optimal,3567.354144099998,3742376.15534414
450,,93.75,30.0,0.0,45.572831,0.0,30.0,30.0,0.0,0.0,0.0,0.0,0.0,0.0,Optimal,3567.354144099998,3742376.15534414
451,,87.9,30.0,0.0,74.372831,0.0,30.0,30.0,0.0,0.0,0.0,0.0,0.0,0.0,Optimal,3567.354144099998,3742376.15534414
452,,74.9,0.0,27.648,45.572831,27.648,0.0,-27.648,0.0,0.0,0.0,0.0,0.0,0.0,Optimal,3567.354144099998,3742376.15534414
453,,72.95,30.0,0.0,74.372831,0.0,30.0,30.0,0.0,0.0,0.0,0.0,0.0,0.0,Optimal,3567.354144099998,3742376.15534414
454,,71.12,0.0,27.648,45.572831,27.648,0.0,-27.648,0.0,0.0,0.0,0.0,0.0,0.0,Optimal,3567.354144099998,3742376.15534414
455,,68.64,30.0,0.0,74.372831,0.0,30.0,30.0,0.0,0.0,0.0,0.0,0.0,0.0,Optimal,3567.354144099998,3742376.15534414
456,,64.75,0.0,30.0,43.122831,30.0,0.0,-30.0,0.0,0.0,0.0,0.0,0.0,0.0,Optimal,3567.354144099998,3742376.15534414
457,,66.0,0.0,30.0,11.872831,30.0,0.0,-30.0,0.0,0.0,0.0,0.0,0.0,0.0,Optimal,3567.354144099998,3742376.15534414
458,,67.51,30.0,0.0,40.672831,0.0,30.0,30.0,0.0,0.0,0.0,0.0,0.0,0.0,Optimal,3567.354144099998,3742376.15534414
459,,63.54,30.0,0.0,69.472831,0.0,30.0,30.0,0.0,0.0,0.0,0.0,0.0,0.0,Optimal,3567.354144099998,3742376.15534414
460,,61.82,0.0,30.0,38.222831,30.0,0.0,-30.0,0.0,0.0,0.0,0.0,0.0,0.0,Optimal,3567.354144099998,3742376.15534414
461,,61.85,0.0,30.0,6.9728309,30.0,0.0,-30.0,0.0,0.0,0.0,0.0,0.0,0.0,Optimal,3567.354144099998,3742376.15534414
462,,61.75,29.366176,0.0,35.16436,0.0,29.366176,29.366176,0.0,0.0,0.0,0.0,0.0,0.0,Optimal,3567.354144099998,3742376.15534414
463,,62.59,0.0,30.0,3.9143595,30.0,0.0,-30.0,0.0,0.0,0.0,0.0,0.0,0.0,Optimal,3567.354144099998,3742376.15534414
464,,66.9,7.65625,0.0,11.26436,0.0,7.65625,7.65625,0.0,0.0,0.0,0.0,0.0,0.0,Optimal,3567.354144099998,3742376.15534414
465,,74.82,30.0,0.0,40.06436,0.0,30.0,30.0,0.0,0.0,0.0,0.0,0.0,0.0,Optimal,3567.354144099998,3742376.15534414
466,,77.9,30.0,0.0,68.86436,0.0,30.0,30.0,0.0,0.0,0.0,0.0,0.0,0.0,Optimal,3567.354144099998,3742376.15534414
467,,71.8,0.0,30.0,37.61436,30.0,0.0,-30.0,0.0,0.0,0.0,0.0,0.0,0.0,Optimal,3567.354144099998,3742376.15534414
468,,69.6,30.0,0.0,66.41436,0.0,30.0,30.0,0.0,0.0,0.0,0.0,0.0,0.0,Optimal,3567.354144099998,3742376.15534414
469,,64.89,0.0,30.0,35.16436,30.0,0.0,-30.0,0.0,0.0,0.0,0.0,0.0,0.0,Optimal,3567.354144099998,3742376.15534414
470,,66.9,0.0,30.0,3.9143595,30.0,0.0,-30.0,0.0,0.0,0.0,0.0,0.0,0.0,Optimal,3567.354144099998,3742376.15534414
471,,73.37,30.0,0.0,32.71436,0.0,30.0,30.0,0.0,0.0,0.0,0.0,0.0,0.0,Optimal,3567.354144099998,3742376.15534414
472,,79.14,0.0,27.648,3.9143595,27.648,0.0,-27.648,0.0,0.0,0.0,0.0,0.0,0.0,Optimal,3567.354144099998,3742376.15534414
473,,87.86,0.0,0.0,3.9143595,0.0,0.0,0.0,0.0,0.0,0.0,0.0,0.0,0.0,Optimal,3567.354144099998,3742376.15534414
474,,94.98,30.0,0.0,32.71436,0.0,30.0,30.0,0.0,0.0,0.0,0.0,0.0,0.0,Optimal,3567.354144099998,3742376.15534414
475,,99.89,30.0,0.0,61.51436,0.0,30.0,30.0,0.0,0.0,0.0,0.0,0.0,0.0,Optimal,3567.354144099998,3742376.15534414
476,,91.57,13.394241,0.0,74.372831,0.0,13.394241,13.394241,0.0,0.0,0.0,0.0,0.0,0.0,Optimal,3567.354144099998,3742376.15534414
477,,80.0,0.0,27.648,45.572831,27.648,0.0,-27.648,0.0,0.0,0.0,0.0,0.0,0.0,Optimal,3567.354144099998,3742376.15534414
478,,75.72,30.0,0.0,74.372831,0.0,30.0,30.0,0.0,0.0,0.0,0.0,0.0,0.0,Optimal,3567.354144099998,3742376.15534414
479,,70.42,0.0,27.648,45.572831,27.648,0.0,-27.648,0.0,0.0,0.0,0.0,0.0,0.0,Optimal,3567.354144099998,3742376.15534414
480,,69.13,30.0,0.0,74.372831,0.0,30.0,30.0,0.0,0.0,0.0,0.0,0.0,0.0,Optimal,3567.354144099998,3742376.15534414
481,,62.5,0.0,0.0,74.372831,0.0,0.0,0.0,0.0,0.0,0.0,0.0,0.0,0.0,Optimal,3567.354144099998,3742376.15534414
482,,57.0,0.0,27.648,45.572831,27.648,0.0,-27.648,0.0,0.0,0.0,0.0,0.0,0.0,Optimal,3567.354144099998,3742376.15534414
483,,55.15,30.0,0.0,74.372831,0.0,30.0,30.0,0.0,0.0,0.0,0.0,0.0,0.0,Optimal,3567.354144099998,3742376.15534414
484,,50.89,0.0,5.2881325,68.86436,5.2881325,0.0,-5.2881325,0.0,0.0,0.0,0.0,0.0,0.0,Optimal,3567.354144099998,3742376.15534414
485,,48.31,0.0,30.0,37.61436,30.0,0.0,-30.0,0.0,0.0,0.0,0.0,0.0,0.0,Optimal,3567.354144099998,3742376.15534414
486,,46.94,30.0,0.0,66.41436,0.0,30.0,30.0,0.0,0.0,0.0,0.0,0.0,0.0,Optimal,3567.354144099998,3742376.15534414
487,,45.0,0.0,30.0,35.16436,30.0,0.0,-30.0,0.0,0.0,0.0,0.0,0.0,0.0,Optimal,3567.354144099998,3742376.15534414
488,,42.17,0.0,30.0,3.9143595,30.0,0.0,-30.0,0.0,0.0,0.0,0.0,0.0,0.0,Optimal,3567.354144099998,3742376.15534414
489,,51.0,0.0,0.0,3.9143595,0.0,0.0,0.0,0.0,0.0,0.0,0.0,0.0,0.0,Optimal,3567.354144099998,3742376.15534414
490,,60.0,30.0,0.0,32.71436,0.0,30.0,30.0,0.0,0.0,0.0,0.0,0.0,0.0,Optimal,3567.354144099998,3742376.15534414
491,,59.09,30.0,0.0,61.51436,0.0,30.0,30.0,0.0,0.0,0.0,0.0,0.0,0.0,Optimal,3567.354144099998,3742376.15534414
492,,56.24,0.0,20.592,40.06436,20.592,0.0,-20.592,0.0,0.0,0.0,0.0,0.0,0.0,Optimal,3567.354144099998,3742376.15534414
493,,59.9,30.0,0.0,68.86436,0.0,30.0,30.0,0.0,0.0,0.0,0.0,0.0,0.0,Optimal,3567.354144099998,3742376.15534414
494,,52.74,0.0,30.0,37.61436,30.0,0.0,-30.0,0.0,0.0,0.0,0.0,0.0,0.0,Optimal,3567.354144099998,3742376.15534414
495,,55.84,0.0,30.0,6.3643595,30.0,0.0,-30.0,0.0,0.0,0.0,0.0,0.0,0.0,Optimal,3567.354144099998,3742376.15534414
496,,57.21,30.0,0.0,35.16436,0.0,30.0,30.0,0.0,0.0,0.0,0.0,0.0,0.0,Optimal,3567.354144099998,3742376.15534414
497,,55.53,0.0,30.0,3.9143595,30.0,0.0,-30.0,0.0,0.0,0.0,0.0,0.0,0.0,Optimal,3567.354144099998,3742376.15534414
498,,68.79,30.0,0.0,32.71436,0.0,30.0,30.0,0.0,0.0,0.0,0.0,0.0,0.0,Optimal,3567.354144099998,3742376.15534414
499,,82.0,30.0,0.0,61.51436,0.0,30.0,30.0,0.0,0.0,0.0,0.0,0.0,0.0,Optimal,3567.354144099998,3742376.15534414
500,,64.0,13.394241,0.0,74.372831,0.0,13.394241,13.394241,0.0,0.0,0.0,0.0,0.0,0.0,Optimal,3567.354144099998,3742376.15534414
501,,60.2,0.0,27.648,45.572831,27.648,0.0,-27.648,0.0,0.0,0.0,0.0,0.0,0.0,Optimal,3567.354144099998,3742376.15534414
502,,57.0,30.0,0.0,74.372831,0.0,30.0,30.0,0.0,0.0,0.0,0.0,0.0,0.0,Optimal,3567.354144099998,3742376.15534414
503,,54.26,0.0,27.648,45.572831,27.648,0.0,-27.648,0.0,0.0,0.0,0.0,0.0,0.0,Optimal,3567.354144099998,3742376.15534414
504,,53.27,30.0,0.0,74.372831,0.0,30.0,30.0,0.0,0.0,0.0,0.0,0.0,0.0,Optimal,3567.354144099998,3742376.15534414
505,,44.08,0.0,30.0,43.122831,30.0,0.0,-30.0,0.0,0.0,0.0,0.0,0.0,0.0,Optimal,3567.354144099998,3742376.15534414
506,,49.99,30.0,0.0,71.922831,0.0,30.0,30.0,0.0,0.0,0.0,0.0,0.0,0.0,Optimal,3567.354144099998,3742376.15534414
507,,45.0,2.5520833,0.0,74.372831,0.0,2.5520833,2.5520833,0.0,0.0,0.0,0.0,0.0,0.0,Optimal,3567.354144099998,3742376.15534414
508,,27.92,0.0,7.6401325,66.41436,7.6401325,0.0,-7.6401325,0.0,0.0,0.0,0.0,0.0,0.0,Optimal,3567.354144099998,3742376.15534414
509,,18.0,0.0,30.0,35.16436,30.0,0.0,-30.0,0.0,0.0,0.0,0.0,0.0,0.0,Optimal,3567.354144099998,3742376.15534414
510,,20.5,0.0,30.0,3.9143595,30.0,0.0,-30.0,0.0,0.0,0.0,0.0,0.0,0.0,Optimal,3567.354144099998,3742376.15534414
511,,42.27,0.0,0.0,3.9143595,0.0,0.0,0.0,0.0,0.0,0.0,0.0,0.0,0.0,Optimal,3567.354144099998,3742376.15534414
512,,68.5,0.0,0.0,3.9143595,0.0,0.0,0.0,0.0,0.0,0.0,0.0,0.0,0.0,Optimal,3567.354144099998,3742376.15534414
513,,130.0,30.0,0.0,32.71436,0.0,30.0,30.0,0.0,0.0,0.0,0.0,0.0,0.0,Optimal,3567.354144099998,3742376.15534414
514,,89.6,30.0,0.0,61.51436,0.0,30.0,30.0,0.0,0.0,0.0,0.0,0.0,0.0,Optimal,3567.354144099998,3742376.15534414
515,,74.34,13.394241,0.0,74.372831,0.0,13.394241,13.394241,0.0,0.0,0.0,0.0,0.0,0.0,Optimal,3567.354144099998,3742376.15534414
516,,60.6,0.0,5.2881325,68.86436,5.2881325,0.0,-5.2881325,0.0,0.0,0.0,0.0,0.0,0.0,Optimal,3567.354144099998,3742376.15534414
517,,57.01,0.0,30.0,37.61436,30.0,0.0,-30.0,0.0,0.0,0.0,0.0,0.0,0.0,Optimal,3567.354144099998,3742376.15534414
518,,56.52,0.0,30.0,6.3643595,30.0,0.0,-30.0,0.0,0.0,0.0,0.0,0.0,0.0,Optimal,3567.354144099998,3742376.15534414
519,,58.55,30.0,0.0,35.16436,0.0,30.0,30.0,0.0,0.0,0.0,0.0,0.0,0.0,Optimal,3567.354144099998,3742376.15534414
520,,60.47,0.0,30.0,3.9143595,30.0,0.0,-30.0,0.0,0.0,0.0,0.0,0.0,0.0,Optimal,3567.354144099998,3742376.15534414
521,,67.0,0.0,0.0,3.9143595,0.0,0.0,0.0,0.0,0.0,0.0,0.0,0.0,0.0,Optimal,3567.354144099998,3742376.15534414
522,,88.77,13.394241,0.0,16.772831,0.0,13.394241,13.394241,0.0,0.0,0.0,0.0,0.0,0.0,Optimal,3567.354144099998,3742376.15534414
523,,110.3,30.0,0.0,45.572831,0.0,30.0,30.0,0.0,0.0,0.0,0.0,0.0,0.0,Optimal,3567.354144099998,3742376.15534414
524,,98.1,30.0,0.0,74.372831,0.0,30.0,30.0,0.0,0.0,0.0,0.0,0.0,0.0,Optimal,3567.354144099998,3742376.15534414
525,,67.43,0.0,27.648,45.572831,27.648,0.0,-27.648,0.0,0.0,0.0,0.0,0.0,0.0,Optimal,3567.354144099998,3742376.15534414
526,,64.41,30.0,0.0,74.372831,0.0,30.0,30.0,0.0,0.0,0.0,0.0,0.0,0.0,Optimal,3567.354144099998,3742376.15534414
527,,56.22,0.0,0.0,74.372831,0.0,0.0,0.0,0.0,0.0,0.0,0.0,0.0,0.0,Optimal,3567.354144099998,3742376.15534414
528,,50.35,0.0,0.0,74.372831,0.0,0.0,0.0,0.0,0.0,0.0,0.0,0.0,0.0,Optimal,3567.354144099998,3742376.15534414
529,,16.84,0.0,0.0,74.372831,0.0,0.0,0.0,0.0,0.0,0.0,0.0,0.0,0.0,Optimal,3567.354144099998,3742376.15534414
530,,10.99,0.0,0.0,74.372831,0.0,0.0,0.0,0.0,0.0,0.0,0.0,0.0,0.0,Optimal,3567.354144099998,3742376.15534414
531,,10.0,0.0,30.0,43.122831,30.0,0.0,-30.0,0.0,0.0,0.0,0.0,0.0,0.0,Optimal,3567.354144099998,3742376.15534414
532,,5.0,0.0,30.0,11.872831,30.0,0.0,-30.0,0.0,0.0,0.0,0.0,0.0,0.0,Optimal,3567.354144099998,3742376.15534414
533,,10.84,0.0,7.6401325,3.9143595,7.6401325,0.0,-7.6401325,0.0,0.0,0.0,0.0,0.0,0.0,Optimal,3567.354144099998,3742376.15534414
534,,39.51,0.0,0.0,3.9143595,0.0,0.0,0.0,0.0,0.0,0.0,0.0,0.0,0.0,Optimal,3567.354144099998,3742376.15534414
535,,61.51,0.0,0.0,3.9143595,0.0,0.0,0.0,0.0,0.0,0.0,0.0,0.0,0.0,Optimal,3567.354144099998,3742376.15534414
536,,88.25,13.394241,0.0,16.772831,0.0,13.394241,13.394241,0.0,0.0,0.0,0.0,0.0,0.0,Optimal,3567.354144099998,3742376.15534414
537,,115.8,30.0,0.0,45.572831,0.0,30.0,30.0,0.0,0.0,0.0,0.0,0.0,0.0,Optimal,3567.354144099998,3742376.15534414
538,,96.68,30.0,0.0,74.372831,0.0,30.0,30.0,0.0,0.0,0.0,0.0,0.0,0.0,Optimal,3567.354144099998,3742376.15534414
539,,80.9,0.0,0.0,74.372831,0.0,0.0,0.0,0.0,0.0,0.0,0.0,0.0,0.0,Optimal,3567.354144099998,3742376.15534414
540,,65.0,0.0,7.6401325,66.41436,7.6401325,0.0,-7.6401325,0.0,0.0,0.0,0.0,0.0,0.0,Optimal,3567.354144099998,3742376.15534414
541,,64.13,0.0,30.0,35.16436,30.0,0.0,-30.0,0.0,0.0,0.0,0.0,0.0,0.0,Optimal,3567.354144099998,3742376.15534414
542,,63.36,0.0,30.0,3.9143595,30.0,0.0,-30.0,0.0,0.0,0.0,0.0,0.0,0.0,Optimal,3567.354144099998,3742376.15534414
543,,70.02,0.0,0.0,3.9143595,0.0,0.0,0.0,0.0,0.0,0.0,0.0,0.0,0.0,Optimal,3567.354144099998,3742376.15534414
544,,74.3,30.0,0.0,32.71436,0.0,30.0,30.0,0.0,0.0,0.0,0.0,0.0,0.0,Optimal,3567.354144099998,3742376.15534414
545,,77.19,0.0,27.648,3.9143595,27.648,0.0,-27.648,0.0,0.0,0.0,0.0,0.0,0.0,Optimal,3567.354144099998,3742376.15534414
546,,81.81,30.0,0.0,32.71436,0.0,30.0,30.0,0.0,0.0,0.0,0.0,0.0,0.0,Optimal,3567.354144099998,3742376.15534414
547,,84.89,30.0,0.0,61.51436,0.0,30.0,30.0,0.0,0.0,0.0,0.0,0.0,0.0,Optimal,3567.354144099998,3742376.15534414
548,,75.35,13.394241,0.0,74.372831,0.0,13.394241,13.394241,0.0,0.0,0.0,0.0,0.0,0.0,Optimal,3567.354144099998,3742376.15534414
549,,65.0,0.0,27.648,45.572831,27.648,0.0,-27.648,0.0,0.0,0.0,0.0,0.0,0.0,Optimal,3567.354144099998,3742376.15534414
550,,63.2,30.0,0.0,74.372831,0.0,30.0,30.0,0.0,0.0,0.0,0.0,0.0,0.0,Optimal,3567.354144099998,3742376.15534414
551,,53.4,0.0,0.0,74.372831,0.0,0.0,0.0,0.0,0.0,0.0,0.0,0.0,0.0,Optimal,3567.354144099998,3742376.15534414
552,,35.0,0.0,0.0,74.372831,0.0,0.0,0.0,0.0,0.0,0.0,0.0,0.0,0.0,Optimal,3567.354144099998,3742376.15534414
553,,4.85,0.0,0.0,74.372831,0.0,0.0,0.0,0.0,0.0,0.0,0.0,0.0,0.0,Optimal,3567.354144099998,3742376.15534414
554,,2.12,0.0,0.0,74.372831,0.0,0.0,0.0,0.0,0.0,0.0,0.0,0.0,0.0,Optimal,3567.354144099998,3742376.15534414
555,,0.0,0.0,7.6401325,66.41436,7.6401325,0.0,-7.6401325,0.0,0.0,0.0,0.0,0.0,0.0,Optimal,3567.354144099998,3742376.15534414
556,,-3.89,0.0,30.0,35.16436,30.0,0.0,-30.0,0.0,0.0,0.0,0.0,0.0,0.0,Optimal,3567.354144099998,3742376.15534414
557,,-5.0,0.0,30.0,3.9143595,30.0,0.0,-30.0,0.0,0.0,0.0,0.0,0.0,0.0,Optimal,3567.354144099998,3742376.15534414
558,,0.0,0.0,0.0,3.9143595,0.0,0.0,0.0,0.0,0.0,0.0,0.0,0.0,0.0,Optimal,3567.354144099998,3742376.15534414
559,,16.65,0.0,0.0,3.9143595,0.0,0.0,0.0,0.0,0.0,0.0,0.0,0.0,0.0,Optimal,3567.354144099998,3742376.15534414
560,,67.5,0.0,0.0,3.9143595,0.0,0.0,0.0,0.0,0.0,0.0,0.0,0.0,0.0,Optimal,3567.354144099998,3742376.15534414
561,,95.0,30.0,0.0,32.71436,0.0,30.0,30.0,0.0,0.0,0.0,0.0,0.0,0.0,Optimal,3567.354144099998,3742376.15534414
562,,93.33,30.0,0.0,61.51436,0.0,30.0,30.0,0.0,0.0,0.0,0.0,0.0,0.0,Optimal,3567.354144099998,3742376.15534414
563,,68.0,13.394241,0.0,74.372831,0.0,13.394241,13.394241,0.0,0.0,0.0,0.0,0.0,0.0,Optimal,3567.354144099998,3742376.15534414
564,,52.21,0.0,0.0,74.372831,0.0,0.0,0.0,0.0,0.0,0.0,0.0,0.0,0.0,Optimal,3567.354144099998,3742376.15534414
565,,39.32,0.0,30.0,43.122831,30.0,0.0,-30.0,0.0,0.0,0.0,0.0,0.0,0.0,Optimal,3567.354144099998,3742376.15534414
566,,38.3,0.0,30.0,11.872831,30.0,0.0,-30.0,0.0,0.0,0.0,0.0,0.0,0.0,Optimal,3567.354144099998,3742376.15534414
567,,46.5,0.0,7.6401325,3.9143595,7.6401325,0.0,-7.6401325,0.0,0.0,0.0,0.0,0.0,0.0,Optimal,3567.354144099998,3742376.15534414
568,,68.43,0.0,0.0,3.9143595,0.0,0.0,0.0,0.0,0.0,0.0,0.0,0.0,0.0,Optimal,3567.354144099998,3742376.15534414
569,,80.0,0.0,0.0,3.9143595,0.0,0.0,0.0,0.0,0.0,0.0,0.0,0.0,0.0,Optimal,3567.354144099998,3742376.15534414
570,,98.0,30.0,0.0,32.71436,0.0,30.0,30.0,0.0,0.0,0.0,0.0,0.0,0.0,Optimal,3567.354144099998,3742376.15534414
571,,92.72,13.394241,0.0,45.572831,0.0,13.394241,13.394241,0.0,0.0,0.0,0.0,0.0,0.0,Optimal,3567.354144099998,3742376.15534414
572,,100.1,30.0,0.0,74.372831,0.0,30.0,30.0,0.0,0.0,0.0,0.0,0.0,0.0,Optimal,3567.354144099998,3742376.15534414
573,,84.0,0.0,27.648,45.572831,27.648,0.0,-27.648,0.0,0.0,0.0,0.0,0.0,0.0,Optimal,3567.354144099998,3742376.15534414
574,,81.99,30.0,0.0,74.372831,0.0,30.0,30.0,0.0,0.0,0.0,0.0,0.0,0.0,Optimal,3567.354144099998,3742376.15534414
575,,71.8,0.0,27.648,45.572831,27.648,0.0,-27.648,0.0,0.0,0.0,0.0,0.0,0.0,Optimal,3567.354144099998,3742376.15534414
576,,81.8,30.0,0.0,74.372831,0.0,30.0,30.0,0.0,0.0,0.0,0.0,0.0,0.0,Optimal,3567.354144099998,3742376.15534414
577,,64.9,0.0,30.0,43.122831,30.0,0.0,-30.0,0.0,0.0,0.0,0.0,0.0,0.0,Optimal,3567.354144099998,3742376.15534414
578,,56.1,0.0,30.0,11.872831,30.0,0.0,-30.0,0.0,0.0,0.0,0.0,0.0,0.0,Optimal,3567.354144099998,3742376.15534414
579,,67.2,0.0,7.6401325,3.9143595,7.6401325,0.0,-7.6401325,0.0,0.0,0.0,0.0,0.0,0.0,Optimal,3567.354144099998,3742376.15534414
580,,75.0,30.0,0.0,32.71436,0.0,30.0,30.0,0.0,0.0,0.0,0.0,0.0,0.0,Optimal,3567.354144099998,3742376.15534414
581,,75.31,0.0,27.648,3.9143595,27.648,0.0,-27.648,0.0,0.0,0.0,0.0,0.0,0.0,Optimal,3567.354144099998,3742376.15534414
582,,75.9,30.0,0.0,32.71436,0.0,30.0,30.0,0.0,0.0,0.0,0.0,0.0,0.0,Optimal,3567.354144099998,3742376.15534414
583,,78.58,0.0,27.648,3.9143595,27.648,0.0,-27.648,0.0,0.0,0.0,0.0,0.0,0.0,Optimal,3567.354144099998,3742376.15534414
584,,92.1,13.394241,0.0,16.772831,0.0,13.394241,13.394241,0.0,0.0,0.0,0.0,0.0,0.0,Optimal,3567.354144099998,3742376.15534414
585,,103.02,30.0,0.0,45.572831,0.0,30.0,30.0,0.0,0.0,0.0,0.0,0.0,0.0,Optimal,3567.354144099998,3742376.15534414
586,,94.0,30.0,0.0,74.372831,0.0,30.0,30.0,0.0,0.0,0.0,0.0,0.0,0.0,Optimal,3567.354144099998,3742376.15534414
587,,83.96,0.0,0.0,74.372831,0.0,0.0,0.0,0.0,0.0,0.0,0.0,0.0,0.0,Optimal,3567.354144099998,3742376.15534414
588,,78.66,0.0,7.6401325,66.41436,7.6401325,0.0,-7.6401325,0.0,0.0,0.0,0.0,0.0,0.0,Optimal,3567.354144099998,3742376.15534414
589,,74.95,0.0,30.0,35.16436,30.0,0.0,-30.0,0.0,0.0,0.0,0.0,0.0,0.0,Optimal,3567.354144099998,3742376.15534414
590,,76.55,0.0,30.0,3.9143595,30.0,0.0,-30.0,0.0,0.0,0.0,0.0,0.0,0.0,Optimal,3567.354144099998,3742376.15534414
591,,84.22,30.0,0.0,32.71436,0.0,30.0,30.0,0.0,0.0,0.0,0.0,0.0,0.0,Optimal,3567.354144099998,3742376.15534414
592,,88.61,0.0,27.648,3.9143595,27.648,0.0,-27.648,0.0,0.0,0.0,0.0,0.0,0.0,Optimal,3567.354144099998,3742376.15534414
593,,96.98,0.0,0.0,3.9143595,0.0,0.0,0.0,0.0,0.0,0.0,0.0,0.0,0.0,Optimal,3567.354144099998,3742376.15534414
594,,116.0,30.0,0.0,32.71436,0.0,30.0,30.0,0.0,0.0,0.0,0.0,0.0,0.0,Optimal,3567.354144099998,3742376.15534414
595,,112.4,30.0,0.0,61.51436,0.0,30.0,30.0,0.0,0.0,0.0,0.0,0.0,0.0,Optimal,3567.354144099998,3742376.15534414
596,,98.53,13.394241,0.0,74.372831,0.0,13.394241,13.394241,0.0,0.0,0.0,0.0,0.0,0.0,Optimal,3567.354144099998,3742376.15534414
597,,79.91,0.0,27.648,45.572831,27.648,0.0,-27.648,0.0,0.0,0.0,0.0,0.0,0.0,Optimal,3567.354144099998,3742376.15534414
598,,84.28,30.0,0.0,74.372831,0.0,30.0,30.0,0.0,0.0,0.0,0.0,0.0,0.0,Optimal,3567.354144099998,3742376.15534414
599,,79.4,0.0,27.648,45.572831,27.648,0.0,-27.648,0.0,0.0,0.0,0.0,0.0,0.0,Optimal,3567.354144099998,3742376.15534414
600,,74.17,30.0,0.0,74.372831,0.0,30.0,30.0,0.0,0.0,0.0,0.0,0.0,0.0,Optimal,3567.354144099998,3742376.15534414
601,,62.8,0.0,30.0,43.122831,30.0,0.0,-30.0,0.0,0.0,0.0,0.0,0.0,0.0,Optimal,3567.354144099998,3742376.15534414
602,,62.0,30.0,0.0,71.922831,0.0,30.0,30.0,0.0,0.0,0.0,0.0,0.0,0.0,Optimal,3567.354144099998,3742376.15534414
603,,58.49,2.5520833,0.0,74.372831,0.0,2.5520833,2.5520833,0.0,0.0,0.0,0.0,0.0,0.0,Optimal,3567.354144099998,3742376.15534414
604,,54.79,0.0,7.6401325,66.41436,7.6401325,0.0,-7.6401325,0.0,0.0,0.0,0.0,0.0,0.0,Optimal,3567.354144099998,3742376.15534414
605,,47.4,0.0,30.0,35.16436,30.0,0.0,-30.0,0.0,0.0,0.0,0.0,0.0,0.0,Optimal,3567.354144099998,3742376.15534414
606,,50.87,0.0,30.0,3.9143595,30.0,0.0,-30.0,0.0,0.0,0.0,0.0,0.0,0.0,Optimal,3567.354144099998,3742376.15534414
607,,58.15,0.0,0.0,3.9143595,0.0,0.0,0.0,0.0,0.0,0.0,0.0,0.0,0.0,Optimal,3567.354144099998,3742376.15534414
608,,71.98,13.394241,0.0,16.772831,0.0,13.394241,13.394241,0.0,0.0,0.0,0.0,0.0,0.0,Optimal,3567.354144099998,3742376.15534414
609,,77.45,30.0,0.0,45.572831,0.0,30.0,30.0,0.0,0.0,0.0,0.0,0.0,0.0,Optimal,3567.354144099998,3742376.15534414
610,,80.1,30.0,0.0,74.372831,0.0,30.0,30.0,0.0,0.0,0.0,0.0,0.0,0.0,Optimal,3567.354144099998,3742376.15534414
611,,71.34,0.0,0.0,74.372831,0.0,0.0,0.0,0.0,0.0,0.0,0.0,0.0,0.0,Optimal,3567.354144099998,3742376.15534414
612,,58.94,0.0,0.0,74.372831,0.0,0.0,0.0,0.0,0.0,0.0,0.0,0.0,0.0,Optimal,3567.354144099998,3742376.15534414
613,,52.08,0.0,30.0,43.122831,30.0,0.0,-30.0,0.0,0.0,0.0,0.0,0.0,0.0,Optimal,3567.354144099998,3742376.15534414
614,,46.3,0.0,30.0,11.872831,30.0,0.0,-30.0,0.0,0.0,0.0,0.0,0.0,0.0,Optimal,3567.354144099998,3742376.15534414
615,,50.0,24.262009,0.0,35.16436,0.0,24.262009,24.262009,0.0,0.0,0.0,0.0,0.0,0.0,Optimal,3567.354144099998,3742376.15534414
616,,51.17,0.0,30.0,3.9143595,30.0,0.0,-30.0,0.0,0.0,0.0,0.0,0.0,0.0,Optimal,3567.354144099998,3742376.15534414
617,,75.0,0.0,0.0,3.9143595,0.0,0.0,0.0,0.0,0.0,0.0,0.0,0.0,0.0,Optimal,3567.354144099998,3742376.15534414
618,,95.0,0.0,0.0,3.9143595,0.0,0.0,0.0,0.0,0.0,0.0,0.0,0.0,0.0,Optimal,3567.354144099998,3742376.15534414
619,,135.57,30.0,0.0,32.71436,0.0,30.0,30.0,0.0,0.0,0.0,0.0,0.0,0.0,Optimal,3567.354144099998,3742376.15534414
620,,111.12,30.0,0.0,61.51436,0.0,30.0,30.0,0.0,0.0,0.0,0.0,0.0,0.0,Optimal,3567.354144099998,3742376.15534414
621,,95.8,13.394241,0.0,74.372831,0.0,13.394241,13.394241,0.0,0.0,0.0,0.0,0.0,0.0,Optimal,3567.354144099998,3742376.15534414
622,,82.0,0.0,27.648,45.572831,27.648,0.0,-27.648,0.0,0.0,0.0,0.0,0.0,0.0,Optimal,3567.354144099998,3742376.15534414
623,,84.2,30.0,0.0,74.372831,0.0,30.0,30.0,0.0,0.0,0.0,0.0,0.0,0.0,Optimal,3567.354144099998,3742376.15534414
624,,79.36,0.0,27.648,45.572831,27.648,0.0,-27.648,0.0,0.0,0.0,0.0,0.0,0.0,Optimal,3567.354144099998,3742376.15534414
625,,74.5,30.0,0.0,74.372831,0.0,30.0,30.0,0.0,0.0,0.0,0.0,0.0,0.0,Optimal,3567.354144099998,3742376.15534414
626,,68.9,0.0,27.648,45.572831,27.648,0.0,-27.648,0.0,0.0,0.0,0.0,0.0,0.0,Optimal,3567.354144099998,3742376.15534414
627,,65.9,30.0,0.0,74.372831,0.0,30.0,30.0,0.0,0.0,0.0,0.0,0.0,0.0,Optimal,3567.354144099998,3742376.15534414
628,,59.0,0.0,30.0,43.122831,30.0,0.0,-30.0,0.0,0.0,0.0,0.0,0.0,0.0,Optimal,3567.354144099998,3742376.15534414
629,,56.49,0.0,30.0,11.872831,30.0,0.0,-30.0,0.0,0.0,0.0,0.0,0.0,0.0,Optimal,3567.354144099998,3742376.15534414
630,,58.58,24.262009,0.0,35.16436,0.0,24.262009,24.262009,0.0,0.0,0.0,0.0,0.0,0.0,Optimal,3567.354144099998,3742376.15534414
631,,59.98,0.0,30.0,3.9143595,30.0,0.0,-30.0,0.0,0.0,0.0,0.0,0.0,0.0,Optimal,3567.354144099998,3742376.15534414
632,,66.9,0.0,0.0,3.9143595,0.0,0.0,0.0,0.0,0.0,0.0,0.0,0.0,0.0,Optimal,3567.354144099998,3742376.15534414
633,,86.76,30.0,0.0,32.71436,0.0,30.0,30.0,0.0,0.0,0.0,0.0,0.0,0.0,Optimal,3567.354144099998,3742376.15534414
634,,86.2,30.0,0.0,61.51436,0.0,30.0,30.0,0.0,0.0,0.0,0.0,0.0,0.0,Optimal,3567.354144099998,3742376.15534414
635,,80.17,13.394241,0.0,74.372831,0.0,13.394241,13.394241,0.0,0.0,0.0,0.0,0.0,0.0,Optimal,3567.354144099998,3742376.15534414
636,,60.33,0.0,0.0,74.372831,0.0,0.0,0.0,0.0,0.0,0.0,0.0,0.0,0.0,Optimal,3567.354144099998,3742376.15534414
637,,55.84,0.0,30.0,43.122831,30.0,0.0,-30.0,0.0,0.0,0.0,0.0,0.0,0.0,Optimal,3567.354144099998,3742376.15534414
638,,53.88,0.0,30.0,11.872831,30.0,0.0,-30.0,0.0,0.0,0.0,0.0,0.0,0.0,Optimal,3567.354144099998,3742376.15534414
639,,59.73,0.0,7.6401325,3.9143595,7.6401325,0.0,-7.6401325,0.0,0.0,0.0,0.0,0.0,0.0,Optimal,3567.354144099998,3742376.15534414
640,,78.2,30.0,0.0,32.71436,0.0,30.0,30.0,0.0,0.0,0.0,0.0,0.0,0.0,Optimal,3567.354144099998,3742376.15534414
641,,82.4,0.0,27.648,3.9143595,27.648,0.0,-27.648,0.0,0.0,0.0,0.0,0.0,0.0,Optimal,3567.354144099998,3742376.15534414
642,,91.22,13.394241,0.0,16.772831,0.0,13.394241,13.394241,0.0,0.0,0.0,0.0,0.0,0.0,Optimal,3567.354144099998,3742376.15534414
643,,95.97,30.0,0.0,45.572831,0.0,30.0,30.0,0.0,0.0,0.0,0.0,0.0,0.0,Optimal,3567.354144099998,3742376.15534414
644,,92.62,30.0,0.0,74.372831,0.0,30.0,30.0,0.0,0.0,0.0,0.0,0.0,0.0,Optimal,3567.354144099998,3742376.15534414
645,,84.43,0.0,0.0,74.372831,0.0,0.0,0.0,0.0,0.0,0.0,0.0,0.0,0.0,Optimal,3567.354144099998,3742376.15534414
646,,75.96,0.0,30.0,43.122831,30.0,0.0,-30.0,0.0,0.0,0.0,0.0,0.0,0.0,Optimal,3567.354144099998,3742376.15534414
647,,75.97,30.0,0.0,71.922831,0.0,30.0,30.0,0.0,0.0,0.0,0.0,0.0,0.0,Optimal,3567.354144099998,3742376.15534414
648,,72.7,2.5520833,0.0,74.372831,0.0,2.5520833,2.5520833,0.0,0.0,0.0,0.0,0.0,0.0,Optimal,3567.354144099998,3742376.15534414
649,,66.77,0.0,0.0,74.372831,0.0,0.0,0.0,0.0,0.0,0.0,0.0,0.0,0.0,Optimal,3567.354144099998,3742376.15534414
650,,60.7,0.0,7.6401325,66.41436,7.6401325,0.0,-7.6401325,0.0,0.0,0.0,0.0,0.0,0.0,Optimal,3567.354144099998,3742376.15534414
651,,59.1,0.0,30.0,35.16436,30.0,0.0,-30.0,0.0,0.0,0.0,0.0,0.0,0.0,Optimal,3567.354144099998,3742376.15534414
652,,58.89,0.0,30.0,3.9143595,30.0,0.0,-30.0,0.0,0.0,0.0,0.0,0.0,0.0,Optimal,3567.354144099998,3742376.15534414
653,,59.97,30.0,0.0,32.71436,0.0,30.0,30.0,0.0,0.0,0.0,0.0,0.0,0.0,Optimal,3567.354144099998,3742376.15534414
654,,62.41,30.0,0.0,61.51436,0.0,30.0,30.0,0.0,0.0,0.0,0.0,0.0,0.0,Optimal,3567.354144099998,3742376.15534414
655,,59.32,0.0,30.0,30.26436,30.0,0.0,-30.0,0.0,0.0,0.0,0.0,0.0,0.0,Optimal,3567.354144099998,3742376.15534414
656,,58.98,15.946324,0.0,45.572831,0.0,15.946324,15.946324,0.0,0.0,0.0,0.0,0.0,0.0,Optimal,3567.354144099998,3742376.15534414
657,,59.2,30.0,0.0,74.372831,0.0,30.0,30.0,0.0,0.0,0.0,0.0,0.0,0.0,Optimal,3567.354144099998,3742376.15534414
658,,55.22,0.0,27.648,45.572831,27.648,0.0,-27.648,0.0,0.0,0.0,0.0,0.0,0.0,Optimal,3567.354144099998,3742376.15534414
659,,51.35,30.0,0.0,74.372831,0.0,30.0,30.0,0.0,0.0,0.0,0.0,0.0,0.0,Optimal,3567.354144099998,3742376.15534414
660,,45.51,0.0,7.6401325,66.41436,7.6401325,0.0,-7.6401325,0.0,0.0,0.0,0.0,0.0,0.0,Optimal,3567.354144099998,3742376.15534414
661,,41.24,0.0,30.0,35.16436,30.0,0.0,-30.0,0.0,0.0,0.0,0.0,0.0,0.0,Optimal,3567.354144099998,3742376.15534414
662,,40.25,0.0,30.0,3.9143595,30.0,0.0,-30.0,0.0,0.0,0.0,0.0,0.0,0.0,Optimal,3567.354144099998,3742376.15534414
663,,49.71,0.0,0.0,3.9143595,0.0,0.0,0.0,0.0,0.0,0.0,0.0,0.0,0.0,Optimal,3567.354144099998,3742376.15534414
664,,54.9,0.0,0.0,3.9143595,0.0,0.0,0.0,0.0,0.0,0.0,0.0,0.0,0.0,Optimal,3567.354144099998,3742376.15534414
665,,66.29,13.394241,0.0,16.772831,0.0,13.394241,13.394241,0.0,0.0,0.0,0.0,0.0,0.0,Optimal,3567.354144099998,3742376.15534414
666,,76.42,30.0,0.0,45.572831,0.0,30.0,30.0,0.0,0.0,0.0,0.0,0.0,0.0,Optimal,3567.354144099998,3742376.15534414
667,,74.7,30.0,0.0,74.372831,0.0,30.0,30.0,0.0,0.0,0.0,0.0,0.0,0.0,Optimal,3567.354144099998,3742376.15534414
668,,70.16,0.0,27.648,45.572831,27.648,0.0,-27.648,0.0,0.0,0.0,0.0,0.0,0.0,Optimal,3567.354144099998,3742376.15534414
669,,68.61,30.0,0.0,74.372831,0.0,30.0,30.0,0.0,0.0,0.0,0.0,0.0,0.0,Optimal,3567.354144099998,3742376.15534414
670,,57.57,0.0,30.0,43.122831,30.0,0.0,-30.0,0.0,0.0,0.0,0.0,0.0,0.0,Optimal,3567.354144099998,3742376.15534414
671,,59.66,30.0,0.0,71.922831,0.0,30.0,30.0,0.0,0.0,0.0,0.0,0.0,0.0,Optimal,3567.354144099998,3742376.15534414
672,,56.0,2.5520833,0.0,74.372831,0.0,2.5520833,2.5520833,0.0,0.0,0.0,0.0,0.0,0.0,Optimal,3567.354144099998,3742376.15534414
673,,49.97,0.0,30.0,43.122831,30.0,0.0,-30.0,0.0,0.0,0.0,0.0,0.0,0.0,Optimal,3567.354144099998,3742376.15534414
674,,47.26,0.0,30.0,11.872831,30.0,0.0,-30.0,0.0,0.0,0.0,0.0,0.0,0.0,Optimal,3567.354144099998,3742376.15534414
675,,48.12,30.0,0.0,40.672831,0.0,30.0,30.0,0.0,0.0,0.0,0.0,0.0,0.0,Optimal,3567.354144099998,3742376.15534414
676,,47.97,0.0,30.0,9.4228309,30.0,0.0,-30.0,0.0,0.0,0.0,0.0,0.0,0.0,Optimal,3567.354144099998,3742376.15534414
677,,51.58,0.0,5.2881325,3.9143595,5.2881325,0.0,-5.2881325,0.0,0.0,0.0,0.0,0.0,0.0,Optimal,3567.354144099998,3742376.15534414
678,,60.06,0.0,0.0,3.9143595,0.0,0.0,0.0,0.0,0.0,0.0,0.0,0.0,0.0,Optimal,3567.354144099998,3742376.15534414
679,,80.15,0.0,0.0,3.9143595,0.0,0.0,0.0,0.0,0.0,0.0,0.0,0.0,0.0,Optimal,3567.354144099998,3742376.15534414
680,,92.69,30.0,0.0,32.71436,0.0,30.0,30.0,0.0,0.0,0.0,0.0,0.0,0.0,Optimal,3567.354144099998,3742376.15534414
681,,99.2,30.0,0.0,61.51436,0.0,30.0,30.0,0.0,0.0,0.0,0.0,0.0,0.0,Optimal,3567.354144099998,3742376.15534414
682,,88.39,13.394241,0.0,74.372831,0.0,13.394241,13.394241,0.0,0.0,0.0,0.0,0.0,0.0,Optimal,3567.354144099998,3742376.15534414
683,,78.9,0.0,0.0,74.372831,0.0,0.0,0.0,0.0,0.0,0.0,0.0,0.0,0.0,Optimal,3567.354144099998,3742376.15534414
684,,71.27,0.0,30.0,43.122831,30.0,0.0,-30.0,0.0,0.0,0.0,0.0,0.0,0.0,Optimal,3567.354144099998,3742376.15534414
685,,70.24,0.0,30.0,11.872831,30.0,0.0,-30.0,0.0,0.0,0.0,0.0,0.0,0.0,Optimal,3567.354144099998,3742376.15534414
686,,74.87,0.0,7.6401325,3.9143595,7.6401325,0.0,-7.6401325,0.0,0.0,0.0,0.0,0.0,0.0,Optimal,3567.354144099998,3742376.15534414
687,,81.99,0.0,0.0,3.9143595,0.0,0.0,0.0,0.0,0.0,0.0,0.0,0.0,0.0,Optimal,3567.354144099998,3742376.15534414
688,,95.67,0.0,0.0,3.9143595,0.0,0.0,0.0,0.0,0.0,0.0,0.0,0.0,0.0,Optimal,3567.354144099998,3742376.15534414
689,,104.79,0.0,0.0,3.9143595,0.0,0.0,0.0,0.0,0.0,0.0,0.0,0.0,0.0,Optimal,3567.354144099998,3742376.15534414
690,,120.2,30.0,0.0,32.71436,0.0,30.0,30.0,0.0,0.0,0.0,0.0,0.0,0.0,Optimal,3567.354144099998,3742376.15534414
691,,115.92,30.0,0.0,61.51436,0.0,30.0,30.0,0.0,0.0,0.0,0.0,0.0,0.0,Optimal,3567.354144099998,3742376.15534414
692,,107.52,13.394241,0.0,74.372831,0.0,13.394241,13.394241,0.0,0.0,0.0,0.0,0.0,0.0,Optimal,3567.354144099998,3742376.15534414
693,,90.95,0.0,27.648,45.572831,27.648,0.0,-27.648,0.0,0.0,0.0,0.0,0.0,0.0,Optimal,3567.354144099998,3742376.15534414
694,,85.66,30.0,0.0,74.372831,0.0,30.0,30.0,0.0,0.0,0.0,0.0,0.0,0.0,Optimal,3567.354144099998,3742376.15534414
695,,83.25,0.0,27.648,45.572831,27.648,0.0,-27.648,0.0,0.0,0.0,0.0,0.0,0.0,Optimal,3567.354144099998,3742376.15534414
696,,80.29,30.0,0.0,74.372831,0.0,30.0,30.0,0.0,0.0,0.0,0.0,0.0,0.0,Optimal,3567.354144099998,3742376.15534414
697,,71.94,0.0,0.0,74.372831,0.0,0.0,0.0,0.0,0.0,0.0,0.0,0.0,0.0,Optimal,3567.354144099998,3742376.15534414
698,,68.76,0.0,30.0,43.122831,30.0,0.0,-30.0,0.0,0.0,0.0,0.0,0.0,0.0,Optimal,3567.354144099998,3742376.15534414
699,,69.37,30.0,0.0,71.922831,0.0,30.0,30.0,0.0,0.0,0.0,0.0,0.0,0.0,Optimal,3567.354144099998,3742376.15534414
700,,67.09,0.0,30.0,40.672831,30.0,0.0,-30.0,0.0,0.0,0.0,0.0,0.0,0.0,Optimal,3567.354144099998,3742376.15534414
701,,66.63,0.0,30.0,9.4228309,30.0,0.0,-30.0,0.0,0.0,0.0,0.0,0.0,0.0,Optimal,3567.354144099998,3742376.15534414
702,,69.37,0.0,5.2881325,3.9143595,5.2881325,0.0,-5.2881325,0.0,0.0,0.0,0.0,0.0,0.0,Optimal,3567.354144099998,3742376.15534414
703,,78.61,0.0,0.0,3.9143595,0.0,0.0,0.0,0.0,0.0,0.0,0.0,0.0,0.0,Optimal,3567.354144099998,3742376.15534414
704,,90.77,30.0,0.0,32.71436,0.0,30.0,30.0,0.0,0.0,0.0,0.0,0.0,0.0,Optimal,3567.354144099998,3742376.15534414
705,,95.94,30.0,0.0,61.51436,0.0,30.0,30.0,0.0,0.0,0.0,0.0,0.0,0.0,Optimal,3567.354144099998,3742376.15534414
706,,84.93,13.394241,0.0,74.372831,0.0,13.394241,13.394241,0.0,0.0,0.0,0.0,0.0,0.0,Optimal,3567.354144099998,3742376.15534414
707,,77.15,0.0,0.0,74.372831,0.0,0.0,0.0,0.0,0.0,0.0,0.0,0.0,0.0,Optimal,3567.354144099998,3742376.15534414
708,,70.1,0.0,7.6401325,66.41436,7.6401325,0.0,-7.6401325,0.0,0.0,0.0,0.0,0.0,0.0,Optimal,3567.354144099998,3742376.15534414
709,,68.1,0.0,30.0,35.16436,30.0,0.0,-30.0,0.0,0.0,0.0,0.0,0.0,0.0,Optimal,3567.354144099998,3742376.15534414
710,,68.23,0.0,30.0,3.9143595,30.0,0.0,-30.0,0.0,0.0,0.0,0.0,0.0,0.0,Optimal,3567.354144099998,3742376.15534414
711,,71.93,0.0,0.0,3.9143595,0.0,0.0,0.0,0.0,0.0,0.0,0.0,0.0,0.0,Optimal,3567.354144099998,3742376.15534414
712,,78.6,30.0,0.0,32.71436,0.0,30.0,30.0,0.0,0.0,0.0,0.0,0.0,0.0,Optimal,3567.354144099998,3742376.15534414
713,,81.97,0.0,27.648,3.9143595,27.648,0.0,-27.648,0.0,0.0,0.0,0.0,0.0,0.0,Optimal,3567.354144099998,3742376.15534414
714,,88.36,0.0,0.0,3.9143595,0.0,0.0,0.0,0.0,0.0,0.0,0.0,0.0,0.0,Optimal,3567.354144099998,3742376.15534414
715,,99.38,30.0,0.0,32.71436,0.0,30.0,30.0,0.0,0.0,0.0,0.0,0.0,0.0,Optimal,3567.354144099998,3742376.15534414
716,,110.41,30.0,0.0,61.51436,0.0,30.0,30.0,0.0,0.0,0.0,0.0,0.0,0.0,Optimal,3567.354144099998,3742376.15534414
717,,89.9,13.394241,0.0,74.372831,0.0,13.394241,13.394241,0.0,0.0,0.0,0.0,0.0,0.0,Optimal,3567.354144099998,3742376.15534414
718,,80.12,0.0,27.648,45.572831,27.648,0.0,-27.648,0.0,0.0,0.0,0.0,0.0,0.0,Optimal,3567.354144099998,3742376.15534414
719,,82.45,30.0,0.0,74.372831,0.0,30.0,30.0,0.0,0.0,0.0,0.0,0.0,0.0,Optimal,3567.354144099998,3742376.15534414
720,,77.3,0.0,27.648,45.572831,27.648,0.0,-27.648,0.0,0.0,0.0,0.0,0.0,0.0,Optimal,3567.354144099998,3742376.15534414
721,,78.9,30.0,0.0,74.372831,0.0,30.0,30.0,0.0,0.0,0.0,0.0,0.0,0.0,Optimal,3567.354144099998,3742376.15534414
722,,74.03,0.0,27.648,45.572831,27.648,0.0,-27.648,0.0,0.0,0.0,0.0,0.0,0.0,Optimal,3567.354144099998,3742376.15534414
723,,70.89,30.0,0.0,74.372831,0.0,30.0,30.0,0.0,0.0,0.0,0.0,0.0,0.0,Optimal,3567.354144099998,3742376.15534414
724,,69.82,0.0,30.0,43.122831,30.0,0.0,-30.0,0.0,0.0,0.0,0.0,0.0,0.0,Optimal,3567.354144099998,3742376.15534414
725,,69.17,0.0,30.0,11.872831,30.0,0.0,-30.0,0.0,0.0,0.0,0.0,0.0,0.0,Optimal,3567.354144099998,3742376.15534414
726,,73.86,0.0,7.6401325,3.9143595,7.6401325,0.0,-7.6401325,0.0,0.0,0.0,0.0,0.0,0.0,Optimal,3567.354144099998,3742376.15534414
727,,84.77,0.0,0.0,3.9143595,0.0,0.0,0.0,0.0,0.0,0.0,0.0,0.0,0.0,Optimal,3567.354144099998,3742376.15534414
728,,105.17,30.0,0.0,32.71436,0.0,30.0,30.0,0.0,0.0,0.0,0.0,0.0,0.0,Optimal,3567.354144099998,3742376.15534414
729,,120.0,30.0,0.0,61.51436,0.0,30.0,30.0,0.0,0.0,0.0,0.0,0.0,0.0,Optimal,3567.354144099998,3742376.15534414
730,,93.53,13.394241,0.0,74.372831,0.0,13.394241,13.394241,0.0,0.0,0.0,0.0,0.0,0.0,Optimal,3567.354144099998,3742376.15534414
731,,82.98,0.0,0.0,74.372831,0.0,0.0,0.0,0.0,0.0,0.0,0.0,0.0,0.0,Optimal,3567.354144099998,3742376.15534414
732,,77.09,0.0,27.648,45.572831,27.648,0.0,-27.648,0.0,0.0,0.0,0.0,0.0,0.0,Optimal,3567.354144099998,3742376.15534414
733,,74.91,30.0,0.0,74.372831,0.0,30.0,30.0,0.0,0.0,0.0,0.0,0.0,0.0,Optimal,3567.354144099998,3742376.15534414
734,,67.5,0.0,30.0,43.122831,30.0,0.0,-30.0,0.0,0.0,0.0,0.0,0.0,0.0,Optimal,3567.354144099998,3742376.15534414
735,,66.8,0.0,30.0,11.872831,30.0,0.0,-30.0,0.0,0.0,0.0,0.0,0.0,0.0,Optimal,3567.354144099998,3742376.15534414
736,,73.94,0.0,7.6401325,3.9143595,7.6401325,0.0,-7.6401325,0.0,0.0,0.0,0.0,0.0,0.0,Optimal,3567.354144099998,3742376.15534414
737,,78.55,13.394241,0.0,16.772831,0.0,13.394241,13.394241,0.0,0.0,0.0,0.0,0.0,0.0,Optimal,3567.354144099998,3742376.15534414
738,,85.65,30.0,0.0,45.572831,0.0,30.0,30.0,0.0,0.0,0.0,0.0,0.0,0.0,Optimal,3567.354144099998,3742376.15534414
739,,85.5,30.0,0.0,74.372831,0.0,30.0,30.0,0.0,0.0,0.0,0.0,0.0,0.0,Optimal,3567.354144099998,3742376.15534414
740,,69.2,0.0,0.0,74.372831,0.0,0.0,0.0,0.0,0.0,0.0,0.0,0.0,0.0,Optimal,3567.354144099998,3742376.15534414
741,,62.78,0.0,0.0,74.372831,0.0,0.0,0.0,0.0,0.0,0.0,0.0,0.0,0.0,Optimal,3567.354144099998,3742376.15534414
742,,58.18,0.0,27.648,45.572831,27.648,0.0,-27.648,0.0,0.0,0.0,0.0,0.0,0.0,Optimal,3567.354144099998,3742376.15534414
743,,54.0,30.0,0.0,74.372831,0.0,30.0,30.0,0.0,0.0,0.0,0.0,0.0,0.0,Optimal,3567.354144099998,3742376.15534414
744,,40.57,0.0,30.0,43.122831,30.0,0.0,-30.0,0.0,0.0,0.0,0.0,0.0,0.0,Optimal,3567.354144099998,3742376.15534414
745,,48.0,30.0,0.0,71.922831,0.0,30.0,30.0,0.0,0.0,0.0,0.0,0.0,0.0,Optimal,3567.354144099998,3742376.15534414
746,,42.37,0.0,30.0,40.672831,30.0,0.0,-30.0,0.0,0.0,0.0,0.0,0.0,0.0,Optimal,3567.354144099998,3742376.15534414
747,,43.04,0.0,30.0,9.4228309,30.0,0.0,-30.0,0.0,0.0,0.0,0.0,0.0,0.0,Optimal,3567.354144099998,3742376.15534414
748,,43.94,0.0,5.2881325,3.9143595,5.2881325,0.0,-5.2881325,0.0,0.0,0.0,0.0,0.0,0.0,Optimal,3567.354144099998,3742376.15534414
749,,47.63,0.0,0.0,3.9143595,0.0,0.0,0.0,0.0,0.0,0.0,0.0,0.0,0.0,Optimal,3567.354144099998,3742376.15534414
750,,56.06,0.0,0.0,3.9143595,0.0,0.0,0.0,0.0,0.0,0.0,0.0,0.0,0.0,Optimal,3567.354144099998,3742376.15534414
751,,69.2,0.0,0.0,3.9143595,0.0,0.0,0.0,0.0,0.0,0.0,0.0,0.0,0.0,Optimal,3567.354144099998,3742376.15534414
752,,86.37,13.394241,0.0,16.772831,0.0,13.394241,13.394241,0.0,0.0,0.0,0.0,0.0,0.0,Optimal,3567.354144099998,3742376.15534414
753,,99.76,30.0,0.0,45.572831,0.0,30.0,30.0,0.0,0.0,0.0,0.0,0.0,0.0,Optimal,3567.354144099998,3742376.15534414
754,,92.77,30.0,0.0,74.372831,0.0,30.0,30.0,0.0,0.0,0.0,0.0,0.0,0.0,Optimal,3567.354144099998,3742376.15534414
755,,83.71,0.0,0.0,74.372831,0.0,0.0,0.0,0.0,0.0,0.0,0.0,0.0,0.0,Optimal,3567.354144099998,3742376.15534414
756,,75.5,0.0,0.0,74.372831,0.0,0.0,0.0,0.0,0.0,0.0,0.0,0.0,0.0,Optimal,3567.354144099998,3742376.15534414
757,,67.6,0.0,30.0,43.122831,30.0,0.0,-30.0,0.0,0.0,0.0,0.0,0.0,0.0,Optimal,3567.354144099998,3742376.15534414
758,,57.26,0.0,30.0,11.872831,30.0,0.0,-30.0,0.0,0.0,0.0,0.0,0.0,0.0,Optimal,3567.354144099998,3742376.15534414
759,,71.2,0.0,7.6401325,3.9143595,7.6401325,0.0,-7.6401325,0.0,0.0,0.0,0.0,0.0,0.0,Optimal,3567.354144099998,3742376.15534414
760,,87.5,30.0,0.0,32.71436,0.0,30.0,30.0,0.0,0.0,0.0,0.0,0.0,0.0,Optimal,3567.354144099998,3742376.15534414
761,,84.0,0.0,27.648,3.9143595,27.648,0.0,-27.648,0.0,0.0,0.0,0.0,0.0,0.0,Optimal,3567.354144099998,3742376.15534414
762,,112.62,30.0,0.0,32.71436,0.0,30.0,30.0,0.0,0.0,0.0,0.0,0.0,0.0,Optimal,3567.354144099998,3742376.15534414
763,,113.0,30.0,0.0,61.51436,0.0,30.0,30.0,0.0,0.0,0.0,0.0,0.0,0.0,Optimal,3567.354144099998,3742376.15534414
764,,98.03,13.394241,0.0,74.372831,0.0,13.394241,13.394241,0.0,0.0,0.0,0.0,0.0,0.0,Optimal,3567.354144099998,3742376.15534414
765,,90.81,0.0,0.0,74.372831,0.0,0.0,0.0,0.0,0.0,0.0,0.0,0.0,0.0,Optimal,3567.354144099998,3742376.15534414
766,,83.34,0.0,27.648,45.572831,27.648,0.0,-27.648,0.0,0.0,0.0,0.0,0.0,0.0,Optimal,3567.354144099998,3742376.15534414
767,,81.91,30.0,0.0,74.372831,0.0,30.0,30.0,0.0,0.0,0.0,0.0,0.0,0.0,Optimal,3567.354144099998,3742376.15534414
768,,73.42,0.0,0.0,74.372831,0.0,0.0,0.0,0.0,0.0,0.0,0.0,0.0,0.0,Optimal,3567.354144099998,3742376.15534414
769,,64.32,0.0,0.0,74.372831,0.0,0.0,0.0,0.0,0.0,0.0,0.0,0.0,0.0,Optimal,3567.354144099998,3742376.15534414
770,,59.95,0.0,27.648,45.572831,27.648,0.0,-27.648,0.0,0.0,0.0,0.0,0.0,0.0,Optimal,3567.354144099998,3742376.15534414
771,,58.0,30.0,0.0,74.372831,0.0,30.0,30.0,0.0,0.0,0.0,0.0,0.0,0.0,Optimal,3567.354144099998,3742376.15534414
772,,54.69,0.0,30.0,43.122831,30.0,0.0,-30.0,0.0,0.0,0.0,0.0,0.0,0.0,Optimal,3567.354144099998,3742376.15534414
773,,53.14,0.0,30.0,11.872831,30.0,0.0,-30.0,0.0,0.0,0.0,0.0,0.0,0.0,Optimal,3567.354144099998,3742376.15534414
774,,55.13,0.0,7.6401325,3.9143595,7.6401325,0.0,-7.6401325,0.0,0.0,0.0,0.0,0.0,0.0,Optimal,3567.354144099998,3742376.15534414
775,,66.49,0.0,0.0,3.9143595,0.0,0.0,0.0,0.0,0.0,0.0,0.0,0.0,0.0,Optimal,3567.354144099998,3742376.15534414
776,,77.91,0.0,0.0,3.9143595,0.0,0.0,0.0,0.0,0.0,0.0,0.0,0.0,0.0,Optimal,3567.354144099998,3742376.15534414
777,,89.61,30.0,0.0,32.71436,0.0,30.0,30.0,0.0,0.0,0.0,0.0,0.0,0.0,Optimal,3567.354144099998,3742376.15534414
778,,86.21,30.0,0.0,61.51436,0.0,30.0,30.0,0.0,0.0,0.0,0.0,0.0,0.0,Optimal,3567.354144099998,3742376.15534414
779,,80.8,13.394241,0.0,74.372831,0.0,13.394241,13.394241,0.0,0.0,0.0,0.0,0.0,0.0,Optimal,3567.354144099998,3742376.15534414
780,,75.17,0.0,0.0,74.372831,0.0,0.0,0.0,0.0,0.0,0.0,0.0,0.0,0.0,Optimal,3567.354144099998,3742376.15534414
781,,64.89,0.0,7.6401325,66.41436,7.6401325,0.0,-7.6401325,0.0,0.0,0.0,0.0,0.0,0.0,Optimal,3567.354144099998,3742376.15534414
782,,62.56,0.0,30.0,35.16436,30.0,0.0,-30.0,0.0,0.0,0.0,0.0,0.0,0.0,Optimal,3567.354144099998,3742376.15534414
783,,63.7,0.0,30.0,3.9143595,30.0,0.0,-30.0,0.0,0.0,0.0,0.0,0.0,0.0,Optimal,3567.354144099998,3742376.15534414
784,,67.7,0.0,0.0,3.9143595,0.0,0.0,0.0,0.0,0.0,0.0,0.0,0.0,0.0,Optimal,3567.354144099998,3742376.15534414
785,,80.0,0.0,0.0,3.9143595,0.0,0.0,0.0,0.0,0.0,0.0,0.0,0.0,0.0,Optimal,3567.354144099998,3742376.15534414
786,,88.47,30.0,0.0,32.71436,0.0,30.0,30.0,0.0,0.0,0.0,0.0,0.0,0.0,Optimal,3567.354144099998,3742376.15534414
787,,99.97,30.0,0.0,61.51436,0.0,30.0,30.0,0.0,0.0,0.0,0.0,0.0,0.0,Optimal,3567.354144099998,3742376.15534414
788,,82.0,13.394241,0.0,74.372831,0.0,13.394241,13.394241,0.0,0.0,0.0,0.0,0.0,0.0,Optimal,3567.354144099998,3742376.15534414
789,,73.3,0.0,27.648,45.572831,27.648,0.0,-27.648,0.0,0.0,0.0,0.0,0.0,0.0,Optimal,3567.354144099998,3742376.15534414
790,,70.0,30.0,0.0,74.372831,0.0,30.0,30.0,0.0,0.0,0.0,0.0,0.0,0.0,Optimal,3567.354144099998,3742376.15534414
791,,63.15,0.0,0.0,74.372831,0.0,0.0,0.0,0.0,0.0,0.0,0.0,0.0,0.0,Optimal,3567.354144099998,3742376.15534414
792,,54.84,0.0,0.0,74.372831,0.0,0.0,0.0,0.0,0.0,0.0,0.0,0.0,0.0,Optimal,3567.354144099998,3742376.15534414
793,,49.68,0.0,0.0,74.372831,0.0,0.0,0.0,0.0,0.0,0.0,0.0,0.0,0.0,Optimal,3567.354144099998,3742376.15534414
794,,43.08,0.0,0.0,74.372831,0.0,0.0,0.0,0.0,0.0,0.0,0.0,0.0,0.0,Optimal,3567.354144099998,3742376.15534414
795,,34.9,0.0,0.0,74.372831,0.0,0.0,0.0,0.0,0.0,0.0,0.0,0.0,0.0,Optimal,3567.354144099998,3742376.15534414
796,,14.0,0.0,7.6401325,66.41436,7.6401325,0.0,-7.6401325,0.0,0.0,0.0,0.0,0.0,0.0,Optimal,3567.354144099998,3742376.15534414
797,,10.98,0.0,30.0,35.16436,30.0,0.0,-30.0,0.0,0.0,0.0,0.0,0.0,0.0,Optimal,3567.354144099998,3742376.15534414
798,,11.4,0.0,30.0,3.9143595,30.0,0.0,-30.0,0.0,0.0,0.0,0.0,0.0,0.0,Optimal,3567.354144099998,3742376.15534414
799,,16.48,0.0,0.0,3.9143595,0.0,0.0,0.0,0.0,0.0,0.0,0.0,0.0,0.0,Optimal,3567.354144099998,3742376.15534414
800,,36.43,0.0,0.0,3.9143595,0.0,0.0,0.0,0.0,0.0,0.0,0.0,0.0,0.0,Optimal,3567.354144099998,3742376.15534414
801,,46.91,0.0,0.0,3.9143595,0.0,0.0,0.0,0.0,0.0,0.0,0.0,0.0,0.0,Optimal,3567.354144099998,3742376.15534414
802,,67.48,30.0,0.0,32.71436,0.0,30.0,30.0,0.0,0.0,0.0,0.0,0.0,0.0,Optimal,3567.354144099998,3742376.15534414
803,,66.0,30.0,0.0,61.51436,0.0,30.0,30.0,0.0,0.0,0.0,0.0,0.0,0.0,Optimal,3567.354144099998,3742376.15534414
804,,58.02,13.394241,0.0,74.372831,0.0,13.394241,13.394241,0.0,0.0,0.0,0.0,0.0,0.0,Optimal,3567.354144099998,3742376.15534414
805,,51.0,0.0,27.648,45.572831,27.648,0.0,-27.648,0.0,0.0,0.0,0.0,0.0,0.0,Optimal,3567.354144099998,3742376.15534414
806,,47.9,30.0,0.0,74.372831,0.0,30.0,30.0,0.0,0.0,0.0,0.0,0.0,0.0,Optimal,3567.354144099998,3742376.15534414
807,,42.53,0.0,30.0,43.122831,30.0,0.0,-30.0,0.0,0.0,0.0,0.0,0.0,0.0,Optimal,3567.354144099998,3742376.15534414
808,,44.71,0.0,30.0,11.872831,30.0,0.0,-30.0,0.0,0.0,0.0,0.0,0.0,0.0,Optimal,3567.354144099998,3742376.15534414
809,,50.58,0.0,7.6401325,3.9143595,7.6401325,0.0,-7.6401325,0.0,0.0,0.0,0.0,0.0,0.0,Optimal,3567.354144099998,3742376.15534414
810,,67.4,0.0,0.0,3.9143595,0.0,0.0,0.0,0.0,0.0,0.0,0.0,0.0,0.0,Optimal,3567.354144099998,3742376.15534414
811,,106.0,30.0,0.0,32.71436,0.0,30.0,30.0,0.0,0.0,0.0,0.0,0.0,0.0,Optimal,3567.354144099998,3742376.15534414
812,,96.0,30.0,0.0,61.51436,0.0,30.0,30.0,0.0,0.0,0.0,0.0,0.0,0.0,Optimal,3567.354144099998,3742376.15534414
813,,72.45,13.394241,0.0,74.372831,0.0,13.394241,13.394241,0.0,0.0,0.0,0.0,0.0,0.0,Optimal,3567.354144099998,3742376.15534414
814,,63.1,0.0,0.0,74.372831,0.0,0.0,0.0,0.0,0.0,0.0,0.0,0.0,0.0,Optimal,3567.354144099998,3742376.15534414
815,,51.41,0.0,0.0,74.372831,0.0,0.0,0.0,0.0,0.0,0.0,0.0,0.0,0.0,Optimal,3567.354144099998,3742376.15534414
816,,40.0,0.0,27.648,45.572831,27.648,0.0,-27.648,0.0,0.0,0.0,0.0,0.0,0.0,Optimal,3567.354144099998,3742376.15534414
817,,42.5,30.0,0.0,74.372831,0.0,30.0,30.0,0.0,0.0,0.0,0.0,0.0,0.0,Optimal,3567.354144099998,3742376.15534414
818,,32.22,0.0,0.0,74.372831,0.0,0.0,0.0,0.0,0.0,0.0,0.0,0.0,0.0,Optimal,3567.354144099998,3742376.15534414
819,,6.9,0.0,0.0,74.372831,0.0,0.0,0.0,0.0,0.0,0.0,0.0,0.0,0.0,Optimal,3567.354144099998,3742376.15534414
820,,0.72,0.0,0.0,74.372831,0.0,0.0,0.0,0.0,0.0,0.0,0.0,0.0,0.0,Optimal,3567.354144099998,3742376.15534414
821,,0.0,0.0,7.6401325,66.41436,7.6401325,0.0,-7.6401325,0.0,0.0,0.0,0.0,0.0,0.0,Optimal,3567.354144099998,3742376.15534414
822,,0.0,0.0,30.0,35.16436,30.0,0.0,-30.0,0.0,0.0,0.0,0.0,0.0,0.0,Optimal,3567.354144099998,3742376.15534414
823,,0.0,0.0,30.0,3.9143595,30.0,0.0,-30.0,0.0,0.0,0.0,0.0,0.0,0.0,Optimal,3567.354144099998,3742376.15534414
824,,4.4,0.0,0.0,3.9143595,0.0,0.0,0.0,0.0,0.0,0.0,0.0,0.0,0.0,Optimal,3567.354144099998,3742376.15534414
825,,11.88,0.0,0.0,3.9143595,0.0,0.0,0.0,0.0,0.0,0.0,0.0,0.0,0.0,Optimal,3567.354144099998,3742376.15534414
826,,27.5,30.0,0.0,32.71436,0.0,30.0,30.0,0.0,0.0,0.0,0.0,0.0,0.0,Optimal,3567.354144099998,3742376.15534414
827,,40.0,30.0,0.0,61.51436,0.0,30.0,30.0,0.0,0.0,0.0,0.0,0.0,0.0,Optimal,3567.354144099998,3742376.15534414
828,,26.67,13.394241,0.0,74.372831,0.0,13.394241,13.394241,0.0,0.0,0.0,0.0,0.0,0.0,Optimal,3567.354144099998,3742376.15534414
829,,19.79,0.0,7.6401325,66.41436,7.6401325,0.0,-7.6401325,0.0,0.0,0.0,0.0,0.0,0.0,Optimal,3567.354144099998,3742376.15534414
830,,5.07,0.0,30.0,35.16436,30.0,0.0,-30.0,0.0,0.0,0.0,0.0,0.0,0.0,Optimal,3567.354144099998,3742376.15534414
831,,14.0,0.0,30.0,3.9143595,30.0,0.0,-30.0,0.0,0.0,0.0,0.0,0.0,0.0,Optimal,3567.354144099998,3742376.15534414
832,,31.68,0.0,0.0,3.9143595,0.0,0.0,0.0,0.0,0.0,0.0,0.0,0.0,0.0,Optimal,3567.354144099998,3742376.15534414
833,,41.2,0.0,0.0,3.9143595,0.0,0.0,0.0,0.0,0.0,0.0,0.0,0.0,0.0,Optimal,3567.354144099998,3742376.15534414
834,,63.5,13.394241,0.0,16.772831,0.0,13.394241,13.394241,0.0,0.0,0.0,0.0,0.0,0.0,Optimal,3567.354144099998,3742376.15534414
835,,85.81,30.0,0.0,45.572831,0.0,30.0,30.0,0.0,0.0,0.0,0.0,0.0,0.0,Optimal,3567.354144099998,3742376.15534414
836,,70.9,30.0,0.0,74.372831,0.0,30.0,30.0,0.0,0.0,0.0,0.0,0.0,0.0,Optimal,3567.354144099998,3742376.15534414
837,,53.6,0.0,30.0,43.122831,30.0,0.0,-30.0,0.0,0.0,0.0,0.0,0.0,0.0,Optimal,3567.354144099998,3742376.15534414
838,,54.89,30.0,0.0,71.922831,0.0,30.0,30.0,0.0,0.0,0.0,0.0,0.0,0.0,Optimal,3567.354144099998,3742376.15534414
839,,49.74,2.5520833,0.0,74.372831,0.0,2.5520833,2.5520833,0.0,0.0,0.0,0.0,0.0,0.0,Optimal,3567.354144099998,3742376.15534414
840,,34.98,0.0,0.0,74.372831,0.0,0.0,0.0,0.0,0.0,0.0,0.0,0.0,0.0,Optimal,3567.354144099998,3742376.15534414
841,,1.63,0.0,0.0,74.372831,0.0,0.0,0.0,0.0,0.0,0.0,0.0,0.0,0.0,Optimal,3567.354144099998,3742376.15534414
842,,0.1,0.0,30.0,43.122831,30.0,0.0,-30.0,0.0,0.0,0.0,0.0,0.0,0.0,Optimal,3567.354144099998,3742376.15534414
843,,0.1,0.0,30.0,11.872831,30.0,0.0,-30.0,0.0,0.0,0.0,0.0,0.0,0.0,Optimal,3567.354144099998,3742376.15534414
844,,0.22,24.262009,0.0,35.16436,0.0,24.262009,24.262009,0.0,0.0,0.0,0.0,0.0,0.0,Optimal,3567.354144099998,3742376.15534414
845,,0.08,0.0,30.0,3.9143595,30.0,0.0,-30.0,0.0,0.0,0.0,0.0,0.0,0.0,Optimal,3567.354144099998,3742376.15534414
846,,1.65,0.0,0.0,3.9143595,0.0,0.0,0.0,0.0,0.0,0.0,0.0,0.0,0.0,Optimal,3567.354144099998,3742376.15534414
847,,41.23,0.0,0.0,3.9143595,0.0,0.0,0.0,0.0,0.0,0.0,0.0,0.0,0.0,Optimal,3567.354144099998,3742376.15534414
848,,85.0,30.0,0.0,32.71436,0.0,30.0,30.0,0.0,0.0,0.0,0.0,0.0,0.0,Optimal,3567.354144099998,3742376.15534414
849,,106.6,30.0,0.0,61.51436,0.0,30.0,30.0,0.0,0.0,0.0,0.0,0.0,0.0,Optimal,3567.354144099998,3742376.15534414
850,,78.7,13.394241,0.0,74.372831,0.0,13.394241,13.394241,0.0,0.0,0.0,0.0,0.0,0.0,Optimal,3567.354144099998,3742376.15534414
851,,55.2,0.0,0.0,74.372831,0.0,0.0,0.0,0.0,0.0,0.0,0.0,0.0,0.0,Optimal,3567.354144099998,3742376.15534414
852,,44.89,0.0,30.0,43.122831,30.0,0.0,-30.0,0.0,0.0,0.0,0.0,0.0,0.0,Optimal,3567.354144099998,3742376.15534414
853,,34.8,0.0,30.0,11.872831,30.0,0.0,-30.0,0.0,0.0,0.0,0.0,0.0,0.0,Optimal,3567.354144099998,3742376.15534414
854,,45.5,0.0,7.6401325,3.9143595,7.6401325,0.0,-7.6401325,0.0,0.0,0.0,0.0,0.0,0.0,Optimal,3567.354144099998,3742376.15534414
855,,54.0,30.0,0.0,32.71436,0.0,30.0,30.0,0.0,0.0,0.0,0.0,0.0,0.0,Optimal,3567.354144099998,3742376.15534414
856,,55.79,0.0,27.648,3.9143595,27.648,0.0,-27.648,0.0,0.0,0.0,0.0,0.0,0.0,Optimal,3567.354144099998,3742376.15534414
857,,65.0,0.0,0.0,3.9143595,0.0,0.0,0.0,0.0,0.0,0.0,0.0,0.0,0.0,Optimal,3567.354144099998,3742376.15534414
858,,86.21,30.0,0.0,32.71436,0.0,30.0,30.0,0.0,0.0,0.0,0.0,0.0,0.0,Optimal,3567.354144099998,3742376.15534414
859,,97.55,30.0,0.0,61.51436,0.0,30.0,30.0,0.0,0.0,0.0,0.0,0.0,0.0,Optimal,3567.354144099998,3742376.15534414
860,,80.1,13.394241,0.0,74.372831,0.0,13.394241,13.394241,0.0,0.0,0.0,0.0,0.0,0.0,Optimal,3567.354144099998,3742376.15534414
861,,69.96,0.0,0.0,74.372831,0.0,0.0,0.0,0.0,0.0,0.0,0.0,0.0,0.0,Optimal,3567.354144099998,3742376.15534414
862,,59.91,0.0,27.648,45.572831,27.648,0.0,-27.648,0.0,0.0,0.0,0.0,0.0,0.0,Optimal,3567.354144099998,3742376.15534414
863,,56.04,30.0,0.0,74.372831,0.0,30.0,30.0,0.0,0.0,0.0,0.0,0.0,0.0,Optimal,3567.354144099998,3742376.15534414
864,,47.41,0.0,0.0,74.372831,0.0,0.0,0.0,0.0,0.0,0.0,0.0,0.0,0.0,Optimal,3567.354144099998,3742376.15534414
865,,35.46,0.0,0.0,74.372831,0.0,0.0,0.0,0.0,0.0,0.0,0.0,0.0,0.0,Optimal,3567.354144099998,3742376.15534414
866,,28.2,0.0,0.0,74.372831,0.0,0.0,0.0,0.0,0.0,0.0,0.0,0.0,0.0,Optimal,3567.354144099998,3742376.15534414
867,,10.0,0.0,7.6401325,66.41436,7.6401325,0.0,-7.6401325,0.0,0.0,0.0,0.0,0.0,0.0,Optimal,3567.354144099998,3742376.15534414
868,,4.98,0.0,30.0,35.16436,30.0,0.0,-30.0,0.0,0.0,0.0,0.0,0.0,0.0,Optimal,3567.354144099998,3742376.15534414
869,,3.11,0.0,30.0,3.9143595,30.0,0.0,-30.0,0.0,0.0,0.0,0.0,0.0,0.0,Optimal,3567.354144099998,3742376.15534414
870,,20.09,0.0,0.0,3.9143595,0.0,0.0,0.0,0.0,0.0,0.0,0.0,0.0,0.0,Optimal,3567.354144099998,3742376.15534414
871,,50.0,0.0,0.0,3.9143595,0.0,0.0,0.0,0.0,0.0,0.0,0.0,0.0,0.0,Optimal,3567.354144099998,3742376.15534414
872,,69.22,0.0,0.0,3.9143595,0.0,0.0,0.0,0.0,0.0,0.0,0.0,0.0,0.0,Optimal,3567.354144099998,3742376.15534414
873,,88.2,30.0,0.0,32.71436,0.0,30.0,30.0,0.0,0.0,0.0,0.0,0.0,0.0,Optimal,3567.354144099998,3742376.15534414
874,,87.3,30.0,0.0,61.51436,0.0,30.0,30.0,0.0,0.0,0.0,0.0,0.0,0.0,Optimal,3567.354144099998,3742376.15534414
875,,87.1,13.394241,0.0,74.372831,0.0,13.394241,13.394241,0.0,0.0,0.0,0.0,0.0,0.0,Optimal,3567.354144099998,3742376.15534414
876,,76.5,0.0,0.0,74.372831,0.0,0.0,0.0,0.0,0.0,0.0,0.0,0.0,0.0,Optimal,3567.354144099998,3742376.15534414
877,,64.9,0.0,5.2881325,68.86436,5.2881325,0.0,-5.2881325,0.0,0.0,0.0,0.0,0.0,0.0,Optimal,3567.354144099998,3742376.15534414
878,,59.94,0.0,30.0,37.61436,30.0,0.0,-30.0,0.0,0.0,0.0,0.0,0.0,0.0,Optimal,3567.354144099998,3742376.15534414
879,,63.86,0.0,30.0,6.3643595,30.0,0.0,-30.0,0.0,0.0,0.0,0.0,0.0,0.0,Optimal,3567.354144099998,3742376.15534414
880,,63.9,30.0,0.0,35.16436,0.0,30.0,30.0,0.0,0.0,0.0,0.0,0.0,0.0,Optimal,3567.354144099998,3742376.15534414
881,,64.7,0.0,30.0,3.9143595,30.0,0.0,-30.0,0.0,0.0,0.0,0.0,0.0,0.0,Optimal,3567.354144099998,3742376.15534414
882,,80.0,13.394241,0.0,16.772831,0.0,13.394241,13.394241,0.0,0.0,0.0,0.0,0.0,0.0,Optimal,3567.354144099998,3742376.15534414
883,,99.26,30.0,0.0,45.572831,0.0,30.0,30.0,0.0,0.0,0.0,0.0,0.0,0.0,Optimal,3567.354144099998,3742376.15534414
884,,94.89,30.0,0.0,74.372831,0.0,30.0,30.0,0.0,0.0,0.0,0.0,0.0,0.0,Optimal,3567.354144099998,3742376.15534414
885,,71.0,0.0,0.0,74.372831,0.0,0.0,0.0,0.0,0.0,0.0,0.0,0.0,0.0,Optimal,3567.354144099998,3742376.15534414
886,,62.62,0.0,0.0,74.372831,0.0,0.0,0.0,0.0,0.0,0.0,0.0,0.0,0.0,Optimal,3567.354144099998,3742376.15534414
887,,57.11,0.0,27.648,45.572831,27.648,0.0,-27.648,0.0,0.0,0.0,0.0,0.0,0.0,Optimal,3567.354144099998,3742376.15534414
888,,53.3,30.0,0.0,74.372831,0.0,30.0,30.0,0.0,0.0,0.0,0.0,0.0,0.0,Optimal,3567.354144099998,3742376.15534414
889,,41.17,0.0,30.0,43.122831,30.0,0.0,-30.0,0.0,0.0,0.0,0.0,0.0,0.0,Optimal,3567.354144099998,3742376.15534414
890,,44.8,0.0,30.0,11.872831,30.0,0.0,-30.0,0.0,0.0,0.0,0.0,0.0,0.0,Optimal,3567.354144099998,3742376.15534414
891,,49.9,0.0,7.6401325,3.9143595,7.6401325,0.0,-7.6401325,0.0,0.0,0.0,0.0,0.0,0.0,Optimal,3567.354144099998,3742376.15534414
892,,60.98,30.0,0.0,32.71436,0.0,30.0,30.0,0.0,0.0,0.0,0.0,0.0,0.0,Optimal,3567.354144099998,3742376.15534414
893,,61.0,0.0,27.648,3.9143595,27.648,0.0,-27.648,0.0,0.0,0.0,0.0,0.0,0.0,Optimal,3567.354144099998,3742376.15534414
894,,65.6,0.0,0.0,3.9143595,0.0,0.0,0.0,0.0,0.0,0.0,0.0,0.0,0.0,Optimal,3567.354144099998,3742376.15534414
895,,75.9,0.0,0.0,3.9143595,0.0,0.0,0.0,0.0,0.0,0.0,0.0,0.0,0.0,Optimal,3567.354144099998,3742376.15534414
896,,88.6,13.394241,0.0,16.772831,0.0,13.394241,13.394241,0.0,0.0,0.0,0.0,0.0,0.0,Optimal,3567.354144099998,3742376.15534414
897,,94.9,30.0,0.0,45.572831,0.0,30.0,30.0,0.0,0.0,0.0,0.0,0.0,0.0,Optimal,3567.354144099998,3742376.15534414
898,,96.9,30.0,0.0,74.372831,0.0,30.0,30.0,0.0,0.0,0.0,0.0,0.0,0.0,Optimal,3567.354144099998,3742376.15534414
899,,81.88,0.0,27.648,45.572831,27.648,0.0,-27.648,0.0,0.0,0.0,0.0,0.0,0.0,Optimal,3567.354144099998,3742376.15534414
900,,78.66,30.0,0.0,74.372831,0.0,30.0,30.0,0.0,0.0,0.0,0.0,0.0,0.0,Optimal,3567.354144099998,3742376.15534414
901,,75.0,0.0,30.0,43.122831,30.0,0.0,-30.0,0.0,0.0,0.0,0.0,0.0,0.0,Optimal,3567.354144099998,3742376.15534414
902,,73.8,0.0,30.0,11.872831,30.0,0.0,-30.0,0.0,0.0,0.0,0.0,0.0,0.0,Optimal,3567.354144099998,3742376.15534414
903,,75.38,0.0,7.6401325,3.9143595,7.6401325,0.0,-7.6401325,0.0,0.0,0.0,0.0,0.0,0.0,Optimal,3567.354144099998,3742376.15534414
904,,85.3,0.0,0.0,3.9143595,0.0,0.0,0.0,0.0,0.0,0.0,0.0,0.0,0.0,Optimal,3567.354144099998,3742376.15534414
905,,93.03,0.0,0.0,3.9143595,0.0,0.0,0.0,0.0,0.0,0.0,0.0,0.0,0.0,Optimal,3567.354144099998,3742376.15534414
906,,119.64,30.0,0.0,32.71436,0.0,30.0,30.0,0.0,0.0,0.0,0.0,0.0,0.0,Optimal,3567.354144099998,3742376.15534414
907,,135.8,30.0,0.0,61.51436,0.0,30.0,30.0,0.0,0.0,0.0,0.0,0.0,0.0,Optimal,3567.354144099998,3742376.15534414
908,,110.32,13.394241,0.0,74.372831,0.0,13.394241,13.394241,0.0,0.0,0.0,0.0,0.0,0.0,Optimal,3567.354144099998,3742376.15534414
909,,98.0,0.0,0.0,74.372831,0.0,0.0,0.0,0.0,0.0,0.0,0.0,0.0,0.0,Optimal,3567.354144099998,3742376.15534414
910,,83.56,0.0,0.0,74.372831,0.0,0.0,0.0,0.0,0.0,0.0,0.0,0.0,0.0,Optimal,3567.354144099998,3742376.15534414
911,,79.01,0.0,27.648,45.572831,27.648,0.0,-27.648,0.0,0.0,0.0,0.0,0.0,0.0,Optimal,3567.354144099998,3742376.15534414
912,,79.21,30.0,0.0,74.372831,0.0,30.0,30.0,0.0,0.0,0.0,0.0,0.0,0.0,Optimal,3567.354144099998,3742376.15534414
913,,73.7,0.0,30.0,43.122831,30.0,0.0,-30.0,0.0,0.0,0.0,0.0,0.0,0.0,Optimal,3567.354144099998,3742376.15534414
914,,73.2,30.0,0.0,71.922831,0.0,30.0,30.0,0.0,0.0,0.0,0.0,0.0,0.0,Optimal,3567.354144099998,3742376.15534414
915,,72.15,2.5520833,0.0,74.372831,0.0,2.5520833,2.5520833,0.0,0.0,0.0,0.0,0.0,0.0,Optimal,3567.354144099998,3742376.15534414
916,,68.63,0.0,30.0,43.122831,30.0,0.0,-30.0,0.0,0.0,0.0,0.0,0.0,0.0,Optimal,3567.354144099998,3742376.15534414
917,,66.69,0.0,30.0,11.872831,30.0,0.0,-30.0,0.0,0.0,0.0,0.0,0.0,0.0,Optimal,3567.354144099998,3742376.15534414
918,,71.71,0.0,7.6401325,3.9143595,7.6401325,0.0,-7.6401325,0.0,0.0,0.0,0.0,0.0,0.0,Optimal,3567.354144099998,3742376.15534414
919,,82.06,0.0,0.0,3.9143595,0.0,0.0,0.0,0.0,0.0,0.0,0.0,0.0,0.0,Optimal,3567.354144099998,3742376.15534414
920,,104.49,13.394241,0.0,16.772831,0.0,13.394241,13.394241,0.0,0.0,0.0,0.0,0.0,0.0,Optimal,3567.354144099998,3742376.15534414
921,,131.91,30.0,0.0,45.572831,0.0,30.0,30.0,0.0,0.0,0.0,0.0,0.0,0.0,Optimal,3567.354144099998,3742376.15534414
922,,112.37,30.0,0.0,74.372831,0.0,30.0,30.0,0.0,0.0,0.0,0.0,0.0,0.0,Optimal,3567.354144099998,3742376.15534414
923,,98.02,0.0,0.0,74.372831,0.0,0.0,0.0,0.0,0.0,0.0,0.0,0.0,0.0,Optimal,3567.354144099998,3742376.15534414
924,,89.55,0.0,0.0,74.372831,0.0,0.0,0.0,0.0,0.0,0.0,0.0,0.0,0.0,Optimal,3567.354144099998,3742376.15534414
925,,84.01,0.0,27.648,45.572831,27.648,0.0,-27.648,0.0,0.0,0.0,0.0,0.0,0.0,Optimal,3567.354144099998,3742376.15534414
926,,85.52,30.0,0.0,74.372831,0.0,30.0,30.0,0.0,0.0,0.0,0.0,0.0,0.0,Optimal,3567.354144099998,3742376.15534414
927,,83.32,0.0,27.648,45.572831,27.648,0.0,-27.648,0.0,0.0,0.0,0.0,0.0,0.0,Optimal,3567.354144099998,3742376.15534414
928,,84.0,30.0,0.0,74.372831,0.0,30.0,30.0,0.0,0.0,0.0,0.0,0.0,0.0,Optimal,3567.354144099998,3742376.15534414
929,,76.81,0.0,30.0,43.122831,30.0,0.0,-30.0,0.0,0.0,0.0,0.0,0.0,0.0,Optimal,3567.354144099998,3742376.15534414
930,,77.2,0.0,30.0,11.872831,30.0,0.0,-30.0,0.0,0.0,0.0,0.0,0.0,0.0,Optimal,3567.354144099998,3742376.15534414
931,,84.0,30.0,0.0,40.672831,0.0,30.0,30.0,0.0,0.0,0.0,0.0,0.0,0.0,Optimal,3567.354144099998,3742376.15534414
932,,81.5,30.0,0.0,69.472831,0.0,30.0,30.0,0.0,0.0,0.0,0.0,0.0,0.0,Optimal,3567.354144099998,3742376.15534414
933,,77.57,0.0,22.944,45.572831,22.944,0.0,-22.944,0.0,0.0,0.0,0.0,0.0,0.0,Optimal,3567.354144099998,3742376.15534414
934,,75.0,30.0,0.0,74.372831,0.0,30.0,30.0,0.0,0.0,0.0,0.0,0.0,0.0,Optimal,3567.354144099998,3742376.15534414
935,,70.82,0.0,0.0,74.372831,0.0,0.0,0.0,0.0,0.0,0.0,0.0,0.0,0.0,Optimal,3567.354144099998,3742376.15534414
936,,61.64,0.0,27.648,45.572831,27.648,0.0,-27.648,0.0,0.0,0.0,0.0,0.0,0.0,Optimal,3567.354144099998,3742376.15534414
937,,60.36,30.0,0.0,74.372831,0.0,30.0,30.0,0.0,0.0,0.0,0.0,0.0,0.0,Optimal,3567.354144099998,3742376.15534414
938,,52.16,0.0,0.0,74.372831,0.0,0.0,0.0,0.0,0.0,0.0,0.0,0.0,0.0,Optimal,3567.354144099998,3742376.15534414
939,,47.15,0.0,0.0,74.372831,0.0,0.0,0.0,0.0,0.0,0.0,0.0,0.0,0.0,Optimal,3567.354144099998,3742376.15534414
940,,42.1,0.0,30.0,43.122831,30.0,0.0,-30.0,0.0,0.0,0.0,0.0,0.0,0.0,Optimal,3567.354144099998,3742376.15534414
941,,41.3,0.0,30.0,11.872831,30.0,0.0,-30.0,0.0,0.0,0.0,0.0,0.0,0.0,Optimal,3567.354144099998,3742376.15534414
942,,44.88,0.0,7.6401325,3.9143595,7.6401325,0.0,-7.6401325,0.0,0.0,0.0,0.0,0.0,0.0,Optimal,3567.354144099998,3742376.15534414
943,,52.88,0.0,0.0,3.9143595,0.0,0.0,0.0,0.0,0.0,0.0,0.0,0.0,0.0,Optimal,3567.354144099998,3742376.15534414
944,,63.7,15.946324,0.0,19.222831,0.0,15.946324,15.946324,0.0,0.0,0.0,0.0,0.0,0.0,Optimal,3567.354144099998,3742376.15534414
945,,67.89,30.0,0.0,48.022831,0.0,30.0,30.0,0.0,0.0,0.0,0.0,0.0,0.0,Optimal,3567.354144099998,3742376.15534414
946,,67.83,0.0,30.0,16.772831,30.0,0.0,-30.0,0.0,0.0,0.0,0.0,0.0,0.0,Optimal,3567.354144099998,3742376.15534414
947,,68.82,30.0,0.0,45.572831,0.0,30.0,30.0,0.0,0.0,0.0,0.0,0.0,0.0,Optimal,3567.354144099998,3742376.15534414
948,,67.61,30.0,0.0,74.372831,0.0,30.0,30.0,0.0,0.0,0.0,0.0,0.0,0.0,Optimal,3567.354144099998,3742376.15534414
949,,64.55,0.0,30.0,43.122831,30.0,0.0,-30.0,0.0,0.0,0.0,0.0,0.0,0.0,Optimal,3567.354144099998,3742376.15534414
950,,63.7,0.0,30.0,11.872831,30.0,0.0,-30.0,0.0,0.0,0.0,0.0,0.0,0.0,Optimal,3567.354144099998,3742376.15534414
951,,68.68,0.0,7.6401325,3.9143595,7.6401325,0.0,-7.6401325,0.0,0.0,0.0,0.0,0.0,0.0,Optimal,3567.354144099998,3742376.15534414
952,,75.46,0.0,0.0,3.9143595,0.0,0.0,0.0,0.0,0.0,0.0,0.0,0.0,0.0,Optimal,3567.354144099998,3742376.15534414
953,,82.38,0.0,0.0,3.9143595,0.0,0.0,0.0,0.0,0.0,0.0,0.0,0.0,0.0,Optimal,3567.354144099998,3742376.15534414
954,,92.49,30.0,0.0,32.71436,0.0,30.0,30.0,0.0,0.0,0.0,0.0,0.0,0.0,Optimal,3567.354144099998,3742376.15534414
955,,94.29,30.0,0.0,61.51436,0.0,30.0,30.0,0.0,0.0,0.0,0.0,0.0,0.0,Optimal,3567.354144099998,3742376.15534414
956,,87.1,13.394241,0.0,74.372831,0.0,13.394241,13.394241,0.0,0.0,0.0,0.0,0.0,0.0,Optimal,3567.354144099998,3742376.15534414
957,,80.54,0.0,0.0,74.372831,0.0,0.0,0.0,0.0,0.0,0.0,0.0,0.0,0.0,Optimal,3567.354144099998,3742376.15534414
958,,75.22,0.0,30.0,43.122831,30.0,0.0,-30.0,0.0,0.0,0.0,0.0,0.0,0.0,Optimal,3567.354144099998,3742376.15534414
959,,74.91,30.0,0.0,71.922831,0.0,30.0,30.0,0.0,0.0,0.0,0.0,0.0,0.0,Optimal,3567.354144099998,3742376.15534414
960,,70.94,2.5520833,0.0,74.372831,0.0,2.5520833,2.5520833,0.0,0.0,0.0,0.0,0.0,0.0,Optimal,3567.354144099998,3742376.15534414
961,,63.1,0.0,30.0,43.122831,30.0,0.0,-30.0,0.0,0.0,0.0,0.0,0.0,0.0,Optimal,3567.354144099998,3742376.15534414
962,,64.08,0.0,30.0,11.872831,30.0,0.0,-30.0,0.0,0.0,0.0,0.0,0.0,0.0,Optimal,3567.354144099998,3742376.15534414
963,,64.4,26.814092,0.0,37.61436,0.0,26.814092,26.814092,0.0,0.0,0.0,0.0,0.0,0.0,Optimal,3567.354144099998,3742376.15534414
964,,64.39,0.0,30.0,6.3643595,30.0,0.0,-30.0,0.0,0.0,0.0,0.0,0.0,0.0,Optimal,3567.354144099998,3742376.15534414
965,,64.41,30.0,0.0,35.16436,0.0,30.0,30.0,0.0,0.0,0.0,0.0,0.0,0.0,Optimal,3567.354144099998,3742376.15534414
966,,65.82,0.0,30.0,3.9143595,30.0,0.0,-30.0,0.0,0.0,0.0,0.0,0.0,0.0,Optimal,3567.354144099998,3742376.15534414
967,,70.91,30.0,0.0,32.71436,0.0,30.0,30.0,0.0,0.0,0.0,0.0,0.0,0.0,Optimal,3567.354144099998,3742376.15534414
968,,74.86,0.0,27.648,3.9143595,27.648,0.0,-27.648,0.0,0.0,0.0,0.0,0.0,0.0,Optimal,3567.354144099998,3742376.15534414
969,,77.7,30.0,0.0,32.71436,0.0,30.0,30.0,0.0,0.0,0.0,0.0,0.0,0.0,Optimal,3567.354144099998,3742376.15534414
970,,80.38,30.0,0.0,61.51436,0.0,30.0,30.0,0.0,0.0,0.0,0.0,0.0,0.0,Optimal,3567.354144099998,3742376.15534414
971,,75.4,13.394241,0.0,74.372831,0.0,13.394241,13.394241,0.0,0.0,0.0,0.0,0.0,0.0,Optimal,3567.354144099998,3742376.15534414
972,,70.42,0.0,30.0,43.122831,30.0,0.0,-30.0,0.0,0.0,0.0,0.0,0.0,0.0,Optimal,3567.354144099998,3742376.15534414
973,,68.5,24.262009,0.0,66.41436,0.0,24.262009,24.262009,0.0,0.0,0.0,0.0,0.0,0.0,Optimal,3567.354144099998,3742376.15534414
974,,66.72,0.0,30.0,35.16436,30.0,0.0,-30.0,0.0,0.0,0.0,0.0,0.0,0.0,Optimal,3567.354144099998,3742376.15534414
975,,69.53,0.0,30.0,3.9143595,30.0,0.0,-30.0,0.0,0.0,0.0,0.0,0.0,0.0,Optimal,3567.354144099998,3742376.15534414
976,,77.17,0.0,0.0,3.9143595,0.0,0.0,0.0,0.0,0.0,0.0,0.0,0.0,0.0,Optimal,3567.354144099998,3742376.15534414
977,,85.05,0.0,0.0,3.9143595,0.0,0.0,0.0,0.0,0.0,0.0,0.0,0.0,0.0,Optimal,3567.354144099998,3742376.15534414
978,,89.9,30.0,0.0,32.71436,0.0,30.0,30.0,0.0,0.0,0.0,0.0,0.0,0.0,Optimal,3567.354144099998,3742376.15534414
979,,113.6,30.0,0.0,61.51436,0.0,30.0,30.0,0.0,0.0,0.0,0.0,0.0,0.0,Optimal,3567.354144099998,3742376.15534414
980,,89.0,13.394241,0.0,74.372831,0.0,13.394241,13.394241,0.0,0.0,0.0,0.0,0.0,0.0,Optimal,3567.354144099998,3742376.15534414
981,,74.4,0.0,0.0,74.372831,0.0,0.0,0.0,0.0,0.0,0.0,0.0,0.0,0.0,Optimal,3567.354144099998,3742376.15534414
982,,70.0,0.0,27.648,45.572831,27.648,0.0,-27.648,0.0,0.0,0.0,0.0,0.0,0.0,Optimal,3567.354144099998,3742376.15534414
983,,77.21,30.0,0.0,74.372831,0.0,30.0,30.0,0.0,0.0,0.0,0.0,0.0,0.0,Optimal,3567.354144099998,3742376.15534414
984,,64.32,0.0,30.0,43.122831,30.0,0.0,-30.0,0.0,0.0,0.0,0.0,0.0,0.0,Optimal,3567.354144099998,3742376.15534414
985,,68.8,30.0,0.0,71.922831,0.0,30.0,30.0,0.0,0.0,0.0,0.0,0.0,0.0,Optimal,3567.354144099998,3742376.15534414
986,,59.3,2.5520833,0.0,74.372831,0.0,2.5520833,2.5520833,0.0,0.0,0.0,0.0,0.0,0.0,Optimal,3567.354144099998,3742376.15534414
987,,52.6,0.0,0.0,74.372831,0.0,0.0,0.0,0.0,0.0,0.0,0.0,0.0,0.0,Optimal,3567.354144099998,3742376.15534414
988,,46.83,0.0,7.6401325,66.41436,7.6401325,0.0,-7.6401325,0.0,0.0,0.0,0.0,0.0,0.0,Optimal,3567.354144099998,3742376.15534414
989,,46.51,0.0,30.0,35.16436,30.0,0.0,-30.0,0.0,0.0,0.0,0.0,0.0,0.0,Optimal,3567.354144099998,3742376.15534414
990,,46.25,0.0,30.0,3.9143595,30.0,0.0,-30.0,0.0,0.0,0.0,0.0,0.0,0.0,Optimal,3567.354144099998,3742376.15534414
991,,56.4,0.0,0.0,3.9143595,0.0,0.0,0.0,0.0,0.0,0.0,0.0,0.0,0.0,Optimal,3567.354144099998,3742376.15534414
992,,63.03,15.946324,0.0,19.222831,0.0,15.946324,15.946324,0.0,0.0,0.0,0.0,0.0,0.0,Optimal,3567.354144099998,3742376.15534414
993,,71.0,30.0,0.0,48.022831,0.0,30.0,30.0,0.0,0.0,0.0,0.0,0.0,0.0,Optimal,3567.354144099998,3742376.15534414
994,,66.1,0.0,30.0,16.772831,30.0,0.0,-30.0,0.0,0.0,0.0,0.0,0.0,0.0,Optimal,3567.354144099998,3742376.15534414
995,,68.4,30.0,0.0,45.572831,0.0,30.0,30.0,0.0,0.0,0.0,0.0,0.0,0.0,Optimal,3567.354144099998,3742376.15534414
996,,65.46,30.0,0.0,74.372831,0.0,30.0,30.0,0.0,0.0,0.0,0.0,0.0,0.0,Optimal,3567.354144099998,3742376.15534414
997,,64.34,0.0,7.6401325,66.41436,7.6401325,0.0,-7.6401325,0.0,0.0,0.0,0.0,0.0,0.0,Optimal,3567.354144099998,3742376.15534414
998,,63.38,0.0,30.0,35.16436,30.0,0.0,-30.0,0.0,0.0,0.0,0.0,0.0,0.0,Optimal,3567.354144099998,3742376.15534414
999,,64.06,0.0,30.0,3.9143595,30.0,0.0,-30.0,0.0,0.0,0.0,0.0,0.0,0.0,Optimal,3567.354144099998,3742376.15534414
1000,,68.22,30.0,0.0,32.71436,0.0,30.0,30.0,0.0,0.0,0.0,0.0,0.0,0.0,Optimal,3567.354144099998,3742376.15534414
1001,,72.24,0.0,27.648,3.9143595,27.648,0.0,-27.648,0.0,0.0,0.0,0.0,0.0,0.0,Optimal,3567.354144099998,3742376.15534414
1002,,79.72,13.394241,0.0,16.772831,0.0,13.394241,13.394241,0.0,0.0,0.0,0.0,0.0,0.0,Optimal,3567.354144099998,3742376.15534414
1003,,112.0,30.0,0.0,45.572831,0.0,30.0,30.0,0.0,0.0,0.0,0.0,0.0,0.0,Optimal,3567.354144099998,3742376.15534414
1004,,96.8,30.0,0.0,74.372831,0.0,30.0,30.0,0.0,0.0,0.0,0.0,0.0,0.0,Optimal,3567.354144099998,3742376.15534414
1005,,77.03,0.0,0.0,74.372831,0.0,0.0,0.0,0.0,0.0,0.0,0.0,0.0,0.0,Optimal,3567.354144099998,3742376.15534414
1006,,70.72,0.0,27.648,45.572831,27.648,0.0,-27.648,0.0,0.0,0.0,0.0,0.0,0.0,Optimal,3567.354144099998,3742376.15534414
1007,,68.39,30.0,0.0,74.372831,0.0,30.0,30.0,0.0,0.0,0.0,0.0,0.0,0.0,Optimal,3567.354144099998,3742376.15534414
1008,,64.01,0.0,30.0,43.122831,30.0,0.0,-30.0,0.0,0.0,0.0,0.0,0.0,0.0,Optimal,3567.354144099998,3742376.15534414
1009,,64.35,30.0,0.0,71.922831,0.0,30.0,30.0,0.0,0.0,0.0,0.0,0.0,0.0,Optimal,3567.354144099998,3742376.15534414
1010,,61.65,0.0,30.0,40.672831,30.0,0.0,-30.0,0.0,0.0,0.0,0.0,0.0,0.0,Optimal,3567.354144099998,3742376.15534414
1011,,60.73,30.0,0.0,69.472831,0.0,30.0,30.0,0.0,0.0,0.0,0.0,0.0,0.0,Optimal,3567.354144099998,3742376.15534414
1012,,59.47,0.0,30.0,38.222831,30.0,0.0,-30.0,0.0,0.0,0.0,0.0,0.0,0.0,Optimal,3567.354144099998,3742376.15534414
1013,,59.21,0.0,30.0,6.9728309,30.0,0.0,-30.0,0.0,0.0,0.0,0.0,0.0,0.0,Optimal,3567.354144099998,3742376.15534414
1014,,65.0,0.0,2.9361325,3.9143595,2.9361325,0.0,-2.9361325,0.0,0.0,0.0,0.0,0.0,0.0,Optimal,3567.354144099998,3742376.15534414
1015,,76.0,0.0,0.0,3.9143595,0.0,0.0,0.0,0.0,0.0,0.0,0.0,0.0,0.0,Optimal,3567.354144099998,3742376.15534414
1016,,85.41,13.394241,0.0,16.772831,0.0,13.394241,13.394241,0.0,0.0,0.0,0.0,0.0,0.0,Optimal,3567.354144099998,3742376.15534414
1017,,104.0,30.0,0.0,45.572831,0.0,30.0,30.0,0.0,0.0,0.0,0.0,0.0,0.0,Optimal,3567.354144099998,3742376.15534414
1018,,96.5,30.0,0.0,74.372831,0.0,30.0,30.0,0.0,0.0,0.0,0.0,0.0,0.0,Optimal,3567.354144099998,3742376.15534414
1019,,85.47,0.0,27.648,45.572831,27.648,0.0,-27.648,0.0,0.0,0.0,0.0,0.0,0.0,Optimal,3567.354144099998,3742376.15534414
1020,,79.09,30.0,0.0,74.372831,0.0,30.0,30.0,0.0,0.0,0.0,0.0,0.0,0.0,Optimal,3567.354144099998,3742376.15534414
1021,,67.42,0.0,0.0,74.372831,0.0,0.0,0.0,0.0,0.0,0.0,0.0,0.0,0.0,Optimal,3567.354144099998,3742376.15534414
1022,,63.86,0.0,30.0,43.122831,30.0,0.0,-30.0,0.0,0.0,0.0,0.0,0.0,0.0,Optimal,3567.354144099998,3742376.15534414
1023,,64.13,0.0,30.0,11.872831,30.0,0.0,-30.0,0.0,0.0,0.0,0.0,0.0,0.0,Optimal,3567.354144099998,3742376.15534414
1024,,66.65,0.0,7.6401325,3.9143595,7.6401325,0.0,-7.6401325,0.0,0.0,0.0,0.0,0.0,0.0,Optimal,3567.354144099998,3742376.15534414
1025,,77.1,0.0,0.0,3.9143595,0.0,0.0,0.0,0.0,0.0,0.0,0.0,0.0,0.0,Optimal,3567.354144099998,3742376.15534414
1026,,90.69,30.0,0.0,32.71436,0.0,30.0,30.0,0.0,0.0,0.0,0.0,0.0,0.0,Optimal,3567.354144099998,3742376.15534414
1027,,96.0,30.0,0.0,61.51436,0.0,30.0,30.0,0.0,0.0,0.0,0.0,0.0,0.0,Optimal,3567.354144099998,3742376.15534414
1028,,89.08,13.394241,0.0,74.372831,0.0,13.394241,13.394241,0.0,0.0,0.0,0.0,0.0,0.0,Optimal,3567.354144099998,3742376.15534414
1029,,79.15,0.0,0.0,74.372831,0.0,0.0,0.0,0.0,0.0,0.0,0.0,0.0,0.0,Optimal,3567.354144099998,3742376.15534414
1030,,71.54,0.0,0.0,74.372831,0.0,0.0,0.0,0.0,0.0,0.0,0.0,0.0,0.0,Optimal,3567.354144099998,3742376.15534414
1031,,65.87,0.0,30.0,43.122831,30.0,0.0,-30.0,0.0,0.0,0.0,0.0,0.0,0.0,Optimal,3567.354144099998,3742376.15534414
1032,,61.9,0.0,30.0,11.872831,30.0,0.0,-30.0,0.0,0.0,0.0,0.0,0.0,0.0,Optimal,3567.354144099998,3742376.15534414
1033,,68.59,30.0,0.0,40.672831,0.0,30.0,30.0,0.0,0.0,0.0,0.0,0.0,0.0,Optimal,3567.354144099998,3742376.15534414
1034,,65.37,30.0,0.0,69.472831,0.0,30.0,30.0,0.0,0.0,0.0,0.0,0.0,0.0,Optimal,3567.354144099998,3742376.15534414
1035,,63.41,5.1041667,0.0,74.372831,0.0,5.1041667,5.1041667,0.0,0.0,0.0,0.0,0.0,0.0,Optimal,3567.354144099998,3742376.15534414
1036,,60.49,0.0,30.0,43.122831,30.0,0.0,-30.0,0.0,0.0,0.0,0.0,0.0,0.0,Optimal,3567.354144099998,3742376.15534414
1037,,60.06,0.0,30.0,11.872831,30.0,0.0,-30.0,0.0,0.0,0.0,0.0,0.0,0.0,Optimal,3567.354144099998,3742376.15534414
1038,,63.59,0.0,7.6401325,3.9143595,7.6401325,0.0,-7.6401325,0.0,0.0,0.0,0.0,0.0,0.0,Optimal,3567.354144099998,3742376.15534414
1039,,70.7,0.0,0.0,3.9143595,0.0,0.0,0.0,0.0,0.0,0.0,0.0,0.0,0.0,Optimal,3567.354144099998,3742376.15534414
1040,,82.32,30.0,0.0,32.71436,0.0,30.0,30.0,0.0,0.0,0.0,0.0,0.0,0.0,Optimal,3567.354144099998,3742376.15534414
1041,,89.1,30.0,0.0,61.51436,0.0,30.0,30.0,0.0,0.0,0.0,0.0,0.0,0.0,Optimal,3567.354144099998,3742376.15534414
1042,,75.12,13.394241,0.0,74.372831,0.0,13.394241,13.394241,0.0,0.0,0.0,0.0,0.0,0.0,Optimal,3567.354144099998,3742376.15534414
1043,,69.21,0.0,27.648,45.572831,27.648,0.0,-27.648,0.0,0.0,0.0,0.0,0.0,0.0,Optimal,3567.354144099998,3742376.15534414
1044,,63.87,30.0,0.0,74.372831,0.0,30.0,30.0,0.0,0.0,0.0,0.0,0.0,0.0,Optimal,3567.354144099998,3742376.15534414
1045,,60.53,0.0,30.0,43.122831,30.0,0.0,-30.0,0.0,0.0,0.0,0.0,0.0,0.0,Optimal,3567.354144099998,3742376.15534414
1046,,60.26,0.0,30.0,11.872831,30.0,0.0,-30.0,0.0,0.0,0.0,0.0,0.0,0.0,Optimal,3567.354144099998,3742376.15534414
1047,,63.1,0.0,7.6401325,3.9143595,7.6401325,0.0,-7.6401325,0.0,0.0,0.0,0.0,0.0,0.0,Optimal,3567.354144099998,3742376.15534414
1048,,70.7,0.0,0.0,3.9143595,0.0,0.0,0.0,0.0,0.0,0.0,0.0,0.0,0.0,Optimal,3567.354144099998,3742376.15534414
1049,,77.92,0.0,0.0,3.9143595,0.0,0.0,0.0,0.0,0.0,0.0,0.0,0.0,0.0,Optimal,3567.354144099998,3742376.15534414
1050,,91.79,30.0,0.0,32.71436,0.0,30.0,30.0,0.0,0.0,0.0,0.0,0.0,0.0,Optimal,3567.354144099998,3742376.15534414
1051,,99.2,30.0,0.0,61.51436,0.0,30.0,30.0,0.0,0.0,0.0,0.0,0.0,0.0,Optimal,3567.354144099998,3742376.15534414
1052,,91.13,13.394241,0.0,74.372831,0.0,13.394241,13.394241,0.0,0.0,0.0,0.0,0.0,0.0,Optimal,3567.354144099998,3742376.15534414
1053,,78.2,0.0,0.0,74.372831,0.0,0.0,0.0,0.0,0.0,0.0,0.0,0.0,0.0,Optimal,3567.354144099998,3742376.15534414
1054,,72.18,0.0,27.648,45.572831,27.648,0.0,-27.648,0.0,0.0,0.0,0.0,0.0,0.0,Optimal,3567.354144099998,3742376.15534414
1055,,68.53,30.0,0.0,74.372831,0.0,30.0,30.0,0.0,0.0,0.0,0.0,0.0,0.0,Optimal,3567.354144099998,3742376.15534414
1056,,64.78,0.0,0.0,74.372831,0.0,0.0,0.0,0.0,0.0,0.0,0.0,0.0,0.0,Optimal,3567.354144099998,3742376.15534414
1057,,60.63,0.0,27.648,45.572831,27.648,0.0,-27.648,0.0,0.0,0.0,0.0,0.0,0.0,Optimal,3567.354144099998,3742376.15534414
1058,,59.34,30.0,0.0,74.372831,0.0,30.0,30.0,0.0,0.0,0.0,0.0,0.0,0.0,Optimal,3567.354144099998,3742376.15534414
1059,,55.76,0.0,7.6401325,66.41436,7.6401325,0.0,-7.6401325,0.0,0.0,0.0,0.0,0.0,0.0,Optimal,3567.354144099998,3742376.15534414
1060,,54.79,0.0,30.0,35.16436,30.0,0.0,-30.0,0.0,0.0,0.0,0.0,0.0,0.0,Optimal,3567.354144099998,3742376.15534414
1061,,55.06,0.0,30.0,3.9143595,30.0,0.0,-30.0,0.0,0.0,0.0,0.0,0.0,0.0,Optimal,3567.354144099998,3742376.15534414
1062,,58.5,0.0,0.0,3.9143595,0.0,0.0,0.0,0.0,0.0,0.0,0.0,0.0,0.0,Optimal,3567.354144099998,3742376.15534414
1063,,63.52,0.0,0.0,3.9143595,0.0,0.0,0.0,0.0,0.0,0.0,0.0,0.0,0.0,Optimal,3567.354144099998,3742376.15534414
1064,,72.98,30.0,0.0,32.71436,0.0,30.0,30.0,0.0,0.0,0.0,0.0,0.0,0.0,Optimal,3567.354144099998,3742376.15534414
1065,,79.89,30.0,0.0,61.51436,0.0,30.0,30.0,0.0,0.0,0.0,0.0,0.0,0.0,Optimal,3567.354144099998,3742376.15534414
1066,,69.65,13.394241,0.0,74.372831,0.0,13.394241,13.394241,0.0,0.0,0.0,0.0,0.0,0.0,Optimal,3567.354144099998,3742376.15534414
1067,,63.86,0.0,30.0,43.122831,30.0,0.0,-30.0,0.0,0.0,0.0,0.0,0.0,0.0,Optimal,3567.354144099998,3742376.15534414
1068,,63.29,24.262009,0.0,66.41436,0.0,24.262009,24.262009,0.0,0.0,0.0,0.0,0.0,0.0,Optimal,3567.354144099998,3742376.15534414
1069,,62.16,0.0,30.0,35.16436,30.0,0.0,-30.0,0.0,0.0,0.0,0.0,0.0,0.0,Optimal,3567.354144099998,3742376.15534414
1070,,61.91,0.0,30.0,3.9143595,30.0,0.0,-30.0,0.0,0.0,0.0,0.0,0.0,0.0,Optimal,3567.354144099998,3742376.15534414
1071,,67.29,30.0,0.0,32.71436,0.0,30.0,30.0,0.0,0.0,0.0,0.0,0.0,0.0,Optimal,3567.354144099998,3742376.15534414
1072,,70.69,0.0,27.648,3.9143595,27.648,0.0,-27.648,0.0,0.0,0.0,0.0,0.0,0.0,Optimal,3567.354144099998,3742376.15534414
1073,,75.99,0.0,0.0,3.9143595,0.0,0.0,0.0,0.0,0.0,0.0,0.0,0.0,0.0,Optimal,3567.354144099998,3742376.15534414
1074,,81.65,13.394241,0.0,16.772831,0.0,13.394241,13.394241,0.0,0.0,0.0,0.0,0.0,0.0,Optimal,3567.354144099998,3742376.15534414
1075,,87.67,30.0,0.0,45.572831,0.0,30.0,30.0,0.0,0.0,0.0,0.0,0.0,0.0,Optimal,3567.354144099998,3742376.15534414
1076,,84.58,30.0,0.0,74.372831,0.0,30.0,30.0,0.0,0.0,0.0,0.0,0.0,0.0,Optimal,3567.354144099998,3742376.15534414
1077,,76.6,0.0,0.0,74.372831,0.0,0.0,0.0,0.0,0.0,0.0,0.0,0.0,0.0,Optimal,3567.354144099998,3742376.15534414
1078,,69.71,0.0,27.648,45.572831,27.648,0.0,-27.648,0.0,0.0,0.0,0.0,0.0,0.0,Optimal,3567.354144099998,3742376.15534414
1079,,68.2,30.0,0.0,74.372831,0.0,30.0,30.0,0.0,0.0,0.0,0.0,0.0,0.0,Optimal,3567.354144099998,3742376.15534414
1080,,63.8,0.0,27.648,45.572831,27.648,0.0,-27.648,0.0,0.0,0.0,0.0,0.0,0.0,Optimal,3567.354144099998,3742376.15534414
1081,,61.67,30.0,0.0,74.372831,0.0,30.0,30.0,0.0,0.0,0.0,0.0,0.0,0.0,Optimal,3567.354144099998,3742376.15534414
1082,,60.55,0.0,30.0,43.122831,30.0,0.0,-30.0,0.0,0.0,0.0,0.0,0.0,0.0,Optimal,3567.354144099998,3742376.15534414
1083,,59.41,30.0,0.0,71.922831,0.0,30.0,30.0,0.0,0.0,0.0,0.0,0.0,0.0,Optimal,3567.354144099998,3742376.15534414
1084,,58.33,0.0,30.0,40.672831,30.0,0.0,-30.0,0.0,0.0,0.0,0.0,0.0,0.0,Optimal,3567.354144099998,3742376.15534414
1085,,59.63,0.0,30.0,9.4228309,30.0,0.0,-30.0,0.0,0.0,0.0,0.0,0.0,0.0,Optimal,3567.354144099998,3742376.15534414
1086,,63.43,0.0,5.2881325,3.9143595,5.2881325,0.0,-5.2881325,0.0,0.0,0.0,0.0,0.0,0.0,Optimal,3567.354144099998,3742376.15534414
1087,,70.14,0.0,0.0,3.9143595,0.0,0.0,0.0,0.0,0.0,0.0,0.0,0.0,0.0,Optimal,3567.354144099998,3742376.15534414
1088,,79.8,30.0,0.0,32.71436,0.0,30.0,30.0,0.0,0.0,0.0,0.0,0.0,0.0,Optimal,3567.354144099998,3742376.15534414
1089,,82.06,30.0,0.0,61.51436,0.0,30.0,30.0,0.0,0.0,0.0,0.0,0.0,0.0,Optimal,3567.354144099998,3742376.15534414
1090,,77.84,13.394241,0.0,74.372831,0.0,13.394241,13.394241,0.0,0.0,0.0,0.0,0.0,0.0,Optimal,3567.354144099998,3742376.15534414
1091,,73.51,0.0,27.648,45.572831,27.648,0.0,-27.648,0.0,0.0,0.0,0.0,0.0,0.0,Optimal,3567.354144099998,3742376.15534414
1092,,68.51,30.0,0.0,74.372831,0.0,30.0,30.0,0.0,0.0,0.0,0.0,0.0,0.0,Optimal,3567.354144099998,3742376.15534414
1093,,64.8,0.0,30.0,43.122831,30.0,0.0,-30.0,0.0,0.0,0.0,0.0,0.0,0.0,Optimal,3567.354144099998,3742376.15534414
1094,,63.85,0.0,30.0,11.872831,30.0,0.0,-30.0,0.0,0.0,0.0,0.0,0.0,0.0,Optimal,3567.354144099998,3742376.15534414
1095,,66.84,0.0,7.6401325,3.9143595,7.6401325,0.0,-7.6401325,0.0,0.0,0.0,0.0,0.0,0.0,Optimal,3567.354144099998,3742376.15534414
1096,,71.27,30.0,0.0,32.71436,0.0,30.0,30.0,0.0,0.0,0.0,0.0,0.0,0.0,Optimal,3567.354144099998,3742376.15534414
1097,,74.11,0.0,27.648,3.9143595,27.648,0.0,-27.648,0.0,0.0,0.0,0.0,0.0,0.0,Optimal,3567.354144099998,3742376.15534414
1098,,82.44,30.0,0.0,32.71436,0.0,30.0,30.0,0.0,0.0,0.0,0.0,0.0,0.0,Optimal,3567.354144099998,3742376.15534414
1099,,84.54,30.0,0.0,61.51436,0.0,30.0,30.0,0.0,0.0,0.0,0.0,0.0,0.0,Optimal,3567.354144099998,3742376.15534414
1100,,75.13,13.394241,0.0,74.372831,0.0,13.394241,13.394241,0.0,0.0,0.0,0.0,0.0,0.0,Optimal,3567.354144099998,3742376.15534414
1101,,69.56,0.0,0.0,74.372831,0.0,0.0,0.0,0.0,0.0,0.0,0.0,0.0,0.0,Optimal,3567.354144099998,3742376.15534414
1102,,62.68,0.0,30.0,43.122831,30.0,0.0,-30.0,0.0,0.0,0.0,0.0,0.0,0.0,Optimal,3567.354144099998,3742376.15534414
1103,,62.66,30.0,0.0,71.922831,0.0,30.0,30.0,0.0,0.0,0.0,0.0,0.0,0.0,Optimal,3567.354144099998,3742376.15534414
1104,,58.64,2.5520833,0.0,74.372831,0.0,2.5520833,2.5520833,0.0,0.0,0.0,0.0,0.0,0.0,Optimal,3567.354144099998,3742376.15534414
1105,,51.76,0.0,30.0,43.122831,30.0,0.0,-30.0,0.0,0.0,0.0,0.0,0.0,0.0,Optimal,3567.354144099998,3742376.15534414
1106,,51.08,26.814092,0.0,68.86436,0.0,26.814092,26.814092,0.0,0.0,0.0,0.0,0.0,0.0,Optimal,3567.354144099998,3742376.15534414
1107,,49.92,0.0,30.0,37.61436,30.0,0.0,-30.0,0.0,0.0,0.0,0.0,0.0,0.0,Optimal,3567.354144099998,3742376.15534414
1108,,48.81,0.0,30.0,6.3643595,30.0,0.0,-30.0,0.0,0.0,0.0,0.0,0.0,0.0,Optimal,3567.354144099998,3742376.15534414
1109,,51.38,30.0,0.0,35.16436,0.0,30.0,30.0,0.0,0.0,0.0,0.0,0.0,0.0,Optimal,3567.354144099998,3742376.15534414
1110,,52.2,0.0,30.0,3.9143595,30.0,0.0,-30.0,0.0,0.0,0.0,0.0,0.0,0.0,Optimal,3567.354144099998,3742376.15534414
1111,,57.5,0.0,0.0,3.9143595,0.0,0.0,0.0,0.0,0.0,0.0,0.0,0.0,0.0,Optimal,3567.354144099998,3742376.15534414
1112,,68.88,30.0,0.0,32.71436,0.0,30.0,30.0,0.0,0.0,0.0,0.0,0.0,0.0,Optimal,3567.354144099998,3742376.15534414
1113,,70.5,30.0,0.0,61.51436,0.0,30.0,30.0,0.0,0.0,0.0,0.0,0.0,0.0,Optimal,3567.354144099998,3742376.15534414
1114,,68.0,13.394241,0.0,74.372831,0.0,13.394241,13.394241,0.0,0.0,0.0,0.0,0.0,0.0,Optimal,3567.354144099998,3742376.15534414
1115,,61.2,0.0,30.0,43.122831,30.0,0.0,-30.0,0.0,0.0,0.0,0.0,0.0,0.0,Optimal,3567.354144099998,3742376.15534414
1116,,68.8,30.0,0.0,71.922831,0.0,30.0,30.0,0.0,0.0,0.0,0.0,0.0,0.0,Optimal,3567.354144099998,3742376.15534414
1117,,65.0,0.0,30.0,40.672831,30.0,0.0,-30.0,0.0,0.0,0.0,0.0,0.0,0.0,Optimal,3567.354144099998,3742376.15534414
1118,,61.2,0.0,30.0,9.4228309,30.0,0.0,-30.0,0.0,0.0,0.0,0.0,0.0,0.0,Optimal,3567.354144099998,3742376.15534414
1119,,63.04,26.814092,0.0,35.16436,0.0,26.814092,26.814092,0.0,0.0,0.0,0.0,0.0,0.0,Optimal,3567.354144099998,3742376.15534414
1120,,64.96,0.0,30.0,3.9143595,30.0,0.0,-30.0,0.0,0.0,0.0,0.0,0.0,0.0,Optimal,3567.354144099998,3742376.15534414
1121,,70.0,30.0,0.0,32.71436,0.0,30.0,30.0,0.0,0.0,0.0,0.0,0.0,0.0,Optimal,3567.354144099998,3742376.15534414
1122,,72.06,0.0,27.648,3.9143595,27.648,0.0,-27.648,0.0,0.0,0.0,0.0,0.0,0.0,Optimal,3567.354144099998,3742376.15534414
1123,,79.73,30.0,0.0,32.71436,0.0,30.0,30.0,0.0,0.0,0.0,0.0,0.0,0.0,Optimal,3567.354144099998,3742376.15534414
1124,,80.75,30.0,0.0,61.51436,0.0,30.0,30.0,0.0,0.0,0.0,0.0,0.0,0.0,Optimal,3567.354144099998,3742376.15534414
1125,,74.53,13.394241,0.0,74.372831,0.0,13.394241,13.394241,0.0,0.0,0.0,0.0,0.0,0.0,Optimal,3567.354144099998,3742376.15534414
1126,,70.0,0.0,28.232133,44.96436,28.232133,0.0,-28.232133,0.0,0.0,0.0,0.0,0.0,0.0,Optimal,3567.354144099998,3742376.15534414
1127,,70.0,30.0,0.0,73.76436,0.0,30.0,30.0,0.0,0.0,0.0,0.0,0.0,0.0,Optimal,3567.354144099998,3742376.15534414
1128,,65.7,0.0,30.0,42.51436,30.0,0.0,-30.0,0.0,0.0,0.0,0.0,0.0,0.0,Optimal,3567.354144099998,3742376.15534414
1129,,68.5,30.0,0.0,71.31436,0.0,30.0,30.0,0.0,0.0,0.0,0.0,0.0,0.0,Optimal,3567.354144099998,3742376.15534414
1130,,62.64,0.0,30.0,40.06436,30.0,0.0,-30.0,0.0,0.0,0.0,0.0,0.0,0.0,Optimal,3567.354144099998,3742376.15534414
1131,,68.0,30.0,0.0,68.86436,0.0,30.0,30.0,0.0,0.0,0.0,0.0,0.0,0.0,Optimal,3567.354144099998,3742376.15534414
1132,,64.9,0.0,30.0,37.61436,30.0,0.0,-30.0,0.0,0.0,0.0,0.0,0.0,0.0,Optimal,3567.354144099998,3742376.15534414
1133,,64.89,0.0,30.0,6.3643595,30.0,0.0,-30.0,0.0,0.0,0.0,0.0,0.0,0.0,Optimal,3567.354144099998,3742376.15534414
1134,,73.28,30.0,0.0,35.16436,0.0,30.0,30.0,0.0,0.0,0.0,0.0,0.0,0.0,Optimal,3567.354144099998,3742376.15534414
1135,,60.6,0.0,30.0,3.9143595,30.0,0.0,-30.0,0.0,0.0,0.0,0.0,0.0,0.0,Optimal,3567.354144099998,3742376.15534414
1136,,68.7,13.394241,0.0,16.772831,0.0,13.394241,13.394241,0.0,0.0,0.0,0.0,0.0,0.0,Optimal,3567.354144099998,3742376.15534414
1137,,75.3,30.0,0.0,45.572831,0.0,30.0,30.0,0.0,0.0,0.0,0.0,0.0,0.0,Optimal,3567.354144099998,3742376.15534414
1138,,84.52,30.0,0.0,74.372831,0.0,30.0,30.0,0.0,0.0,0.0,0.0,0.0,0.0,Optimal,3567.354144099998,3742376.15534414
1139,,67.0,0.0,0.0,74.372831,0.0,0.0,0.0,0.0,0.0,0.0,0.0,0.0,0.0,Optimal,3567.354144099998,3742376.15534414
1140,,60.83,0.0,30.0,43.122831,30.0,0.0,-30.0,0.0,0.0,0.0,0.0,0.0,0.0,Optimal,3567.354144099998,3742376.15534414
1141,,58.24,24.262009,0.0,66.41436,0.0,24.262009,24.262009,0.0,0.0,0.0,0.0,0.0,0.0,Optimal,3567.354144099998,3742376.15534414
1142,,55.25,0.0,30.0,35.16436,30.0,0.0,-30.0,0.0,0.0,0.0,0.0,0.0,0.0,Optimal,3567.354144099998,3742376.15534414
1143,,59.1,0.0,30.0,3.9143595,30.0,0.0,-30.0,0.0,0.0,0.0,0.0,0.0,0.0,Optimal,3567.354144099998,3742376.15534414
1144,,67.07,30.0,0.0,32.71436,0.0,30.0,30.0,0.0,0.0,0.0,0.0,0.0,0.0,Optimal,3567.354144099998,3742376.15534414
1145,,70.8,0.0,27.648,3.9143595,27.648,0.0,-27.648,0.0,0.0,0.0,0.0,0.0,0.0,Optimal,3567.354144099998,3742376.15534414
1146,,85.01,13.394241,0.0,16.772831,0.0,13.394241,13.394241,0.0,0.0,0.0,0.0,0.0,0.0,Optimal,3567.354144099998,3742376.15534414
1147,,105.68,30.0,0.0,45.572831,0.0,30.0,30.0,0.0,0.0,0.0,0.0,0.0,0.0,Optimal,3567.354144099998,3742376.15534414
1148,,89.51,30.0,0.0,74.372831,0.0,30.0,30.0,0.0,0.0,0.0,0.0,0.0,0.0,Optimal,3567.354144099998,3742376.15534414
1149,,80.15,0.0,0.0,74.372831,0.0,0.0,0.0,0.0,0.0,0.0,0.0,0.0,0.0,Optimal,3567.354144099998,3742376.15534414
1150,,74.16,0.0,30.0,43.122831,30.0,0.0,-30.0,0.0,0.0,0.0,0.0,0.0,0.0,Optimal,3567.354144099998,3742376.15534414
1151,,72.06,30.0,0.0,71.922831,0.0,30.0,30.0,0.0,0.0,0.0,0.0,0.0,0.0,Optimal,3567.354144099998,3742376.15534414
1152,,69.11,2.5520833,0.0,74.372831,0.0,2.5520833,2.5520833,0.0,0.0,0.0,0.0,0.0,0.0,Optimal,3567.354144099998,3742376.15534414
1153,,62.13,0.0,0.0,74.372831,0.0,0.0,0.0,0.0,0.0,0.0,0.0,0.0,0.0,Optimal,3567.354144099998,3742376.15534414
1154,,54.81,0.0,27.648,45.572831,27.648,0.0,-27.648,0.0,0.0,0.0,0.0,0.0,0.0,Optimal,3567.354144099998,3742376.15534414
1155,,51.4,30.0,0.0,74.372831,0.0,30.0,30.0,0.0,0.0,0.0,0.0,0.0,0.0,Optimal,3567.354144099998,3742376.15534414
1156,,50.22,0.0,27.648,45.572831,27.648,0.0,-27.648,0.0,0.0,0.0,0.0,0.0,0.0,Optimal,3567.354144099998,3742376.15534414
1157,,50.0,30.0,0.0,74.372831,0.0,30.0,30.0,0.0,0.0,0.0,0.0,0.0,0.0,Optimal,3567.354144099998,3742376.15534414
1158,,48.47,0.0,25.296,48.022831,25.296,0.0,-25.296,0.0,0.0,0.0,0.0,0.0,0.0,Optimal,3567.354144099998,3742376.15534414
1159,,46.02,0.0,30.0,16.772831,30.0,0.0,-30.0,0.0,0.0,0.0,0.0,0.0,0.0,Optimal,3567.354144099998,3742376.15534414
1160,,48.97,30.0,0.0,45.572831,0.0,30.0,30.0,0.0,0.0,0.0,0.0,0.0,0.0,Optimal,3567.354144099998,3742376.15534414
1161,,47.28,30.0,0.0,74.372831,0.0,30.0,30.0,0.0,0.0,0.0,0.0,0.0,0.0,Optimal,3567.354144099998,3742376.15534414
1162,,43.03,0.0,7.6401325,66.41436,7.6401325,0.0,-7.6401325,0.0,0.0,0.0,0.0,0.0,0.0,Optimal,3567.354144099998,3742376.15534414
1163,,40.45,0.0,30.0,35.16436,30.0,0.0,-30.0,0.0,0.0,0.0,0.0,0.0,0.0,Optimal,3567.354144099998,3742376.15534414
1164,,41.0,0.0,30.0,3.9143595,30.0,0.0,-30.0,0.0,0.0,0.0,0.0,0.0,0.0,Optimal,3567.354144099998,3742376.15534414
1165,,50.0,30.0,0.0,32.71436,0.0,30.0,30.0,0.0,0.0,0.0,0.0,0.0,0.0,Optimal,3567.354144099998,3742376.15534414
1166,,50.17,0.0,27.648,3.9143595,27.648,0.0,-27.648,0.0,0.0,0.0,0.0,0.0,0.0,Optimal,3567.354144099998,3742376.15534414
1167,,64.6,2.5520833,0.0,6.3643595,0.0,2.5520833,2.5520833,0.0,0.0,0.0,0.0,0.0,0.0,Optimal,3567.354144099998,3742376.15534414
1168,,66.93,30.0,0.0,35.16436,0.0,30.0,30.0,0.0,0.0,0.0,0.0,0.0,0.0,Optimal,3567.354144099998,3742376.15534414
1169,,62.87,0.0,30.0,3.9143595,30.0,0.0,-30.0,0.0,0.0,0.0,0.0,0.0,0.0,Optimal,3567.354144099998,3742376.15534414
1170,,72.0,30.0,0.0,32.71436,0.0,30.0,30.0,0.0,0.0,0.0,0.0,0.0,0.0,Optimal,3567.354144099998,3742376.15534414
1171,,84.1,30.0,0.0,61.51436,0.0,30.0,30.0,0.0,0.0,0.0,0.0,0.0,0.0,Optimal,3567.354144099998,3742376.15534414
1172,,70.59,13.394241,0.0,74.372831,0.0,13.394241,13.394241,0.0,0.0,0.0,0.0,0.0,0.0,Optimal,3567.354144099998,3742376.15534414
1173,,64.71,0.0,0.0,74.372831,0.0,0.0,0.0,0.0,0.0,0.0,0.0,0.0,0.0,Optimal,3567.354144099998,3742376.15534414
1174,,59.83,0.0,27.648,45.572831,27.648,0.0,-27.648,0.0,0.0,0.0,0.0,0.0,0.0,Optimal,3567.354144099998,3742376.15534414
1175,,57.33,30.0,0.0,74.372831,0.0,30.0,30.0,0.0,0.0,0.0,0.0,0.0,0.0,Optimal,3567.354144099998,3742376.15534414
1176,,53.94,0.0,0.0,74.372831,0.0,0.0,0.0,0.0,0.0,0.0,0.0,0.0,0.0,Optimal,3567.354144099998,3742376.15534414
1177,,44.0,0.0,30.0,43.122831,30.0,0.0,-30.0,0.0,0.0,0.0,0.0,0.0,0.0,Optimal,3567.354144099998,3742376.15534414
1178,,48.32,30.0,0.0,71.922831,0.0,30.0,30.0,0.0,0.0,0.0,0.0,0.0,0.0,Optimal,3567.354144099998,3742376.15534414
1179,,46.46,0.0,5.2881325,66.41436,5.2881325,0.0,-5.2881325,0.0,0.0,0.0,0.0,0.0,0.0,Optimal,3567.354144099998,3742376.15534414
1180,,43.91,0.0,30.0,35.16436,30.0,0.0,-30.0,0.0,0.0,0.0,0.0,0.0,0.0,Optimal,3567.354144099998,3742376.15534414
1181,,44.92,0.0,30.0,3.9143595,30.0,0.0,-30.0,0.0,0.0,0.0,0.0,0.0,0.0,Optimal,3567.354144099998,3742376.15534414
1182,,51.57,0.0,0.0,3.9143595,0.0,0.0,0.0,0.0,0.0,0.0,0.0,0.0,0.0,Optimal,3567.354144099998,3742376.15534414
1183,,68.63,0.0,0.0,3.9143595,0.0,0.0,0.0,0.0,0.0,0.0,0.0,0.0,0.0,Optimal,3567.354144099998,3742376.15534414
1184,,79.12,30.0,0.0,32.71436,0.0,30.0,30.0,0.0,0.0,0.0,0.0,0.0,0.0,Optimal,3567.354144099998,3742376.15534414
1185,,83.87,30.0,0.0,61.51436,0.0,30.0,30.0,0.0,0.0,0.0,0.0,0.0,0.0,Optimal,3567.354144099998,3742376.15534414
1186,,75.06,13.394241,0.0,74.372831,0.0,13.394241,13.394241,0.0,0.0,0.0,0.0,0.0,0.0,Optimal,3567.354144099998,3742376.15534414
1187,,70.88,0.0,27.648,45.572831,27.648,0.0,-27.648,0.0,0.0,0.0,0.0,0.0,0.0,Optimal,3567.354144099998,3742376.15534414
1188,,69.22,30.0,0.0,74.372831,0.0,30.0,30.0,0.0,0.0,0.0,0.0,0.0,0.0,Optimal,3567.354144099998,3742376.15534414
1189,,62.47,0.0,30.0,43.122831,30.0,0.0,-30.0,0.0,0.0,0.0,0.0,0.0,0.0,Optimal,3567.354144099998,3742376.15534414
1190,,59.97,0.0,30.0,11.872831,30.0,0.0,-30.0,0.0,0.0,0.0,0.0,0.0,0.0,Optimal,3567.354144099998,3742376.15534414
1191,,64.18,0.0,7.6401325,3.9143595,7.6401325,0.0,-7.6401325,0.0,0.0,0.0,0.0,0.0,0.0,Optimal,3567.354144099998,3742376.15534414
1192,,66.8,30.0,0.0,32.71436,0.0,30.0,30.0,0.0,0.0,0.0,0.0,0.0,0.0,Optimal,3567.354144099998,3742376.15534414
1193,,69.86,0.0,27.648,3.9143595,27.648,0.0,-27.648,0.0,0.0,0.0,0.0,0.0,0.0,Optimal,3567.354144099998,3742376.15534414
1194,,76.15,13.394241,0.0,16.772831,0.0,13.394241,13.394241,0.0,0.0,0.0,0.0,0.0,0.0,Optimal,3567.354144099998,3742376.15534414
1195,,99.89,30.0,0.0,45.572831,0.0,30.0,30.0,0.0,0.0,0.0,0.0,0.0,0.0,Optimal,3567.354144099998,3742376.15534414
1196,,80.02,30.0,0.0,74.372831,0.0,30.0,30.0,0.0,0.0,0.0,0.0,0.0,0.0,Optimal,3567.354144099998,3742376.15534414
1197,,71.92,0.0,0.0,74.372831,0.0,0.0,0.0,0.0,0.0,0.0,0.0,0.0,0.0,Optimal,3567.354144099998,3742376.15534414
1198,,67.49,0.0,27.648,45.572831,27.648,0.0,-27.648,0.0,0.0,0.0,0.0,0.0,0.0,Optimal,3567.354144099998,3742376.15534414
1199,,66.27,30.0,0.0,74.372831,0.0,30.0,30.0,0.0,0.0,0.0,0.0,0.0,0.0,Optimal,3567.354144099998,3742376.15534414
1200,,59.07,0.0,27.648,45.572831,27.648,0.0,-27.648,0.0,0.0,0.0,0.0,0.0,0.0,Optimal,3567.354144099998,3742376.15534414
1201,,58.06,30.0,0.0,74.372831,0.0,30.0,30.0,0.0,0.0,0.0,0.0,0.0,0.0,Optimal,3567.354144099998,3742376.15534414
1202,,54.32,0.0,30.0,43.122831,30.0,0.0,-30.0,0.0,0.0,0.0,0.0,0.0,0.0,Optimal,3567.354144099998,3742376.15534414
1203,,53.96,0.0,30.0,11.872831,30.0,0.0,-30.0,0.0,0.0,0.0,0.0,0.0,0.0,Optimal,3567.354144099998,3742376.15534414
1204,,56.0,30.0,0.0,40.672831,0.0,30.0,30.0,0.0,0.0,0.0,0.0,0.0,0.0,Optimal,3567.354144099998,3742376.15534414
1205,,53.0,0.0,30.0,9.4228309,30.0,0.0,-30.0,0.0,0.0,0.0,0.0,0.0,0.0,Optimal,3567.354144099998,3742376.15534414
1206,,54.81,0.0,5.2881325,3.9143595,5.2881325,0.0,-5.2881325,0.0,0.0,0.0,0.0,0.0,0.0,Optimal,3567.354144099998,3742376.15534414
1207,,71.05,0.0,0.0,3.9143595,0.0,0.0,0.0,0.0,0.0,0.0,0.0,0.0,0.0,Optimal,3567.354144099998,3742376.15534414
1208,,86.07,30.0,0.0,32.71436,0.0,30.0,30.0,0.0,0.0,0.0,0.0,0.0,0.0,Optimal,3567.354144099998,3742376.15534414
1209,,89.63,30.0,0.0,61.51436,0.0,30.0,30.0,0.0,0.0,0.0,0.0,0.0,0.0,Optimal,3567.354144099998,3742376.15534414
1210,,78.77,13.394241,0.0,74.372831,0.0,13.394241,13.394241,0.0,0.0,0.0,0.0,0.0,0.0,Optimal,3567.354144099998,3742376.15534414
1211,,69.85,0.0,0.0,74.372831,0.0,0.0,0.0,0.0,0.0,0.0,0.0,0.0,0.0,Optimal,3567.354144099998,3742376.15534414
1212,,60.92,0.0,0.0,74.372831,0.0,0.0,0.0,0.0,0.0,0.0,0.0,0.0,0.0,Optimal,3567.354144099998,3742376.15534414
1213,,53.52,0.0,7.6401325,66.41436,7.6401325,0.0,-7.6401325,0.0,0.0,0.0,0.0,0.0,0.0,Optimal,3567.354144099998,3742376.15534414
1214,,51.51,0.0,30.0,35.16436,30.0,0.0,-30.0,0.0,0.0,0.0,0.0,0.0,0.0,Optimal,3567.354144099998,3742376.15534414
1215,,51.86,0.0,30.0,3.9143595,30.0,0.0,-30.0,0.0,0.0,0.0,0.0,0.0,0.0,Optimal,3567.354144099998,3742376.15534414
1216,,55.89,0.0,0.0,3.9143595,0.0,0.0,0.0,0.0,0.0,0.0,0.0,0.0,0.0,Optimal,3567.354144099998,3742376.15534414
1217,,62.28,0.0,0.0,3.9143595,0.0,0.0,0.0,0.0,0.0,0.0,0.0,0.0,0.0,Optimal,3567.354144099998,3742376.15534414
1218,,68.98,13.394241,0.0,16.772831,0.0,13.394241,13.394241,0.0,0.0,0.0,0.0,0.0,0.0,Optimal,3567.354144099998,3742376.15534414
1219,,70.86,30.0,0.0,45.572831,0.0,30.0,30.0,0.0,0.0,0.0,0.0,0.0,0.0,Optimal,3567.354144099998,3742376.15534414
1220,,70.76,30.0,0.0,74.372831,0.0,30.0,30.0,0.0,0.0,0.0,0.0,0.0,0.0,Optimal,3567.354144099998,3742376.15534414
1221,,67.76,0.0,0.0,74.372831,0.0,0.0,0.0,0.0,0.0,0.0,0.0,0.0,0.0,Optimal,3567.354144099998,3742376.15534414
1222,,57.0,0.0,0.0,74.372831,0.0,0.0,0.0,0.0,0.0,0.0,0.0,0.0,0.0,Optimal,3567.354144099998,3742376.15534414
1223,,48.44,0.0,30.0,43.122831,30.0,0.0,-30.0,0.0,0.0,0.0,0.0,0.0,0.0,Optimal,3567.354144099998,3742376.15534414
1224,,49.61,30.0,0.0,71.922831,0.0,30.0,30.0,0.0,0.0,0.0,0.0,0.0,0.0,Optimal,3567.354144099998,3742376.15534414
1225,,48.58,0.0,2.9361325,68.86436,2.9361325,0.0,-2.9361325,0.0,0.0,0.0,0.0,0.0,0.0,Optimal,3567.354144099998,3742376.15534414
1226,,46.91,0.0,30.0,37.61436,30.0,0.0,-30.0,0.0,0.0,0.0,0.0,0.0,0.0,Optimal,3567.354144099998,3742376.15534414
1227,,46.86,30.0,0.0,66.41436,0.0,30.0,30.0,0.0,0.0,0.0,0.0,0.0,0.0,Optimal,3567.354144099998,3742376.15534414
1228,,44.8,0.0,30.0,35.16436,30.0,0.0,-30.0,0.0,0.0,0.0,0.0,0.0,0.0,Optimal,3567.354144099998,3742376.15534414
1229,,45.43,0.0,30.0,3.9143595,30.0,0.0,-30.0,0.0,0.0,0.0,0.0,0.0,0.0,Optimal,3567.354144099998,3742376.15534414
1230,,50.06,0.0,0.0,3.9143595,0.0,0.0,0.0,0.0,0.0,0.0,0.0,0.0,0.0,Optimal,3567.354144099998,3742376.15534414
1231,,65.01,0.0,0.0,3.9143595,0.0,0.0,0.0,0.0,0.0,0.0,0.0,0.0,0.0,Optimal,3567.354144099998,3742376.15534414
1232,,79.7,30.0,0.0,32.71436,0.0,30.0,30.0,0.0,0.0,0.0,0.0,0.0,0.0,Optimal,3567.354144099998,3742376.15534414
1233,,84.05,30.0,0.0,61.51436,0.0,30.0,30.0,0.0,0.0,0.0,0.0,0.0,0.0,Optimal,3567.354144099998,3742376.15534414
1234,,69.65,13.394241,0.0,74.372831,0.0,13.394241,13.394241,0.0,0.0,0.0,0.0,0.0,0.0,Optimal,3567.354144099998,3742376.15534414
1235,,64.1,0.0,27.648,45.572831,27.648,0.0,-27.648,0.0,0.0,0.0,0.0,0.0,0.0,Optimal,3567.354144099998,3742376.15534414
1236,,60.39,30.0,0.0,74.372831,0.0,30.0,30.0,0.0,0.0,0.0,0.0,0.0,0.0,Optimal,3567.354144099998,3742376.15534414
1237,,53.01,0.0,30.0,43.122831,30.0,0.0,-30.0,0.0,0.0,0.0,0.0,0.0,0.0,Optimal,3567.354144099998,3742376.15534414
1238,,51.21,0.0,30.0,11.872831,30.0,0.0,-30.0,0.0,0.0,0.0,0.0,0.0,0.0,Optimal,3567.354144099998,3742376.15534414
1239,,53.76,0.0,7.6401325,3.9143595,7.6401325,0.0,-7.6401325,0.0,0.0,0.0,0.0,0.0,0.0,Optimal,3567.354144099998,3742376.15534414
1240,,64.71,30.0,0.0,32.71436,0.0,30.0,30.0,0.0,0.0,0.0,0.0,0.0,0.0,Optimal,3567.354144099998,3742376.15534414
1241,,67.1,0.0,15.303867,16.772831,15.303867,0.0,-15.303867,0.0,0.0,0.0,0.0,0.0,0.0,Optimal,3567.354144099998,3742376.15534414
1242,,68.31,30.0,0.0,45.572831,0.0,30.0,30.0,0.0,0.0,0.0,0.0,0.0,0.0,Optimal,3567.354144099998,3742376.15534414
1243,,68.38,30.0,0.0,74.372831,0.0,30.0,30.0,0.0,0.0,0.0,0.0,0.0,0.0,Optimal,3567.354144099998,3742376.15534414
1244,,61.6,0.0,0.0,74.372831,0.0,0.0,0.0,0.0,0.0,0.0,0.0,0.0,0.0,Optimal,3567.354144099998,3742376.15534414
1245,,52.52,0.0,0.0,74.372831,0.0,0.0,0.0,0.0,0.0,0.0,0.0,0.0,0.0,Optimal,3567.354144099998,3742376.15534414
1246,,46.31,0.0,0.0,74.372831,0.0,0.0,0.0,0.0,0.0,0.0,0.0,0.0,0.0,Optimal,3567.354144099998,3742376.15534414
1247,,42.04,0.0,0.0,74.372831,0.0,0.0,0.0,0.0,0.0,0.0,0.0,0.0,0.0,Optimal,3567.354144099998,3742376.15534414
1248,,35.57,0.0,0.0,74.372831,0.0,0.0,0.0,0.0,0.0,0.0,0.0,0.0,0.0,Optimal,3567.354144099998,3742376.15534414
1249,,30.87,0.0,0.0,74.372831,0.0,0.0,0.0,0.0,0.0,0.0,0.0,0.0,0.0,Optimal,3567.354144099998,3742376.15534414
1250,,27.42,0.0,30.0,43.122831,30.0,0.0,-30.0,0.0,0.0,0.0,0.0,0.0,0.0,Optimal,3567.354144099998,3742376.15534414
1251,,27.5,0.0,30.0,11.872831,30.0,0.0,-30.0,0.0,0.0,0.0,0.0,0.0,0.0,Optimal,3567.354144099998,3742376.15534414
1252,,29.44,0.0,7.6401325,3.9143595,7.6401325,0.0,-7.6401325,0.0,0.0,0.0,0.0,0.0,0.0,Optimal,3567.354144099998,3742376.15534414
1253,,35.51,0.0,0.0,3.9143595,0.0,0.0,0.0,0.0,0.0,0.0,0.0,0.0,0.0,Optimal,3567.354144099998,3742376.15534414
1254,,46.72,0.0,0.0,3.9143595,0.0,0.0,0.0,0.0,0.0,0.0,0.0,0.0,0.0,Optimal,3567.354144099998,3742376.15534414
1255,,64.26,0.0,0.0,3.9143595,0.0,0.0,0.0,0.0,0.0,0.0,0.0,0.0,0.0,Optimal,3567.354144099998,3742376.15534414
1256,,75.0,30.0,0.0,32.71436,0.0,30.0,30.0,0.0,0.0,0.0,0.0,0.0,0.0,Optimal,3567.354144099998,3742376.15534414
1257,,81.91,30.0,0.0,61.51436,0.0,30.0,30.0,0.0,0.0,0.0,0.0,0.0,0.0,Optimal,3567.354144099998,3742376.15534414
1258,,74.0,13.394241,0.0,74.372831,0.0,13.394241,13.394241,0.0,0.0,0.0,0.0,0.0,0.0,Optimal,3567.354144099998,3742376.15534414
1259,,69.44,0.0,27.648,45.572831,27.648,0.0,-27.648,0.0,0.0,0.0,0.0,0.0,0.0,Optimal,3567.354144099998,3742376.15534414
1260,,67.46,30.0,0.0,74.372831,0.0,30.0,30.0,0.0,0.0,0.0,0.0,0.0,0.0,Optimal,3567.354144099998,3742376.15534414
1261,,66.9,0.0,27.648,45.572831,27.648,0.0,-27.648,0.0,0.0,0.0,0.0,0.0,0.0,Optimal,3567.354144099998,3742376.15534414
1262,,66.69,30.0,0.0,74.372831,0.0,30.0,30.0,0.0,0.0,0.0,0.0,0.0,0.0,Optimal,3567.354144099998,3742376.15534414
1263,,63.49,0.0,27.648,45.572831,27.648,0.0,-27.648,0.0,0.0,0.0,0.0,0.0,0.0,Optimal,3567.354144099998,3742376.15534414
1264,,63.1,30.0,0.0,74.372831,0.0,30.0,30.0,0.0,0.0,0.0,0.0,0.0,0.0,Optimal,3567.354144099998,3742376.15534414
1265,,60.93,0.0,27.648,45.572831,27.648,0.0,-27.648,0.0,0.0,0.0,0.0,0.0,0.0,Optimal,3567.354144099998,3742376.15534414
1266,,61.76,30.0,0.0,74.372831,0.0,30.0,30.0,0.0,0.0,0.0,0.0,0.0,0.0,Optimal,3567.354144099998,3742376.15534414
1267,,59.95,0.0,27.648,45.572831,27.648,0.0,-27.648,0.0,0.0,0.0,0.0,0.0,0.0,Optimal,3567.354144099998,3742376.15534414
1268,,60.4,30.0,0.0,74.372831,0.0,30.0,30.0,0.0,0.0,0.0,0.0,0.0,0.0,Optimal,3567.354144099998,3742376.15534414
1269,,47.92,0.0,0.0,74.372831,0.0,0.0,0.0,0.0,0.0,0.0,0.0,0.0,0.0,Optimal,3567.354144099998,3742376.15534414
1270,,43.81,0.0,0.0,74.372831,0.0,0.0,0.0,0.0,0.0,0.0,0.0,0.0,0.0,Optimal,3567.354144099998,3742376.15534414
1271,,34.9,0.0,0.0,74.372831,0.0,0.0,0.0,0.0,0.0,0.0,0.0,0.0,0.0,Optimal,3567.354144099998,3742376.15534414
1272,,20.1,0.0,0.0,74.372831,0.0,0.0,0.0,0.0,0.0,0.0,0.0,0.0,0.0,Optimal,3567.354144099998,3742376.15534414
1273,,9.28,0.0,0.0,74.372831,0.0,0.0,0.0,0.0,0.0,0.0,0.0,0.0,0.0,Optimal,3567.354144099998,3742376.15534414
1274,,1.5,0.0,0.0,74.372831,0.0,0.0,0.0,0.0,0.0,0.0,0.0,0.0,0.0,Optimal,3567.354144099998,3742376.15534414
1275,,1.19,0.0,0.0,74.372831,0.0,0.0,0.0,0.0,0.0,0.0,0.0,0.0,0.0,Optimal,3567.354144099998,3742376.15534414
1276,,0.1,0.0,30.0,43.122831,30.0,0.0,-30.0,0.0,0.0,0.0,0.0,0.0,0.0,Optimal,3567.354144099998,3742376.15534414
1277,,0.4,0.0,30.0,11.872831,30.0,0.0,-30.0,0.0,0.0,0.0,0.0,0.0,0.0,Optimal,3567.354144099998,3742376.15534414
1278,,1.13,0.0,7.6401325,3.9143595,7.6401325,0.0,-7.6401325,0.0,0.0,0.0,0.0,0.0,0.0,Optimal,3567.354144099998,3742376.15534414
1279,,39.96,0.0,0.0,3.9143595,0.0,0.0,0.0,0.0,0.0,0.0,0.0,0.0,0.0,Optimal,3567.354144099998,3742376.15534414
1280,,57.96,30.0,0.0,32.71436,0.0,30.0,30.0,0.0,0.0,0.0,0.0,0.0,0.0,Optimal,3567.354144099998,3742376.15534414
1281,,60.8,30.0,0.0,61.51436,0.0,30.0,30.0,0.0,0.0,0.0,0.0,0.0,0.0,Optimal,3567.354144099998,3742376.15534414
1282,,53.54,13.394241,0.0,74.372831,0.0,13.394241,13.394241,0.0,0.0,0.0,0.0,0.0,0.0,Optimal,3567.354144099998,3742376.15534414
1283,,47.1,0.0,0.0,74.372831,0.0,0.0,0.0,0.0,0.0,0.0,0.0,0.0,0.0,Optimal,3567.354144099998,3742376.15534414
1284,,42.04,0.0,0.0,74.372831,0.0,0.0,0.0,0.0,0.0,0.0,0.0,0.0,0.0,Optimal,3567.354144099998,3742376.15534414
1285,,37.27,0.0,30.0,43.122831,30.0,0.0,-30.0,0.0,0.0,0.0,0.0,0.0,0.0,Optimal,3567.354144099998,3742376.15534414
1286,,32.9,0.0,30.0,11.872831,30.0,0.0,-30.0,0.0,0.0,0.0,0.0,0.0,0.0,Optimal,3567.354144099998,3742376.15534414
1287,,38.0,0.0,7.6401325,3.9143595,7.6401325,0.0,-7.6401325,0.0,0.0,0.0,0.0,0.0,0.0,Optimal,3567.354144099998,3742376.15534414
1288,,49.64,0.0,0.0,3.9143595,0.0,0.0,0.0,0.0,0.0,0.0,0.0,0.0,0.0,Optimal,3567.354144099998,3742376.15534414
1289,,63.21,0.0,0.0,3.9143595,0.0,0.0,0.0,0.0,0.0,0.0,0.0,0.0,0.0,Optimal,3567.354144099998,3742376.15534414
1290,,73.7,13.394241,0.0,16.772831,0.0,13.394241,13.394241,0.0,0.0,0.0,0.0,0.0,0.0,Optimal,3567.354144099998,3742376.15534414
1291,,86.44,30.0,0.0,45.572831,0.0,30.0,30.0,0.0,0.0,0.0,0.0,0.0,0.0,Optimal,3567.354144099998,3742376.15534414
1292,,84.01,30.0,0.0,74.372831,0.0,30.0,30.0,0.0,0.0,0.0,0.0,0.0,0.0,Optimal,3567.354144099998,3742376.15534414
1293,,72.97,0.0,0.0,74.372831,0.0,0.0,0.0,0.0,0.0,0.0,0.0,0.0,0.0,Optimal,3567.354144099998,3742376.15534414
1294,,69.26,0.0,27.648,45.572831,27.648,0.0,-27.648,0.0,0.0,0.0,0.0,0.0,0.0,Optimal,3567.354144099998,3742376.15534414
1295,,67.98,30.0,0.0,74.372831,0.0,30.0,30.0,0.0,0.0,0.0,0.0,0.0,0.0,Optimal,3567.354144099998,3742376.15534414
1296,,65.1,0.0,27.648,45.572831,27.648,0.0,-27.648,0.0,0.0,0.0,0.0,0.0,0.0,Optimal,3567.354144099998,3742376.15534414
1297,,66.47,30.0,0.0,74.372831,0.0,30.0,30.0,0.0,0.0,0.0,0.0,0.0,0.0,Optimal,3567.354144099998,3742376.15534414
1298,,63.9,0.0,27.648,45.572831,27.648,0.0,-27.648,0.0,0.0,0.0,0.0,0.0,0.0,Optimal,3567.354144099998,3742376.15534414
1299,,59.5,30.0,0.0,74.372831,0.0,30.0,30.0,0.0,0.0,0.0,0.0,0.0,0.0,Optimal,3567.354144099998,3742376.15534414
1300,,55.2,0.0,30.0,43.122831,30.0,0.0,-30.0,0.0,0.0,0.0,0.0,0.0,0.0,Optimal,3567.354144099998,3742376.15534414
1301,,55.39,0.0,30.0,11.872831,30.0,0.0,-30.0,0.0,0.0,0.0,0.0,0.0,0.0,Optimal,3567.354144099998,3742376.15534414
1302,,57.1,0.0,7.6401325,3.9143595,7.6401325,0.0,-7.6401325,0.0,0.0,0.0,0.0,0.0,0.0,Optimal,3567.354144099998,3742376.15534414
1303,,61.67,13.394241,0.0,16.772831,0.0,13.394241,13.394241,0.0,0.0,0.0,0.0,0.0,0.0,Optimal,3567.354144099998,3742376.15534414
1304,,66.11,30.0,0.0,45.572831,0.0,30.0,30.0,0.0,0.0,0.0,0.0,0.0,0.0,Optimal,3567.354144099998,3742376.15534414
1305,,64.4,30.0,0.0,74.372831,0.0,30.0,30.0,0.0,0.0,0.0,0.0,0.0,0.0,Optimal,3567.354144099998,3742376.15534414
1306,,57.6,0.0,0.0,74.372831,0.0,0.0,0.0,0.0,0.0,0.0,0.0,0.0,0.0,Optimal,3567.354144099998,3742376.15534414
1307,,49.19,0.0,27.648,45.572831,27.648,0.0,-27.648,0.0,0.0,0.0,0.0,0.0,0.0,Optimal,3567.354144099998,3742376.15534414
1308,,45.81,30.0,0.0,74.372831,0.0,30.0,30.0,0.0,0.0,0.0,0.0,0.0,0.0,Optimal,3567.354144099998,3742376.15534414
1309,,40.32,0.0,7.6401325,66.41436,7.6401325,0.0,-7.6401325,0.0,0.0,0.0,0.0,0.0,0.0,Optimal,3567.354144099998,3742376.15534414
1310,,32.22,0.0,30.0,35.16436,30.0,0.0,-30.0,0.0,0.0,0.0,0.0,0.0,0.0,Optimal,3567.354144099998,3742376.15534414
1311,,37.6,0.0,30.0,3.9143595,30.0,0.0,-30.0,0.0,0.0,0.0,0.0,0.0,0.0,Optimal,3567.354144099998,3742376.15534414
1312,,45.0,0.0,0.0,3.9143595,0.0,0.0,0.0,0.0,0.0,0.0,0.0,0.0,0.0,Optimal,3567.354144099998,3742376.15534414
1313,,55.96,0.0,0.0,3.9143595,0.0,0.0,0.0,0.0,0.0,0.0,0.0,0.0,0.0,Optimal,3567.354144099998,3742376.15534414
1314,,72.96,13.394241,0.0,16.772831,0.0,13.394241,13.394241,0.0,0.0,0.0,0.0,0.0,0.0,Optimal,3567.354144099998,3742376.15534414
1315,,81.95,30.0,0.0,45.572831,0.0,30.0,30.0,0.0,0.0,0.0,0.0,0.0,0.0,Optimal,3567.354144099998,3742376.15534414
1316,,74.13,30.0,0.0,74.372831,0.0,30.0,30.0,0.0,0.0,0.0,0.0,0.0,0.0,Optimal,3567.354144099998,3742376.15534414
1317,,65.17,0.0,25.296,48.022831,25.296,0.0,-25.296,0.0,0.0,0.0,0.0,0.0,0.0,Optimal,3567.354144099998,3742376.15534414
1318,,59.94,0.0,30.0,16.772831,30.0,0.0,-30.0,0.0,0.0,0.0,0.0,0.0,0.0,Optimal,3567.354144099998,3742376.15534414
1319,,64.02,30.0,0.0,45.572831,0.0,30.0,30.0,0.0,0.0,0.0,0.0,0.0,0.0,Optimal,3567.354144099998,3742376.15534414
1320,,63.51,30.0,0.0,74.372831,0.0,30.0,30.0,0.0,0.0,0.0,0.0,0.0,0.0,Optimal,3567.354144099998,3742376.15534414
1321,,56.57,0.0,30.0,43.122831,30.0,0.0,-30.0,0.0,0.0,0.0,0.0,0.0,0.0,Optimal,3567.354144099998,3742376.15534414
1322,,55.44,0.0,30.0,11.872831,30.0,0.0,-30.0,0.0,0.0,0.0,0.0,0.0,0.0,Optimal,3567.354144099998,3742376.15534414
1323,,55.44,30.0,0.0,40.672831,0.0,30.0,30.0,0.0,0.0,0.0,0.0,0.0,0.0,Optimal,3567.354144099998,3742376.15534414
1324,,54.95,0.0,30.0,9.4228309,30.0,0.0,-30.0,0.0,0.0,0.0,0.0,0.0,0.0,Optimal,3567.354144099998,3742376.15534414
1325,,55.25,30.0,0.0,38.222831,0.0,30.0,30.0,0.0,0.0,0.0,0.0,0.0,0.0,Optimal,3567.354144099998,3742376.15534414
1326,,55.07,0.0,30.0,6.9728309,30.0,0.0,-30.0,0.0,0.0,0.0,0.0,0.0,0.0,Optimal,3567.354144099998,3742376.15534414
1327,,58.6,30.0,0.0,35.772831,0.0,30.0,30.0,0.0,0.0,0.0,0.0,0.0,0.0,Optimal,3567.354144099998,3742376.15534414
1328,,59.92,0.0,18.24,16.772831,18.24,0.0,-18.24,0.0,0.0,0.0,0.0,0.0,0.0,Optimal,3567.354144099998,3742376.15534414
1329,,75.0,30.0,0.0,45.572831,0.0,30.0,30.0,0.0,0.0,0.0,0.0,0.0,0.0,Optimal,3567.354144099998,3742376.15534414
1330,,71.5,30.0,0.0,74.372831,0.0,30.0,30.0,0.0,0.0,0.0,0.0,0.0,0.0,Optimal,3567.354144099998,3742376.15534414
1331,,56.68,0.0,27.648,45.572831,27.648,0.0,-27.648,0.0,0.0,0.0,0.0,0.0,0.0,Optimal,3567.354144099998,3742376.15534414
1332,,54.64,30.0,0.0,74.372831,0.0,30.0,30.0,0.0,0.0,0.0,0.0,0.0,0.0,Optimal,3567.354144099998,3742376.15534414
1333,,50.0,0.0,7.6401325,66.41436,7.6401325,0.0,-7.6401325,0.0,0.0,0.0,0.0,0.0,0.0,Optimal,3567.354144099998,3742376.15534414
1334,,46.03,0.0,30.0,35.16436,30.0,0.0,-30.0,0.0,0.0,0.0,0.0,0.0,0.0,Optimal,3567.354144099998,3742376.15534414
1335,,49.84,0.0,30.0,3.9143595,30.0,0.0,-30.0,0.0,0.0,0.0,0.0,0.0,0.0,Optimal,3567.354144099998,3742376.15534414
1336,,55.0,0.0,0.0,3.9143595,0.0,0.0,0.0,0.0,0.0,0.0,0.0,0.0,0.0,Optimal,3567.354144099998,3742376.15534414
1337,,68.9,0.0,0.0,3.9143595,0.0,0.0,0.0,0.0,0.0,0.0,0.0,0.0,0.0,Optimal,3567.354144099998,3742376.15534414
1338,,85.69,30.0,0.0,32.71436,0.0,30.0,30.0,0.0,0.0,0.0,0.0,0.0,0.0,Optimal,3567.354144099998,3742376.15534414
1339,,93.88,30.0,0.0,61.51436,0.0,30.0,30.0,0.0,0.0,0.0,0.0,0.0,0.0,Optimal,3567.354144099998,3742376.15534414
1340,,79.0,13.394241,0.0,74.372831,0.0,13.394241,13.394241,0.0,0.0,0.0,0.0,0.0,0.0,Optimal,3567.354144099998,3742376.15534414
1341,,69.96,0.0,0.0,74.372831,0.0,0.0,0.0,0.0,0.0,0.0,0.0,0.0,0.0,Optimal,3567.354144099998,3742376.15534414
1342,,65.82,0.0,27.648,45.572831,27.648,0.0,-27.648,0.0,0.0,0.0,0.0,0.0,0.0,Optimal,3567.354144099998,3742376.15534414
1343,,65.23,30.0,0.0,74.372831,0.0,30.0,30.0,0.0,0.0,0.0,0.0,0.0,0.0,Optimal,3567.354144099998,3742376.15534414
1344,,58.38,0.0,27.648,45.572831,27.648,0.0,-27.648,0.0,0.0,0.0,0.0,0.0,0.0,Optimal,3567.354144099998,3742376.15534414
1345,,57.83,30.0,0.0,74.372831,0.0,30.0,30.0,0.0,0.0,0.0,0.0,0.0,0.0,Optimal,3567.354144099998,3742376.15534414
1346,,56.82,0.0,30.0,43.122831,30.0,0.0,-30.0,0.0,0.0,0.0,0.0,0.0,0.0,Optimal,3567.354144099998,3742376.15534414
1347,,55.67,30.0,0.0,71.922831,0.0,30.0,30.0,0.0,0.0,0.0,0.0,0.0,0.0,Optimal,3567.354144099998,3742376.15534414
1348,,51.8,0.0,30.0,40.672831,30.0,0.0,-30.0,0.0,0.0,0.0,0.0,0.0,0.0,Optimal,3567.354144099998,3742376.15534414
1349,,53.24,0.0,30.0,9.4228309,30.0,0.0,-30.0,0.0,0.0,0.0,0.0,0.0,0.0,Optimal,3567.354144099998,3742376.15534414
1350,,57.92,0.0,5.2881325,3.9143595,5.2881325,0.0,-5.2881325,0.0,0.0,0.0,0.0,0.0,0.0,Optimal,3567.354144099998,3742376.15534414
1351,,68.44,0.0,0.0,3.9143595,0.0,0.0,0.0,0.0,0.0,0.0,0.0,0.0,0.0,Optimal,3567.354144099998,3742376.15534414
1352,,79.54,30.0,0.0,32.71436,0.0,30.0,30.0,0.0,0.0,0.0,0.0,0.0,0.0,Optimal,3567.354144099998,3742376.15534414
1353,,81.6,30.0,0.0,61.51436,0.0,30.0,30.0,0.0,0.0,0.0,0.0,0.0,0.0,Optimal,3567.354144099998,3742376.15534414
1354,,73.83,13.394241,0.0,74.372831,0.0,13.394241,13.394241,0.0,0.0,0.0,0.0,0.0,0.0,Optimal,3567.354144099998,3742376.15534414
1355,,66.65,0.0,27.648,45.572831,27.648,0.0,-27.648,0.0,0.0,0.0,0.0,0.0,0.0,Optimal,3567.354144099998,3742376.15534414
1356,,65.03,30.0,0.0,74.372831,0.0,30.0,30.0,0.0,0.0,0.0,0.0,0.0,0.0,Optimal,3567.354144099998,3742376.15534414
1357,,58.42,0.0,30.0,43.122831,30.0,0.0,-30.0,0.0,0.0,0.0,0.0,0.0,0.0,Optimal,3567.354144099998,3742376.15534414
1358,,58.19,0.0,30.0,11.872831,30.0,0.0,-30.0,0.0,0.0,0.0,0.0,0.0,0.0,Optimal,3567.354144099998,3742376.15534414
1359,,61.29,0.0,7.6401325,3.9143595,7.6401325,0.0,-7.6401325,0.0,0.0,0.0,0.0,0.0,0.0,Optimal,3567.354144099998,3742376.15534414
1360,,64.95,30.0,0.0,32.71436,0.0,30.0,30.0,0.0,0.0,0.0,0.0,0.0,0.0,Optimal,3567.354144099998,3742376.15534414
1361,,69.92,0.0,27.648,3.9143595,27.648,0.0,-27.648,0.0,0.0,0.0,0.0,0.0,0.0,Optimal,3567.354144099998,3742376.15534414
1362,,77.0,13.394241,0.0,16.772831,0.0,13.394241,13.394241,0.0,0.0,0.0,0.0,0.0,0.0,Optimal,3567.354144099998,3742376.15534414
1363,,85.32,30.0,0.0,45.572831,0.0,30.0,30.0,0.0,0.0,0.0,0.0,0.0,0.0,Optimal,3567.354144099998,3742376.15534414
1364,,81.0,30.0,0.0,74.372831,0.0,30.0,30.0,0.0,0.0,0.0,0.0,0.0,0.0,Optimal,3567.354144099998,3742376.15534414
1365,,72.21,0.0,0.0,74.372831,0.0,0.0,0.0,0.0,0.0,0.0,0.0,0.0,0.0,Optimal,3567.354144099998,3742376.15534414
1366,,65.69,0.0,27.648,45.572831,27.648,0.0,-27.648,0.0,0.0,0.0,0.0,0.0,0.0,Optimal,3567.354144099998,3742376.15534414
1367,,65.21,30.0,0.0,74.372831,0.0,30.0,30.0,0.0,0.0,0.0,0.0,0.0,0.0,Optimal,3567.354144099998,3742376.15534414
1368,,60.76,0.0,30.0,43.122831,30.0,0.0,-30.0,0.0,0.0,0.0,0.0,0.0,0.0,Optimal,3567.354144099998,3742376.15534414
1369,,57.62,30.0,0.0,71.922831,0.0,30.0,30.0,0.0,0.0,0.0,0.0,0.0,0.0,Optimal,3567.354144099998,3742376.15534414
1370,,57.55,0.0,30.0,40.672831,30.0,0.0,-30.0,0.0,0.0,0.0,0.0,0.0,0.0,Optimal,3567.354144099998,3742376.15534414
1371,,57.35,26.814092,0.0,66.41436,0.0,26.814092,26.814092,0.0,0.0,0.0,0.0,0.0,0.0,Optimal,3567.354144099998,3742376.15534414
1372,,56.87,0.0,30.0,35.16436,30.0,0.0,-30.0,0.0,0.0,0.0,0.0,0.0,0.0,Optimal,3567.354144099998,3742376.15534414
1373,,57.35,0.0,30.0,3.9143595,30.0,0.0,-30.0,0.0,0.0,0.0,0.0,0.0,0.0,Optimal,3567.354144099998,3742376.15534414
1374,,62.75,0.0,0.0,3.9143595,0.0,0.0,0.0,0.0,0.0,0.0,0.0,0.0,0.0,Optimal,3567.354144099998,3742376.15534414
1375,,73.32,0.0,0.0,3.9143595,0.0,0.0,0.0,0.0,0.0,0.0,0.0,0.0,0.0,Optimal,3567.354144099998,3742376.15534414
1376,,92.87,30.0,0.0,32.71436,0.0,30.0,30.0,0.0,0.0,0.0,0.0,0.0,0.0,Optimal,3567.354144099998,3742376.15534414
1377,,95.22,30.0,0.0,61.51436,0.0,30.0,30.0,0.0,0.0,0.0,0.0,0.0,0.0,Optimal,3567.354144099998,3742376.15534414
1378,,80.81,13.394241,0.0,74.372831,0.0,13.394241,13.394241,0.0,0.0,0.0,0.0,0.0,0.0,Optimal,3567.354144099998,3742376.15534414
1379,,68.71,0.0,0.0,74.372831,0.0,0.0,0.0,0.0,0.0,0.0,0.0,0.0,0.0,Optimal,3567.354144099998,3742376.15534414
1380,,61.0,0.0,0.0,74.372831,0.0,0.0,0.0,0.0,0.0,0.0,0.0,0.0,0.0,Optimal,3567.354144099998,3742376.15534414
1381,,55.49,0.0,30.0,43.122831,30.0,0.0,-30.0,0.0,0.0,0.0,0.0,0.0,0.0,Optimal,3567.354144099998,3742376.15534414
1382,,55.58,0.0,30.0,11.872831,30.0,0.0,-30.0,0.0,0.0,0.0,0.0,0.0,0.0,Optimal,3567.354144099998,3742376.15534414
1383,,56.0,0.0,7.6401325,3.9143595,7.6401325,0.0,-7.6401325,0.0,0.0,0.0,0.0,0.0,0.0,Optimal,3567.354144099998,3742376.15534414
1384,,59.9,0.0,0.0,3.9143595,0.0,0.0,0.0,0.0,0.0,0.0,0.0,0.0,0.0,Optimal,3567.354144099998,3742376.15534414
1385,,66.5,0.0,0.0,3.9143595,0.0,0.0,0.0,0.0,0.0,0.0,0.0,0.0,0.0,Optimal,3567.354144099998,3742376.15534414
1386,,93.95,13.394241,0.0,16.772831,0.0,13.394241,13.394241,0.0,0.0,0.0,0.0,0.0,0.0,Optimal,3567.354144099998,3742376.15534414
1387,,110.18,30.0,0.0,45.572831,0.0,30.0,30.0,0.0,0.0,0.0,0.0,0.0,0.0,Optimal,3567.354144099998,3742376.15534414
1388,,105.17,30.0,0.0,74.372831,0.0,30.0,30.0,0.0,0.0,0.0,0.0,0.0,0.0,Optimal,3567.354144099998,3742376.15534414
1389,,84.36,0.0,0.0,74.372831,0.0,0.0,0.0,0.0,0.0,0.0,0.0,0.0,0.0,Optimal,3567.354144099998,3742376.15534414
1390,,72.5,0.0,27.648,45.572831,27.648,0.0,-27.648,0.0,0.0,0.0,0.0,0.0,0.0,Optimal,3567.354144099998,3742376.15534414
1391,,70.3,30.0,0.0,74.372831,0.0,30.0,30.0,0.0,0.0,0.0,0.0,0.0,0.0,Optimal,3567.354144099998,3742376.15534414
1392,,64.97,0.0,0.0,74.372831,0.0,0.0,0.0,0.0,0.0,0.0,0.0,0.0,0.0,Optimal,3567.354144099998,3742376.15534414
1393,,60.36,0.0,30.0,43.122831,30.0,0.0,-30.0,0.0,0.0,0.0,0.0,0.0,0.0,Optimal,3567.354144099998,3742376.15534414
1394,,59.4,0.0,30.0,11.872831,30.0,0.0,-30.0,0.0,0.0,0.0,0.0,0.0,0.0,Optimal,3567.354144099998,3742376.15534414
1395,,61.34,0.0,7.6401325,3.9143595,7.6401325,0.0,-7.6401325,0.0,0.0,0.0,0.0,0.0,0.0,Optimal,3567.354144099998,3742376.15534414
1396,,63.46,30.0,0.0,32.71436,0.0,30.0,30.0,0.0,0.0,0.0,0.0,0.0,0.0,Optimal,3567.354144099998,3742376.15534414
1397,,63.74,0.0,27.648,3.9143595,27.648,0.0,-27.648,0.0,0.0,0.0,0.0,0.0,0.0,Optimal,3567.354144099998,3742376.15534414
1398,,67.46,0.0,0.0,3.9143595,0.0,0.0,0.0,0.0,0.0,0.0,0.0,0.0,0.0,Optimal,3567.354144099998,3742376.15534414
1399,,74.08,0.0,0.0,3.9143595,0.0,0.0,0.0,0.0,0.0,0.0,0.0,0.0,0.0,Optimal,3567.354144099998,3742376.15534414
1400,,97.07,30.0,0.0,32.71436,0.0,30.0,30.0,0.0,0.0,0.0,0.0,0.0,0.0,Optimal,3567.354144099998,3742376.15534414
1401,,104.49,30.0,0.0,61.51436,0.0,30.0,30.0,0.0,0.0,0.0,0.0,0.0,0.0,Optimal,3567.354144099998,3742376.15534414
1402,,85.46,13.394241,0.0,74.372831,0.0,13.394241,13.394241,0.0,0.0,0.0,0.0,0.0,0.0,Optimal,3567.354144099998,3742376.15534414
1403,,73.99,0.0,0.0,74.372831,0.0,0.0,0.0,0.0,0.0,0.0,0.0,0.0,0.0,Optimal,3567.354144099998,3742376.15534414
1404,,67.55,0.0,27.648,45.572831,27.648,0.0,-27.648,0.0,0.0,0.0,0.0,0.0,0.0,Optimal,3567.354144099998,3742376.15534414
1405,,63.1,30.0,0.0,74.372831,0.0,30.0,30.0,0.0,0.0,0.0,0.0,0.0,0.0,Optimal,3567.354144099998,3742376.15534414
1406,,57.9,0.0,30.0,43.122831,30.0,0.0,-30.0,0.0,0.0,0.0,0.0,0.0,0.0,Optimal,3567.354144099998,3742376.15534414
1407,,58.5,0.0,30.0,11.872831,30.0,0.0,-30.0,0.0,0.0,0.0,0.0,0.0,0.0,Optimal,3567.354144099998,3742376.15534414
1408,,60.0,0.0,7.6401325,3.9143595,7.6401325,0.0,-7.6401325,0.0,0.0,0.0,0.0,0.0,0.0,Optimal,3567.354144099998,3742376.15534414
1409,,72.46,30.0,0.0,32.71436,0.0,30.0,30.0,0.0,0.0,0.0,0.0,0.0,0.0,Optimal,3567.354144099998,3742376.15534414
1410,,70.0,0.0,27.648,3.9143595,27.648,0.0,-27.648,0.0,0.0,0.0,0.0,0.0,0.0,Optimal,3567.354144099998,3742376.15534414
1411,,89.8,30.0,0.0,32.71436,0.0,30.0,30.0,0.0,0.0,0.0,0.0,0.0,0.0,Optimal,3567.354144099998,3742376.15534414
1412,,78.18,30.0,0.0,61.51436,0.0,30.0,30.0,0.0,0.0,0.0,0.0,0.0,0.0,Optimal,3567.354144099998,3742376.15534414
1413,,65.55,13.394241,0.0,74.372831,0.0,13.394241,13.394241,0.0,0.0,0.0,0.0,0.0,0.0,Optimal,3567.354144099998,3742376.15534414
1414,,62.69,0.0,27.648,45.572831,27.648,0.0,-27.648,0.0,0.0,0.0,0.0,0.0,0.0,Optimal,3567.354144099998,3742376.15534414
1415,,64.08,30.0,0.0,74.372831,0.0,30.0,30.0,0.0,0.0,0.0,0.0,0.0,0.0,Optimal,3567.354144099998,3742376.15534414
1416,,55.2,0.0,27.648,45.572831,27.648,0.0,-27.648,0.0,0.0,0.0,0.0,0.0,0.0,Optimal,3567.354144099998,3742376.15534414
1417,,54.82,30.0,0.0,74.372831,0.0,30.0,30.0,0.0,0.0,0.0,0.0,0.0,0.0,Optimal,3567.354144099998,3742376.15534414
1418,,53.02,0.0,27.648,45.572831,27.648,0.0,-27.648,0.0,0.0,0.0,0.0,0.0,0.0,Optimal,3567.354144099998,3742376.15534414
1419,,49.71,30.0,0.0,74.372831,0.0,30.0,30.0,0.0,0.0,0.0,0.0,0.0,0.0,Optimal,3567.354144099998,3742376.15534414
1420,,46.62,0.0,30.0,43.122831,30.0,0.0,-30.0,0.0,0.0,0.0,0.0,0.0,0.0,Optimal,3567.354144099998,3742376.15534414
1421,,43.75,0.0,30.0,11.872831,30.0,0.0,-30.0,0.0,0.0,0.0,0.0,0.0,0.0,Optimal,3567.354144099998,3742376.15534414
1422,,48.0,0.0,7.6401325,3.9143595,7.6401325,0.0,-7.6401325,0.0,0.0,0.0,0.0,0.0,0.0,Optimal,3567.354144099998,3742376.15534414
1423,,61.37,0.0,0.0,3.9143595,0.0,0.0,0.0,0.0,0.0,0.0,0.0,0.0,0.0,Optimal,3567.354144099998,3742376.15534414
1424,,73.35,30.0,0.0,32.71436,0.0,30.0,30.0,0.0,0.0,0.0,0.0,0.0,0.0,Optimal,3567.354144099998,3742376.15534414
1425,,73.85,30.0,0.0,61.51436,0.0,30.0,30.0,0.0,0.0,0.0,0.0,0.0,0.0,Optimal,3567.354144099998,3742376.15534414
1426,,70.39,13.394241,0.0,74.372831,0.0,13.394241,13.394241,0.0,0.0,0.0,0.0,0.0,0.0,Optimal,3567.354144099998,3742376.15534414
1427,,65.65,0.0,30.0,43.122831,30.0,0.0,-30.0,0.0,0.0,0.0,0.0,0.0,0.0,Optimal,3567.354144099998,3742376.15534414
1428,,66.46,30.0,0.0,71.922831,0.0,30.0,30.0,0.0,0.0,0.0,0.0,0.0,0.0,Optimal,3567.354144099998,3742376.15534414
1429,,60.0,0.0,30.0,40.672831,30.0,0.0,-30.0,0.0,0.0,0.0,0.0,0.0,0.0,Optimal,3567.354144099998,3742376.15534414
1430,,57.77,0.0,30.0,9.4228309,30.0,0.0,-30.0,0.0,0.0,0.0,0.0,0.0,0.0,Optimal,3567.354144099998,3742376.15534414
1431,,63.68,26.814092,0.0,35.16436,0.0,26.814092,26.814092,0.0,0.0,0.0,0.0,0.0,0.0,Optimal,3567.354144099998,3742376.15534414
1432,,65.2,0.0,30.0,3.9143595,30.0,0.0,-30.0,0.0,0.0,0.0,0.0,0.0,0.0,Optimal,3567.354144099998,3742376.15534414
1433,,71.62,0.0,0.0,3.9143595,0.0,0.0,0.0,0.0,0.0,0.0,0.0,0.0,0.0,Optimal,3567.354144099998,3742376.15534414
1434,,80.0,13.394241,0.0,16.772831,0.0,13.394241,13.394241,0.0,0.0,0.0,0.0,0.0,0.0,Optimal,3567.354144099998,3742376.15534414
1435,,86.26,30.0,0.0,45.572831,0.0,30.0,30.0,0.0,0.0,0.0,0.0,0.0,0.0,Optimal,3567.354144099998,3742376.15534414
1436,,80.99,30.0,0.0,74.372831,0.0,30.0,30.0,0.0,0.0,0.0,0.0,0.0,0.0,Optimal,3567.354144099998,3742376.15534414
1437,,72.77,0.0,0.0,74.372831,0.0,0.0,0.0,0.0,0.0,0.0,0.0,0.0,0.0,Optimal,3567.354144099998,3742376.15534414
1438,,67.25,0.0,27.648,45.572831,27.648,0.0,-27.648,0.0,0.0,0.0,0.0,0.0,0.0,Optimal,3567.354144099998,3742376.15534414
1439,,64.9,30.0,0.0,74.372831,0.0,30.0,30.0,0.0,0.0,0.0,0.0,0.0,0.0,Optimal,3567.354144099998,3742376.15534414
1440,,60.9,0.0,30.0,43.122831,30.0,0.0,-30.0,0.0,0.0,0.0,0.0,0.0,0.0,Optimal,3567.354144099998,3742376.15534414
1441,,62.04,30.0,0.0,71.922831,0.0,30.0,30.0,0.0,0.0,0.0,0.0,0.0,0.0,Optimal,3567.354144099998,3742376.15534414
1442,,61.42,2.5520833,0.0,74.372831,0.0,2.5520833,2.5520833,0.0,0.0,0.0,0.0,0.0,0.0,Optimal,3567.354144099998,3742376.15534414
1443,,58.14,0.0,30.0,43.122831,30.0,0.0,-30.0,0.0,0.0,0.0,0.0,0.0,0.0,Optimal,3567.354144099998,3742376.15534414
1444,,57.83,0.0,30.0,11.872831,30.0,0.0,-30.0,0.0,0.0,0.0,0.0,0.0,0.0,Optimal,3567.354144099998,3742376.15534414
1445,,58.3,0.0,7.6401325,3.9143595,7.6401325,0.0,-7.6401325,0.0,0.0,0.0,0.0,0.0,0.0,Optimal,3567.354144099998,3742376.15534414
1446,,62.49,0.0,0.0,3.9143595,0.0,0.0,0.0,0.0,0.0,0.0,0.0,0.0,0.0,Optimal,3567.354144099998,3742376.15534414
1447,,71.58,0.0,0.0,3.9143595,0.0,0.0,0.0,0.0,0.0,0.0,0.0,0.0,0.0,Optimal,3567.354144099998,3742376.15534414
1448,,79.36,30.0,0.0,32.71436,0.0,30.0,30.0,0.0,0.0,0.0,0.0,0.0,0.0,Optimal,3567.354144099998,3742376.15534414
1449,,86.02,30.0,0.0,61.51436,0.0,30.0,30.0,0.0,0.0,0.0,0.0,0.0,0.0,Optimal,3567.354144099998,3742376.15534414
1450,,78.04,13.394241,0.0,74.372831,0.0,13.394241,13.394241,0.0,0.0,0.0,0.0,0.0,0.0,Optimal,3567.354144099998,3742376.15534414
1451,,66.51,0.0,27.648,45.572831,27.648,0.0,-27.648,0.0,0.0,0.0,0.0,0.0,0.0,Optimal,3567.354144099998,3742376.15534414
1452,,64.53,30.0,0.0,74.372831,0.0,30.0,30.0,0.0,0.0,0.0,0.0,0.0,0.0,Optimal,3567.354144099998,3742376.15534414
1453,,47.55,0.0,30.0,43.122831,30.0,0.0,-30.0,0.0,0.0,0.0,0.0,0.0,0.0,Optimal,3567.354144099998,3742376.15534414
1454,,50.0,0.0,30.0,11.872831,30.0,0.0,-30.0,0.0,0.0,0.0,0.0,0.0,0.0,Optimal,3567.354144099998,3742376.15534414
1455,,63.2,0.0,7.6401325,3.9143595,7.6401325,0.0,-7.6401325,0.0,0.0,0.0,0.0,0.0,0.0,Optimal,3567.354144099998,3742376.15534414
1456,,71.17,0.0,0.0,3.9143595,0.0,0.0,0.0,0.0,0.0,0.0,0.0,0.0,0.0,Optimal,3567.354144099998,3742376.15534414
1457,,78.28,0.0,0.0,3.9143595,0.0,0.0,0.0,0.0,0.0,0.0,0.0,0.0,0.0,Optimal,3567.354144099998,3742376.15534414
1458,,89.4,30.0,0.0,32.71436,0.0,30.0,30.0,0.0,0.0,0.0,0.0,0.0,0.0,Optimal,3567.354144099998,3742376.15534414
1459,,93.73,30.0,0.0,61.51436,0.0,30.0,30.0,0.0,0.0,0.0,0.0,0.0,0.0,Optimal,3567.354144099998,3742376.15534414
1460,,87.19,13.394241,0.0,74.372831,0.0,13.394241,13.394241,0.0,0.0,0.0,0.0,0.0,0.0,Optimal,3567.354144099998,3742376.15534414
1461,,77.49,0.0,0.0,74.372831,0.0,0.0,0.0,0.0,0.0,0.0,0.0,0.0,0.0,Optimal,3567.354144099998,3742376.15534414
1462,,71.62,0.0,30.0,43.122831,30.0,0.0,-30.0,0.0,0.0,0.0,0.0,0.0,0.0,Optimal,3567.354144099998,3742376.15534414
1463,,70.06,30.0,0.0,71.922831,0.0,30.0,30.0,0.0,0.0,0.0,0.0,0.0,0.0,Optimal,3567.354144099998,3742376.15534414
1464,,66.39,2.5520833,0.0,74.372831,0.0,2.5520833,2.5520833,0.0,0.0,0.0,0.0,0.0,0.0,Optimal,3567.354144099998,3742376.15534414
1465,,59.95,0.0,2.9361325,71.31436,2.9361325,0.0,-2.9361325,0.0,0.0,0.0,0.0,0.0,0.0,Optimal,3567.354144099998,3742376.15534414
1466,,56.03,0.0,30.0,40.06436,30.0,0.0,-30.0,0.0,0.0,0.0,0.0,0.0,0.0,Optimal,3567.354144099998,3742376.15534414
1467,,56.02,30.0,0.0,68.86436,0.0,30.0,30.0,0.0,0.0,0.0,0.0,0.0,0.0,Optimal,3567.354144099998,3742376.15534414
1468,,55.48,0.0,30.0,37.61436,30.0,0.0,-30.0,0.0,0.0,0.0,0.0,0.0,0.0,Optimal,3567.354144099998,3742376.15534414
1469,,54.88,0.0,30.0,6.3643595,30.0,0.0,-30.0,0.0,0.0,0.0,0.0,0.0,0.0,Optimal,3567.354144099998,3742376.15534414
1470,,55.99,30.0,0.0,35.16436,0.0,30.0,30.0,0.0,0.0,0.0,0.0,0.0,0.0,Optimal,3567.354144099998,3742376.15534414
1471,,56.58,0.0,30.0,3.9143595,30.0,0.0,-30.0,0.0,0.0,0.0,0.0,0.0,0.0,Optimal,3567.354144099998,3742376.15534414
1472,,60.67,13.394241,0.0,16.772831,0.0,13.394241,13.394241,0.0,0.0,0.0,0.0,0.0,0.0,Optimal,3567.354144099998,3742376.15534414
1473,,63.76,30.0,0.0,45.572831,0.0,30.0,30.0,0.0,0.0,0.0,0.0,0.0,0.0,Optimal,3567.354144099998,3742376.15534414
1474,,65.75,30.0,0.0,74.372831,0.0,30.0,30.0,0.0,0.0,0.0,0.0,0.0,0.0,Optimal,3567.354144099998,3742376.15534414
1475,,60.44,0.0,0.0,74.372831,0.0,0.0,0.0,0.0,0.0,0.0,0.0,0.0,0.0,Optimal,3567.354144099998,3742376.15534414
1476,,53.8,0.0,30.0,43.122831,30.0,0.0,-30.0,0.0,0.0,0.0,0.0,0.0,0.0,Optimal,3567.354144099998,3742376.15534414
1477,,53.07,0.0,30.0,11.872831,30.0,0.0,-30.0,0.0,0.0,0.0,0.0,0.0,0.0,Optimal,3567.354144099998,3742376.15534414
1478,,54.9,0.0,7.6401325,3.9143595,7.6401325,0.0,-7.6401325,0.0,0.0,0.0,0.0,0.0,0.0,Optimal,3567.354144099998,3742376.15534414
1479,,59.86,0.0,0.0,3.9143595,0.0,0.0,0.0,0.0,0.0,0.0,0.0,0.0,0.0,Optimal,3567.354144099998,3742376.15534414
1480,,66.08,0.0,0.0,3.9143595,0.0,0.0,0.0,0.0,0.0,0.0,0.0,0.0,0.0,Optimal,3567.354144099998,3742376.15534414
1481,,73.0,0.0,0.0,3.9143595,0.0,0.0,0.0,0.0,0.0,0.0,0.0,0.0,0.0,Optimal,3567.354144099998,3742376.15534414
1482,,81.17,13.394241,0.0,16.772831,0.0,13.394241,13.394241,0.0,0.0,0.0,0.0,0.0,0.0,Optimal,3567.354144099998,3742376.15534414
1483,,93.6,30.0,0.0,45.572831,0.0,30.0,30.0,0.0,0.0,0.0,0.0,0.0,0.0,Optimal,3567.354144099998,3742376.15534414
1484,,89.9,30.0,0.0,74.372831,0.0,30.0,30.0,0.0,0.0,0.0,0.0,0.0,0.0,Optimal,3567.354144099998,3742376.15534414
1485,,76.98,0.0,0.0,74.372831,0.0,0.0,0.0,0.0,0.0,0.0,0.0,0.0,0.0,Optimal,3567.354144099998,3742376.15534414
1486,,69.81,0.0,27.648,45.572831,27.648,0.0,-27.648,0.0,0.0,0.0,0.0,0.0,0.0,Optimal,3567.354144099998,3742376.15534414
1487,,69.9,30.0,0.0,74.372831,0.0,30.0,30.0,0.0,0.0,0.0,0.0,0.0,0.0,Optimal,3567.354144099998,3742376.15534414
1488,,68.2,0.0,25.296,48.022831,25.296,0.0,-25.296,0.0,0.0,0.0,0.0,0.0,0.0,Optimal,3567.354144099998,3742376.15534414
1489,,60.1,0.0,30.0,16.772831,30.0,0.0,-30.0,0.0,0.0,0.0,0.0,0.0,0.0,Optimal,3567.354144099998,3742376.15534414
1490,,69.21,30.0,0.0,45.572831,0.0,30.0,30.0,0.0,0.0,0.0,0.0,0.0,0.0,Optimal,3567.354144099998,3742376.15534414
1491,,67.03,30.0,0.0,74.372831,0.0,30.0,30.0,0.0,0.0,0.0,0.0,0.0,0.0,Optimal,3567.354144099998,3742376.15534414
1492,,57.91,0.0,30.0,43.122831,30.0,0.0,-30.0,0.0,0.0,0.0,0.0,0.0,0.0,Optimal,3567.354144099998,3742376.15534414
1493,,55.48,0.0,30.0,11.872831,30.0,0.0,-30.0,0.0,0.0,0.0,0.0,0.0,0.0,Optimal,3567.354144099998,3742376.15534414
1494,,58.88,0.0,7.6401325,3.9143595,7.6401325,0.0,-7.6401325,0.0,0.0,0.0,0.0,0.0,0.0,Optimal,3567.354144099998,3742376.15534414
1495,,65.39,0.0,0.0,3.9143595,0.0,0.0,0.0,0.0,0.0,0.0,0.0,0.0,0.0,Optimal,3567.354144099998,3742376.15534414
1496,,69.8,13.394241,0.0,16.772831,0.0,13.394241,13.394241,0.0,0.0,0.0,0.0,0.0,0.0,Optimal,3567.354144099998,3742376.15534414
1497,,71.51,30.0,0.0,45.572831,0.0,30.0,30.0,0.0,0.0,0.0,0.0,0.0,0.0,Optimal,3567.354144099998,3742376.15534414
1498,,72.49,30.0,0.0,74.372831,0.0,30.0,30.0,0.0,0.0,0.0,0.0,0.0,0.0,Optimal,3567.354144099998,3742376.15534414
1499,,63.14,0.0,0.0,74.372831,0.0,0.0,0.0,0.0,0.0,0.0,0.0,0.0,0.0,Optimal,3567.354144099998,3742376.15534414
1500,,50.0,0.0,30.0,43.122831,30.0,0.0,-30.0,0.0,0.0,0.0,0.0,0.0,0.0,Optimal,3567.354144099998,3742376.15534414
1501,,47.51,24.262009,0.0,66.41436,0.0,24.262009,24.262009,0.0,0.0,0.0,0.0,0.0,0.0,Optimal,3567.354144099998,3742376.15534414
1502,,42.51,0.0,30.0,35.16436,30.0,0.0,-30.0,0.0,0.0,0.0,0.0,0.0,0.0,Optimal,3567.354144099998,3742376.15534414
1503,,46.84,0.0,30.0,3.9143595,30.0,0.0,-30.0,0.0,0.0,0.0,0.0,0.0,0.0,Optimal,3567.354144099998,3742376.15534414
1504,,58.07,30.0,0.0,32.71436,0.0,30.0,30.0,0.0,0.0,0.0,0.0,0.0,0.0,Optimal,3567.354144099998,3742376.15534414
1505,,60.28,0.0,27.648,3.9143595,27.648,0.0,-27.648,0.0,0.0,0.0,0.0,0.0,0.0,Optimal,3567.354144099998,3742376.15534414
1506,,77.72,0.0,0.0,3.9143595,0.0,0.0,0.0,0.0,0.0,0.0,0.0,0.0,0.0,Optimal,3567.354144099998,3742376.15534414
1507,,88.0,30.0,0.0,32.71436,0.0,30.0,30.0,0.0,0.0,0.0,0.0,0.0,0.0,Optimal,3567.354144099998,3742376.15534414
1508,,86.96,30.0,0.0,61.51436,0.0,30.0,30.0,0.0,0.0,0.0,0.0,0.0,0.0,Optimal,3567.354144099998,3742376.15534414
1509,,81.8,13.394241,0.0,74.372831,0.0,13.394241,13.394241,0.0,0.0,0.0,0.0,0.0,0.0,Optimal,3567.354144099998,3742376.15534414
1510,,75.0,0.0,25.296,48.022831,25.296,0.0,-25.296,0.0,0.0,0.0,0.0,0.0,0.0,Optimal,3567.354144099998,3742376.15534414
1511,,72.18,0.0,30.0,16.772831,30.0,0.0,-30.0,0.0,0.0,0.0,0.0,0.0,0.0,Optimal,3567.354144099998,3742376.15534414
1512,,72.42,30.0,0.0,45.572831,0.0,30.0,30.0,0.0,0.0,0.0,0.0,0.0,0.0,Optimal,3567.354144099998,3742376.15534414
1513,,69.13,30.0,0.0,74.372831,0.0,30.0,30.0,0.0,0.0,0.0,0.0,0.0,0.0,Optimal,3567.354144099998,3742376.15534414
1514,,67.9,0.0,30.0,43.122831,30.0,0.0,-30.0,0.0,0.0,0.0,0.0,0.0,0.0,Optimal,3567.354144099998,3742376.15534414
1515,,67.41,30.0,0.0,71.922831,0.0,30.0,30.0,0.0,0.0,0.0,0.0,0.0,0.0,Optimal,3567.354144099998,3742376.15534414
1516,,66.22,0.0,30.0,40.672831,30.0,0.0,-30.0,0.0,0.0,0.0,0.0,0.0,0.0,Optimal,3567.354144099998,3742376.15534414
1517,,65.59,0.0,30.0,9.4228309,30.0,0.0,-30.0,0.0,0.0,0.0,0.0,0.0,0.0,Optimal,3567.354144099998,3742376.15534414
1518,,70.83,0.0,5.2881325,3.9143595,5.2881325,0.0,-5.2881325,0.0,0.0,0.0,0.0,0.0,0.0,Optimal,3567.354144099998,3742376.15534414
1519,,81.18,0.0,0.0,3.9143595,0.0,0.0,0.0,0.0,0.0,0.0,0.0,0.0,0.0,Optimal,3567.354144099998,3742376.15534414
1520,,96.67,30.0,0.0,32.71436,0.0,30.0,30.0,0.0,0.0,0.0,0.0,0.0,0.0,Optimal,3567.354144099998,3742376.15534414
1521,,102.97,30.0,0.0,61.51436,0.0,30.0,30.0,0.0,0.0,0.0,0.0,0.0,0.0,Optimal,3567.354144099998,3742376.15534414
1522,,85.02,13.394241,0.0,74.372831,0.0,13.394241,13.394241,0.0,0.0,0.0,0.0,0.0,0.0,Optimal,3567.354144099998,3742376.15534414
1523,,71.23,0.0,0.0,74.372831,0.0,0.0,0.0,0.0,0.0,0.0,0.0,0.0,0.0,Optimal,3567.354144099998,3742376.15534414
1524,,63.2,0.0,30.0,43.122831,30.0,0.0,-30.0,0.0,0.0,0.0,0.0,0.0,0.0,Optimal,3567.354144099998,3742376.15534414
1525,,63.3,24.262009,0.0,66.41436,0.0,24.262009,24.262009,0.0,0.0,0.0,0.0,0.0,0.0,Optimal,3567.354144099998,3742376.15534414
1526,,61.04,0.0,30.0,35.16436,30.0,0.0,-30.0,0.0,0.0,0.0,0.0,0.0,0.0,Optimal,3567.354144099998,3742376.15534414
1527,,62.5,0.0,30.0,3.9143595,30.0,0.0,-30.0,0.0,0.0,0.0,0.0,0.0,0.0,Optimal,3567.354144099998,3742376.15534414
1528,,69.86,0.0,0.0,3.9143595,0.0,0.0,0.0,0.0,0.0,0.0,0.0,0.0,0.0,Optimal,3567.354144099998,3742376.15534414
1529,,76.7,0.0,0.0,3.9143595,0.0,0.0,0.0,0.0,0.0,0.0,0.0,0.0,0.0,Optimal,3567.354144099998,3742376.15534414
1530,,93.47,13.394241,0.0,16.772831,0.0,13.394241,13.394241,0.0,0.0,0.0,0.0,0.0,0.0,Optimal,3567.354144099998,3742376.15534414
1531,,105.18,30.0,0.0,45.572831,0.0,30.0,30.0,0.0,0.0,0.0,0.0,0.0,0.0,Optimal,3567.354144099998,3742376.15534414
1532,,99.13,30.0,0.0,74.372831,0.0,30.0,30.0,0.0,0.0,0.0,0.0,0.0,0.0,Optimal,3567.354144099998,3742376.15534414
1533,,80.52,0.0,0.0,74.372831,0.0,0.0,0.0,0.0,0.0,0.0,0.0,0.0,0.0,Optimal,3567.354144099998,3742376.15534414
1534,,71.39,0.0,27.648,45.572831,27.648,0.0,-27.648,0.0,0.0,0.0,0.0,0.0,0.0,Optimal,3567.354144099998,3742376.15534414
1535,,67.49,30.0,0.0,74.372831,0.0,30.0,30.0,0.0,0.0,0.0,0.0,0.0,0.0,Optimal,3567.354144099998,3742376.15534414
1536,,63.93,0.0,2.9361325,71.31436,2.9361325,0.0,-2.9361325,0.0,0.0,0.0,0.0,0.0,0.0,Optimal,3567.354144099998,3742376.15534414
1537,,61.96,0.0,30.0,40.06436,30.0,0.0,-30.0,0.0,0.0,0.0,0.0,0.0,0.0,Optimal,3567.354144099998,3742376.15534414
1538,,61.67,30.0,0.0,68.86436,0.0,30.0,30.0,0.0,0.0,0.0,0.0,0.0,0.0,Optimal,3567.354144099998,3742376.15534414
1539,,61.33,0.0,30.0,37.61436,30.0,0.0,-30.0,0.0,0.0,0.0,0.0,0.0,0.0,Optimal,3567.354144099998,3742376.15534414
1540,,59.86,0.0,30.0,6.3643595,30.0,0.0,-30.0,0.0,0.0,0.0,0.0,0.0,0.0,Optimal,3567.354144099998,3742376.15534414
1541,,60.56,30.0,0.0,35.16436,0.0,30.0,30.0,0.0,0.0,0.0,0.0,0.0,0.0,Optimal,3567.354144099998,3742376.15534414
1542,,61.67,0.0,30.0,3.9143595,30.0,0.0,-30.0,0.0,0.0,0.0,0.0,0.0,0.0,Optimal,3567.354144099998,3742376.15534414
1543,,71.53,0.0,0.0,3.9143595,0.0,0.0,0.0,0.0,0.0,0.0,0.0,0.0,0.0,Optimal,3567.354144099998,3742376.15534414
1544,,79.28,30.0,0.0,32.71436,0.0,30.0,30.0,0.0,0.0,0.0,0.0,0.0,0.0,Optimal,3567.354144099998,3742376.15534414
1545,,83.02,30.0,0.0,61.51436,0.0,30.0,30.0,0.0,0.0,0.0,0.0,0.0,0.0,Optimal,3567.354144099998,3742376.15534414
1546,,77.0,13.394241,0.0,74.372831,0.0,13.394241,13.394241,0.0,0.0,0.0,0.0,0.0,0.0,Optimal,3567.354144099998,3742376.15534414
1547,,71.15,0.0,30.0,43.122831,30.0,0.0,-30.0,0.0,0.0,0.0,0.0,0.0,0.0,Optimal,3567.354144099998,3742376.15534414
1548,,69.72,30.0,0.0,71.922831,0.0,30.0,30.0,0.0,0.0,0.0,0.0,0.0,0.0,Optimal,3567.354144099998,3742376.15534414
1549,,65.99,0.0,30.0,40.672831,30.0,0.0,-30.0,0.0,0.0,0.0,0.0,0.0,0.0,Optimal,3567.354144099998,3742376.15534414
1550,,65.81,0.0,30.0,9.4228309,30.0,0.0,-30.0,0.0,0.0,0.0,0.0,0.0,0.0,Optimal,3567.354144099998,3742376.15534414
1551,,69.6,26.814092,0.0,35.16436,0.0,26.814092,26.814092,0.0,0.0,0.0,0.0,0.0,0.0,Optimal,3567.354144099998,3742376.15534414
1552,,70.62,0.0,30.0,3.9143595,30.0,0.0,-30.0,0.0,0.0,0.0,0.0,0.0,0.0,Optimal,3567.354144099998,3742376.15534414
1553,,76.3,0.0,0.0,3.9143595,0.0,0.0,0.0,0.0,0.0,0.0,0.0,0.0,0.0,Optimal,3567.354144099998,3742376.15534414
1554,,81.86,13.394241,0.0,16.772831,0.0,13.394241,13.394241,0.0,0.0,0.0,0.0,0.0,0.0,Optimal,3567.354144099998,3742376.15534414
1555,,104.38,30.0,0.0,45.572831,0.0,30.0,30.0,0.0,0.0,0.0,0.0,0.0,0.0,Optimal,3567.354144099998,3742376.15534414
1556,,96.6,30.0,0.0,74.372831,0.0,30.0,30.0,0.0,0.0,0.0,0.0,0.0,0.0,Optimal,3567.354144099998,3742376.15534414
1557,,78.42,0.0,27.648,45.572831,27.648,0.0,-27.648,0.0,0.0,0.0,0.0,0.0,0.0,Optimal,3567.354144099998,3742376.15534414
1558,,73.07,30.0,0.0,74.372831,0.0,30.0,30.0,0.0,0.0,0.0,0.0,0.0,0.0,Optimal,3567.354144099998,3742376.15534414
1559,,66.0,0.0,30.0,43.122831,30.0,0.0,-30.0,0.0,0.0,0.0,0.0,0.0,0.0,Optimal,3567.354144099998,3742376.15534414
1560,,70.0,0.0,30.0,11.872831,30.0,0.0,-30.0,0.0,0.0,0.0,0.0,0.0,0.0,Optimal,3567.354144099998,3742376.15534414
1561,,71.0,30.0,0.0,40.672831,0.0,30.0,30.0,0.0,0.0,0.0,0.0,0.0,0.0,Optimal,3567.354144099998,3742376.15534414
1562,,70.7,30.0,0.0,69.472831,0.0,30.0,30.0,0.0,0.0,0.0,0.0,0.0,0.0,Optimal,3567.354144099998,3742376.15534414
1563,,70.46,0.0,30.0,38.222831,30.0,0.0,-30.0,0.0,0.0,0.0,0.0,0.0,0.0,Optimal,3567.354144099998,3742376.15534414
1564,,69.74,0.0,30.0,6.9728309,30.0,0.0,-30.0,0.0,0.0,0.0,0.0,0.0,0.0,Optimal,3567.354144099998,3742376.15534414
1565,,70.46,29.366176,0.0,35.16436,0.0,29.366176,29.366176,0.0,0.0,0.0,0.0,0.0,0.0,Optimal,3567.354144099998,3742376.15534414
1566,,73.91,0.0,30.0,3.9143595,30.0,0.0,-30.0,0.0,0.0,0.0,0.0,0.0,0.0,Optimal,3567.354144099998,3742376.15534414
1567,,83.98,0.0,0.0,3.9143595,0.0,0.0,0.0,0.0,0.0,0.0,0.0,0.0,0.0,Optimal,3567.354144099998,3742376.15534414
1568,,106.64,30.0,0.0,32.71436,0.0,30.0,30.0,0.0,0.0,0.0,0.0,0.0,0.0,Optimal,3567.354144099998,3742376.15534414
1569,,108.7,30.0,0.0,61.51436,0.0,30.0,30.0,0.0,0.0,0.0,0.0,0.0,0.0,Optimal,3567.354144099998,3742376.15534414
1570,,87.21,13.394241,0.0,74.372831,0.0,13.394241,13.394241,0.0,0.0,0.0,0.0,0.0,0.0,Optimal,3567.354144099998,3742376.15534414
1571,,75.69,0.0,30.0,43.122831,30.0,0.0,-30.0,0.0,0.0,0.0,0.0,0.0,0.0,Optimal,3567.354144099998,3742376.15534414
1572,,71.83,30.0,0.0,71.922831,0.0,30.0,30.0,0.0,0.0,0.0,0.0,0.0,0.0,Optimal,3567.354144099998,3742376.15534414
1573,,69.34,0.0,30.0,40.672831,30.0,0.0,-30.0,0.0,0.0,0.0,0.0,0.0,0.0,Optimal,3567.354144099998,3742376.15534414
1574,,69.29,0.0,30.0,9.4228309,30.0,0.0,-30.0,0.0,0.0,0.0,0.0,0.0,0.0,Optimal,3567.354144099998,3742376.15534414
1575,,70.64,26.814092,0.0,35.16436,0.0,26.814092,26.814092,0.0,0.0,0.0,0.0,0.0,0.0,Optimal,3567.354144099998,3742376.15534414
1576,,72.28,0.0,30.0,3.9143595,30.0,0.0,-30.0,0.0,0.0,0.0,0.0,0.0,0.0,Optimal,3567.354144099998,3742376.15534414
1577,,79.8,0.0,0.0,3.9143595,0.0,0.0,0.0,0.0,0.0,0.0,0.0,0.0,0.0,Optimal,3567.354144099998,3742376.15534414
1578,,96.11,13.394241,0.0,16.772831,0.0,13.394241,13.394241,0.0,0.0,0.0,0.0,0.0,0.0,Optimal,3567.354144099998,3742376.15534414
1579,,119.02,30.0,0.0,45.572831,0.0,30.0,30.0,0.0,0.0,0.0,0.0,0.0,0.0,Optimal,3567.354144099998,3742376.15534414
1580,,119.25,30.0,0.0,74.372831,0.0,30.0,30.0,0.0,0.0,0.0,0.0,0.0,0.0,Optimal,3567.354144099998,3742376.15534414
1581,,93.4,0.0,0.0,74.372831,0.0,0.0,0.0,0.0,0.0,0.0,0.0,0.0,0.0,Optimal,3567.354144099998,3742376.15534414
1582,,80.15,0.0,27.648,45.572831,27.648,0.0,-27.648,0.0,0.0,0.0,0.0,0.0,0.0,Optimal,3567.354144099998,3742376.15534414
1583,,77.98,30.0,0.0,74.372831,0.0,30.0,30.0,0.0,0.0,0.0,0.0,0.0,0.0,Optimal,3567.354144099998,3742376.15534414
1584,,74.34,0.0,27.648,45.572831,27.648,0.0,-27.648,0.0,0.0,0.0,0.0,0.0,0.0,Optimal,3567.354144099998,3742376.15534414
1585,,73.33,30.0,0.0,74.372831,0.0,30.0,30.0,0.0,0.0,0.0,0.0,0.0,0.0,Optimal,3567.354144099998,3742376.15534414
1586,,72.32,0.0,30.0,43.122831,30.0,0.0,-30.0,0.0,0.0,0.0,0.0,0.0,0.0,Optimal,3567.354144099998,3742376.15534414
1587,,70.34,30.0,0.0,71.922831,0.0,30.0,30.0,0.0,0.0,0.0,0.0,0.0,0.0,Optimal,3567.354144099998,3742376.15534414
1588,,68.71,0.0,30.0,40.672831,30.0,0.0,-30.0,0.0,0.0,0.0,0.0,0.0,0.0,Optimal,3567.354144099998,3742376.15534414
1589,,69.89,0.0,30.0,9.4228309,30.0,0.0,-30.0,0.0,0.0,0.0,0.0,0.0,0.0,Optimal,3567.354144099998,3742376.15534414
1590,,73.13,0.0,5.2881325,3.9143595,5.2881325,0.0,-5.2881325,0.0,0.0,0.0,0.0,0.0,0.0,Optimal,3567.354144099998,3742376.15534414
1591,,84.27,13.394241,0.0,16.772831,0.0,13.394241,13.394241,0.0,0.0,0.0,0.0,0.0,0.0,Optimal,3567.354144099998,3742376.15534414
1592,,103.2,30.0,0.0,45.572831,0.0,30.0,30.0,0.0,0.0,0.0,0.0,0.0,0.0,Optimal,3567.354144099998,3742376.15534414
1593,,96.7,30.0,0.0,74.372831,0.0,30.0,30.0,0.0,0.0,0.0,0.0,0.0,0.0,Optimal,3567.354144099998,3742376.15534414
1594,,79.09,0.0,0.0,74.372831,0.0,0.0,0.0,0.0,0.0,0.0,0.0,0.0,0.0,Optimal,3567.354144099998,3742376.15534414
1595,,71.31,0.0,0.0,74.372831,0.0,0.0,0.0,0.0,0.0,0.0,0.0,0.0,0.0,Optimal,3567.354144099998,3742376.15534414
1596,,66.16,0.0,5.2881325,68.86436,5.2881325,0.0,-5.2881325,0.0,0.0,0.0,0.0,0.0,0.0,Optimal,3567.354144099998,3742376.15534414
1597,,60.62,0.0,30.0,37.61436,30.0,0.0,-30.0,0.0,0.0,0.0,0.0,0.0,0.0,Optimal,3567.354144099998,3742376.15534414
1598,,60.16,0.0,30.0,6.3643595,30.0,0.0,-30.0,0.0,0.0,0.0,0.0,0.0,0.0,Optimal,3567.354144099998,3742376.15534414
1599,,63.3,30.0,0.0,35.16436,0.0,30.0,30.0,0.0,0.0,0.0,0.0,0.0,0.0,Optimal,3567.354144099998,3742376.15534414
1600,,66.1,0.0,30.0,3.9143595,30.0,0.0,-30.0,0.0,0.0,0.0,0.0,0.0,0.0,Optimal,3567.354144099998,3742376.15534414
1601,,70.66,0.0,0.0,3.9143595,0.0,0.0,0.0,0.0,0.0,0.0,0.0,0.0,0.0,Optimal,3567.354144099998,3742376.15534414
1602,,90.11,13.394241,0.0,16.772831,0.0,13.394241,13.394241,0.0,0.0,0.0,0.0,0.0,0.0,Optimal,3567.354144099998,3742376.15534414
1603,,107.41,30.0,0.0,45.572831,0.0,30.0,30.0,0.0,0.0,0.0,0.0,0.0,0.0,Optimal,3567.354144099998,3742376.15534414
1604,,90.43,30.0,0.0,74.372831,0.0,30.0,30.0,0.0,0.0,0.0,0.0,0.0,0.0,Optimal,3567.354144099998,3742376.15534414
1605,,83.39,0.0,0.0,74.372831,0.0,0.0,0.0,0.0,0.0,0.0,0.0,0.0,0.0,Optimal,3567.354144099998,3742376.15534414
1606,,73.16,0.0,27.648,45.572831,27.648,0.0,-27.648,0.0,0.0,0.0,0.0,0.0,0.0,Optimal,3567.354144099998,3742376.15534414
1607,,73.25,30.0,0.0,74.372831,0.0,30.0,30.0,0.0,0.0,0.0,0.0,0.0,0.0,Optimal,3567.354144099998,3742376.15534414
1608,,67.61,0.0,27.648,45.572831,27.648,0.0,-27.648,0.0,0.0,0.0,0.0,0.0,0.0,Optimal,3567.354144099998,3742376.15534414
1609,,68.37,30.0,0.0,74.372831,0.0,30.0,30.0,0.0,0.0,0.0,0.0,0.0,0.0,Optimal,3567.354144099998,3742376.15534414
1610,,66.96,0.0,27.648,45.572831,27.648,0.0,-27.648,0.0,0.0,0.0,0.0,0.0,0.0,Optimal,3567.354144099998,3742376.15534414
1611,,67.01,30.0,0.0,74.372831,0.0,30.0,30.0,0.0,0.0,0.0,0.0,0.0,0.0,Optimal,3567.354144099998,3742376.15534414
1612,,65.99,0.0,30.0,43.122831,30.0,0.0,-30.0,0.0,0.0,0.0,0.0,0.0,0.0,Optimal,3567.354144099998,3742376.15534414
1613,,65.98,0.0,30.0,11.872831,30.0,0.0,-30.0,0.0,0.0,0.0,0.0,0.0,0.0,Optimal,3567.354144099998,3742376.15534414
1614,,66.93,0.0,7.6401325,3.9143595,7.6401325,0.0,-7.6401325,0.0,0.0,0.0,0.0,0.0,0.0,Optimal,3567.354144099998,3742376.15534414
1615,,81.5,13.394241,0.0,16.772831,0.0,13.394241,13.394241,0.0,0.0,0.0,0.0,0.0,0.0,Optimal,3567.354144099998,3742376.15534414
1616,,94.99,30.0,0.0,45.572831,0.0,30.0,30.0,0.0,0.0,0.0,0.0,0.0,0.0,Optimal,3567.354144099998,3742376.15534414
1617,,88.89,30.0,0.0,74.372831,0.0,30.0,30.0,0.0,0.0,0.0,0.0,0.0,0.0,Optimal,3567.354144099998,3742376.15534414
1618,,74.36,0.0,0.0,74.372831,0.0,0.0,0.0,0.0,0.0,0.0,0.0,0.0,0.0,Optimal,3567.354144099998,3742376.15534414
1619,,54.9,0.0,0.0,74.372831,0.0,0.0,0.0,0.0,0.0,0.0,0.0,0.0,0.0,Optimal,3567.354144099998,3742376.15534414
1620,,0.0,0.0,0.0,74.372831,0.0,0.0,0.0,0.0,0.0,0.0,0.0,0.0,0.0,Optimal,3567.354144099998,3742376.15534414
1621,,-20.0,0.0,30.0,43.122831,30.0,0.0,-30.0,0.0,0.0,0.0,0.0,0.0,0.0,Optimal,3567.354144099998,3742376.15534414
1622,,-25.0,0.0,30.0,11.872831,30.0,0.0,-30.0,0.0,0.0,0.0,0.0,0.0,0.0,Optimal,3567.354144099998,3742376.15534414
1623,,-17.97,0.0,7.6401325,3.9143595,7.6401325,0.0,-7.6401325,0.0,0.0,0.0,0.0,0.0,0.0,Optimal,3567.354144099998,3742376.15534414
1624,,30.0,0.0,0.0,3.9143595,0.0,0.0,0.0,0.0,0.0,0.0,0.0,0.0,0.0,Optimal,3567.354144099998,3742376.15534414
1625,,55.38,0.0,0.0,3.9143595,0.0,0.0,0.0,0.0,0.0,0.0,0.0,0.0,0.0,Optimal,3567.354144099998,3742376.15534414
1626,,71.94,13.394241,0.0,16.772831,0.0,13.394241,13.394241,0.0,0.0,0.0,0.0,0.0,0.0,Optimal,3567.354144099998,3742376.15534414
1627,,83.75,30.0,0.0,45.572831,0.0,30.0,30.0,0.0,0.0,0.0,0.0,0.0,0.0,Optimal,3567.354144099998,3742376.15534414
1628,,80.0,30.0,0.0,74.372831,0.0,30.0,30.0,0.0,0.0,0.0,0.0,0.0,0.0,Optimal,3567.354144099998,3742376.15534414
1629,,71.18,0.0,0.0,74.372831,0.0,0.0,0.0,0.0,0.0,0.0,0.0,0.0,0.0,Optimal,3567.354144099998,3742376.15534414
1630,,64.9,0.0,27.648,45.572831,27.648,0.0,-27.648,0.0,0.0,0.0,0.0,0.0,0.0,Optimal,3567.354144099998,3742376.15534414
1631,,64.79,30.0,0.0,74.372831,0.0,30.0,30.0,0.0,0.0,0.0,0.0,0.0,0.0,Optimal,3567.354144099998,3742376.15534414
1632,,59.62,0.0,0.0,74.372831,0.0,0.0,0.0,0.0,0.0,0.0,0.0,0.0,0.0,Optimal,3567.354144099998,3742376.15534414
1633,,56.14,0.0,27.648,45.572831,27.648,0.0,-27.648,0.0,0.0,0.0,0.0,0.0,0.0,Optimal,3567.354144099998,3742376.15534414
1634,,54.53,30.0,0.0,74.372831,0.0,30.0,30.0,0.0,0.0,0.0,0.0,0.0,0.0,Optimal,3567.354144099998,3742376.15534414
1635,,53.3,0.0,27.648,45.572831,27.648,0.0,-27.648,0.0,0.0,0.0,0.0,0.0,0.0,Optimal,3567.354144099998,3742376.15534414
1636,,52.15,30.0,0.0,74.372831,0.0,30.0,30.0,0.0,0.0,0.0,0.0,0.0,0.0,Optimal,3567.354144099998,3742376.15534414
1637,,48.0,0.0,30.0,43.122831,30.0,0.0,-30.0,0.0,0.0,0.0,0.0,0.0,0.0,Optimal,3567.354144099998,3742376.15534414
1638,,47.21,0.0,30.0,11.872831,30.0,0.0,-30.0,0.0,0.0,0.0,0.0,0.0,0.0,Optimal,3567.354144099998,3742376.15534414
1639,,50.0,0.0,7.6401325,3.9143595,7.6401325,0.0,-7.6401325,0.0,0.0,0.0,0.0,0.0,0.0,Optimal,3567.354144099998,3742376.15534414
1640,,53.06,30.0,0.0,32.71436,0.0,30.0,30.0,0.0,0.0,0.0,0.0,0.0,0.0,Optimal,3567.354144099998,3742376.15534414
1641,,53.06,30.0,0.0,61.51436,0.0,30.0,30.0,0.0,0.0,0.0,0.0,0.0,0.0,Optimal,3567.354144099998,3742376.15534414
1642,,48.12,13.394241,0.0,74.372831,0.0,13.394241,13.394241,0.0,0.0,0.0,0.0,0.0,0.0,Optimal,3567.354144099998,3742376.15534414
1643,,25.0,0.0,0.0,74.372831,0.0,0.0,0.0,0.0,0.0,0.0,0.0,0.0,0.0,Optimal,3567.354144099998,3742376.15534414
1644,,-29.5,0.0,7.6401325,66.41436,7.6401325,0.0,-7.6401325,0.0,0.0,0.0,0.0,0.0,0.0,Optimal,3567.354144099998,3742376.15534414
1645,,-30.0,0.0,30.0,35.16436,30.0,0.0,-30.0,0.0,0.0,0.0,0.0,0.0,0.0,Optimal,3567.354144099998,3742376.15534414
1646,,-39.79,0.0,30.0,3.9143595,30.0,0.0,-30.0,0.0,0.0,0.0,0.0,0.0,0.0,Optimal,3567.354144099998,3742376.15534414
1647,,-19.57,0.0,0.0,3.9143595,0.0,0.0,0.0,0.0,0.0,0.0,0.0,0.0,0.0,Optimal,3567.354144099998,3742376.15534414
1648,,28.32,0.0,0.0,3.9143595,0.0,0.0,0.0,0.0,0.0,0.0,0.0,0.0,0.0,Optimal,3567.354144099998,3742376.15534414
1649,,52.64,0.0,0.0,3.9143595,0.0,0.0,0.0,0.0,0.0,0.0,0.0,0.0,0.0,Optimal,3567.354144099998,3742376.15534414
1650,,69.55,30.0,0.0,32.71436,0.0,30.0,30.0,0.0,0.0,0.0,0.0,0.0,0.0,Optimal,3567.354144099998,3742376.15534414
1651,,78.08,30.0,0.0,61.51436,0.0,30.0,30.0,0.0,0.0,0.0,0.0,0.0,0.0,Optimal,3567.354144099998,3742376.15534414
1652,,68.69,13.394241,0.0,74.372831,0.0,13.394241,13.394241,0.0,0.0,0.0,0.0,0.0,0.0,Optimal,3567.354144099998,3742376.15534414
1653,,63.82,0.0,0.0,74.372831,0.0,0.0,0.0,0.0,0.0,0.0,0.0,0.0,0.0,Optimal,3567.354144099998,3742376.15534414
1654,,60.47,0.0,27.648,45.572831,27.648,0.0,-27.648,0.0,0.0,0.0,0.0,0.0,0.0,Optimal,3567.354144099998,3742376.15534414
1655,,59.17,30.0,0.0,74.372831,0.0,30.0,30.0,0.0,0.0,0.0,0.0,0.0,0.0,Optimal,3567.354144099998,3742376.15534414
1656,,54.37,0.0,0.0,74.372831,0.0,0.0,0.0,0.0,0.0,0.0,0.0,0.0,0.0,Optimal,3567.354144099998,3742376.15534414
1657,,48.65,0.0,27.648,45.572831,27.648,0.0,-27.648,0.0,0.0,0.0,0.0,0.0,0.0,Optimal,3567.354144099998,3742376.15534414
1658,,46.06,30.0,0.0,74.372831,0.0,30.0,30.0,0.0,0.0,0.0,0.0,0.0,0.0,Optimal,3567.354144099998,3742376.15534414
1659,,40.98,0.0,0.0,74.372831,0.0,0.0,0.0,0.0,0.0,0.0,0.0,0.0,0.0,Optimal,3567.354144099998,3742376.15534414
1660,,35.55,0.0,7.6401325,66.41436,7.6401325,0.0,-7.6401325,0.0,0.0,0.0,0.0,0.0,0.0,Optimal,3567.354144099998,3742376.15534414
1661,,32.39,0.0,30.0,35.16436,30.0,0.0,-30.0,0.0,0.0,0.0,0.0,0.0,0.0,Optimal,3567.354144099998,3742376.15534414
1662,,32.28,0.0,30.0,3.9143595,30.0,0.0,-30.0,0.0,0.0,0.0,0.0,0.0,0.0,Optimal,3567.354144099998,3742376.15534414
1663,,33.91,13.394241,0.0,16.772831,0.0,13.394241,13.394241,0.0,0.0,0.0,0.0,0.0,0.0,Optimal,3567.354144099998,3742376.15534414
1664,,39.49,30.0,0.0,45.572831,0.0,30.0,30.0,0.0,0.0,0.0,0.0,0.0,0.0,Optimal,3567.354144099998,3742376.15534414
1665,,34.82,30.0,0.0,74.372831,0.0,30.0,30.0,0.0,0.0,0.0,0.0,0.0,0.0,Optimal,3567.354144099998,3742376.15534414
1666,,27.55,0.0,0.0,74.372831,0.0,0.0,0.0,0.0,0.0,0.0,0.0,0.0,0.0,Optimal,3567.354144099998,3742376.15534414
1667,,0.04,0.0,0.0,74.372831,0.0,0.0,0.0,0.0,0.0,0.0,0.0,0.0,0.0,Optimal,3567.354144099998,3742376.15534414
1668,,-10.03,0.0,7.6401325,66.41436,7.6401325,0.0,-7.6401325,0.0,0.0,0.0,0.0,0.0,0.0,Optimal,3567.354144099998,3742376.15534414
1669,,-27.3,0.0,30.0,35.16436,30.0,0.0,-30.0,0.0,0.0,0.0,0.0,0.0,0.0,Optimal,3567.354144099998,3742376.15534414
1670,,-27.3,0.0,30.0,3.9143595,30.0,0.0,-30.0,0.0,0.0,0.0,0.0,0.0,0.0,Optimal,3567.354144099998,3742376.15534414
1671,,-10.01,0.0,0.0,3.9143595,0.0,0.0,0.0,0.0,0.0,0.0,0.0,0.0,0.0,Optimal,3567.354144099998,3742376.15534414
1672,,12.38,0.0,0.0,3.9143595,0.0,0.0,0.0,0.0,0.0,0.0,0.0,0.0,0.0,Optimal,3567.354144099998,3742376.15534414
1673,,50.0,0.0,0.0,3.9143595,0.0,0.0,0.0,0.0,0.0,0.0,0.0,0.0,0.0,Optimal,3567.354144099998,3742376.15534414
1674,,69.92,30.0,0.0,32.71436,0.0,30.0,30.0,0.0,0.0,0.0,0.0,0.0,0.0,Optimal,3567.354144099998,3742376.15534414
1675,,84.31,30.0,0.0,61.51436,0.0,30.0,30.0,0.0,0.0,0.0,0.0,0.0,0.0,Optimal,3567.354144099998,3742376.15534414
1676,,72.22,0.0,25.296,35.16436,25.296,0.0,-25.296,0.0,0.0,0.0,0.0,0.0,0.0,Optimal,3567.354144099998,3742376.15534414
1677,,70.88,0.0,30.0,3.9143595,30.0,0.0,-30.0,0.0,0.0,0.0,0.0,0.0,0.0,Optimal,3567.354144099998,3742376.15534414
1678,,72.9,30.0,0.0,32.71436,0.0,30.0,30.0,0.0,0.0,0.0,0.0,0.0,0.0,Optimal,3567.354144099998,3742376.15534414
1679,,73.32,30.0,0.0,61.51436,0.0,30.0,30.0,0.0,0.0,0.0,0.0,0.0,0.0,Optimal,3567.354144099998,3742376.15534414
1680,,72.0,13.394241,0.0,74.372831,0.0,13.394241,13.394241,0.0,0.0,0.0,0.0,0.0,0.0,Optimal,3567.354144099998,3742376.15534414
1681,,65.2,0.0,30.0,43.122831,30.0,0.0,-30.0,0.0,0.0,0.0,0.0,0.0,0.0,Optimal,3567.354144099998,3742376.15534414
1682,,66.0,0.0,30.0,11.872831,30.0,0.0,-30.0,0.0,0.0,0.0,0.0,0.0,0.0,Optimal,3567.354144099998,3742376.15534414
1683,,68.86,30.0,0.0,40.672831,0.0,30.0,30.0,0.0,0.0,0.0,0.0,0.0,0.0,Optimal,3567.354144099998,3742376.15534414
1684,,65.0,26.814092,0.0,66.41436,0.0,26.814092,26.814092,0.0,0.0,0.0,0.0,0.0,0.0,Optimal,3567.354144099998,3742376.15534414
1685,,60.1,0.0,30.0,35.16436,30.0,0.0,-30.0,0.0,0.0,0.0,0.0,0.0,0.0,Optimal,3567.354144099998,3742376.15534414
1686,,58.25,0.0,30.0,3.9143595,30.0,0.0,-30.0,0.0,0.0,0.0,0.0,0.0,0.0,Optimal,3567.354144099998,3742376.15534414
1687,,76.64,30.0,0.0,32.71436,0.0,30.0,30.0,0.0,0.0,0.0,0.0,0.0,0.0,Optimal,3567.354144099998,3742376.15534414
1688,,82.61,0.0,27.648,3.9143595,27.648,0.0,-27.648,0.0,0.0,0.0,0.0,0.0,0.0,Optimal,3567.354144099998,3742376.15534414
1689,,85.56,30.0,0.0,32.71436,0.0,30.0,30.0,0.0,0.0,0.0,0.0,0.0,0.0,Optimal,3567.354144099998,3742376.15534414
1690,,86.5,30.0,0.0,61.51436,0.0,30.0,30.0,0.0,0.0,0.0,0.0,0.0,0.0,Optimal,3567.354144099998,3742376.15534414
1691,,82.19,13.394241,0.0,74.372831,0.0,13.394241,13.394241,0.0,0.0,0.0,0.0,0.0,0.0,Optimal,3567.354144099998,3742376.15534414
1692,,74.91,0.0,27.648,45.572831,27.648,0.0,-27.648,0.0,0.0,0.0,0.0,0.0,0.0,Optimal,3567.354144099998,3742376.15534414
1693,,74.0,30.0,0.0,74.372831,0.0,30.0,30.0,0.0,0.0,0.0,0.0,0.0,0.0,Optimal,3567.354144099998,3742376.15534414
1694,,68.59,0.0,30.0,43.122831,30.0,0.0,-30.0,0.0,0.0,0.0,0.0,0.0,0.0,Optimal,3567.354144099998,3742376.15534414
1695,,67.0,0.0,30.0,11.872831,30.0,0.0,-30.0,0.0,0.0,0.0,0.0,0.0,0.0,Optimal,3567.354144099998,3742376.15534414
1696,,73.5,0.0,7.6401325,3.9143595,7.6401325,0.0,-7.6401325,0.0,0.0,0.0,0.0,0.0,0.0,Optimal,3567.354144099998,3742376.15534414
1697,,79.18,0.0,0.0,3.9143595,0.0,0.0,0.0,0.0,0.0,0.0,0.0,0.0,0.0,Optimal,3567.354144099998,3742376.15534414
1698,,89.91,13.394241,0.0,16.772831,0.0,13.394241,13.394241,0.0,0.0,0.0,0.0,0.0,0.0,Optimal,3567.354144099998,3742376.15534414
1699,,100.0,30.0,0.0,45.572831,0.0,30.0,30.0,0.0,0.0,0.0,0.0,0.0,0.0,Optimal,3567.354144099998,3742376.15534414
1700,,108.0,30.0,0.0,74.372831,0.0,30.0,30.0,0.0,0.0,0.0,0.0,0.0,0.0,Optimal,3567.354144099998,3742376.15534414
1701,,83.8,0.0,0.0,74.372831,0.0,0.0,0.0,0.0,0.0,0.0,0.0,0.0,0.0,Optimal,3567.354144099998,3742376.15534414
1702,,76.7,0.0,27.648,45.572831,27.648,0.0,-27.648,0.0,0.0,0.0,0.0,0.0,0.0,Optimal,3567.354144099998,3742376.15534414
1703,,75.03,30.0,0.0,74.372831,0.0,30.0,30.0,0.0,0.0,0.0,0.0,0.0,0.0,Optimal,3567.354144099998,3742376.15534414
1704,,67.08,0.0,30.0,43.122831,30.0,0.0,-30.0,0.0,0.0,0.0,0.0,0.0,0.0,Optimal,3567.354144099998,3742376.15534414
1705,,69.19,30.0,0.0,71.922831,0.0,30.0,30.0,0.0,0.0,0.0,0.0,0.0,0.0,Optimal,3567.354144099998,3742376.15534414
1706,,65.56,0.0,30.0,40.672831,30.0,0.0,-30.0,0.0,0.0,0.0,0.0,0.0,0.0,Optimal,3567.354144099998,3742376.15534414
1707,,66.51,26.814092,0.0,66.41436,0.0,26.814092,26.814092,0.0,0.0,0.0,0.0,0.0,0.0,Optimal,3567.354144099998,3742376.15534414
1708,,65.2,0.0,30.0,35.16436,30.0,0.0,-30.0,0.0,0.0,0.0,0.0,0.0,0.0,Optimal,3567.354144099998,3742376.15534414
1709,,65.96,0.0,30.0,3.9143595,30.0,0.0,-30.0,0.0,0.0,0.0,0.0,0.0,0.0,Optimal,3567.354144099998,3742376.15534414
1710,,70.9,30.0,0.0,32.71436,0.0,30.0,30.0,0.0,0.0,0.0,0.0,0.0,0.0,Optimal,3567.354144099998,3742376.15534414
1711,,74.8,0.0,27.648,3.9143595,27.648,0.0,-27.648,0.0,0.0,0.0,0.0,0.0,0.0,Optimal,3567.354144099998,3742376.15534414
1712,,92.78,13.394241,0.0,16.772831,0.0,13.394241,13.394241,0.0,0.0,0.0,0.0,0.0,0.0,Optimal,3567.354144099998,3742376.15534414
1713,,100.6,30.0,0.0,45.572831,0.0,30.0,30.0,0.0,0.0,0.0,0.0,0.0,0.0,Optimal,3567.354144099998,3742376.15534414
1714,,93.72,30.0,0.0,74.372831,0.0,30.0,30.0,0.0,0.0,0.0,0.0,0.0,0.0,Optimal,3567.354144099998,3742376.15534414
1715,,84.5,0.0,0.0,74.372831,0.0,0.0,0.0,0.0,0.0,0.0,0.0,0.0,0.0,Optimal,3567.354144099998,3742376.15534414
1716,,78.07,0.0,27.648,45.572831,27.648,0.0,-27.648,0.0,0.0,0.0,0.0,0.0,0.0,Optimal,3567.354144099998,3742376.15534414
1717,,74.8,30.0,0.0,74.372831,0.0,30.0,30.0,0.0,0.0,0.0,0.0,0.0,0.0,Optimal,3567.354144099998,3742376.15534414
1718,,70.06,0.0,7.6401325,66.41436,7.6401325,0.0,-7.6401325,0.0,0.0,0.0,0.0,0.0,0.0,Optimal,3567.354144099998,3742376.15534414
1719,,68.0,0.0,30.0,35.16436,30.0,0.0,-30.0,0.0,0.0,0.0,0.0,0.0,0.0,Optimal,3567.354144099998,3742376.15534414
1720,,65.2,0.0,30.0,3.9143595,30.0,0.0,-30.0,0.0,0.0,0.0,0.0,0.0,0.0,Optimal,3567.354144099998,3742376.15534414
1721,,72.93,30.0,0.0,32.71436,0.0,30.0,30.0,0.0,0.0,0.0,0.0,0.0,0.0,Optimal,3567.354144099998,3742376.15534414
1722,,77.87,0.0,27.648,3.9143595,27.648,0.0,-27.648,0.0,0.0,0.0,0.0,0.0,0.0,Optimal,3567.354144099998,3742376.15534414
1723,,84.0,30.0,0.0,32.71436,0.0,30.0,30.0,0.0,0.0,0.0,0.0,0.0,0.0,Optimal,3567.354144099998,3742376.15534414
1724,,103.46,30.0,0.0,61.51436,0.0,30.0,30.0,0.0,0.0,0.0,0.0,0.0,0.0,Optimal,3567.354144099998,3742376.15534414
1725,,81.57,13.394241,0.0,74.372831,0.0,13.394241,13.394241,0.0,0.0,0.0,0.0,0.0,0.0,Optimal,3567.354144099998,3742376.15534414
1726,,74.0,0.0,30.0,43.122831,30.0,0.0,-30.0,0.0,0.0,0.0,0.0,0.0,0.0,Optimal,3567.354144099998,3742376.15534414
1727,,71.97,30.0,0.0,71.922831,0.0,30.0,30.0,0.0,0.0,0.0,0.0,0.0,0.0,Optimal,3567.354144099998,3742376.15534414
1728,,68.53,2.5520833,0.0,74.372831,0.0,2.5520833,2.5520833,0.0,0.0,0.0,0.0,0.0,0.0,Optimal,3567.354144099998,3742376.15534414
1729,,62.16,0.0,30.0,43.122831,30.0,0.0,-30.0,0.0,0.0,0.0,0.0,0.0,0.0,Optimal,3567.354144099998,3742376.15534414
1730,,59.73,26.814092,0.0,68.86436,0.0,26.814092,26.814092,0.0,0.0,0.0,0.0,0.0,0.0,Optimal,3567.354144099998,3742376.15534414
1731,,58.55,0.0,30.0,37.61436,30.0,0.0,-30.0,0.0,0.0,0.0,0.0,0.0,0.0,Optimal,3567.354144099998,3742376.15534414
1732,,58.04,0.0,30.0,6.3643595,30.0,0.0,-30.0,0.0,0.0,0.0,0.0,0.0,0.0,Optimal,3567.354144099998,3742376.15534414
1733,,59.87,30.0,0.0,35.16436,0.0,30.0,30.0,0.0,0.0,0.0,0.0,0.0,0.0,Optimal,3567.354144099998,3742376.15534414
1734,,62.3,0.0,30.0,3.9143595,30.0,0.0,-30.0,0.0,0.0,0.0,0.0,0.0,0.0,Optimal,3567.354144099998,3742376.15534414
1735,,74.96,0.0,0.0,3.9143595,0.0,0.0,0.0,0.0,0.0,0.0,0.0,0.0,0.0,Optimal,3567.354144099998,3742376.15534414
1736,,85.4,30.0,0.0,32.71436,0.0,30.0,30.0,0.0,0.0,0.0,0.0,0.0,0.0,Optimal,3567.354144099998,3742376.15534414
1737,,89.8,30.0,0.0,61.51436,0.0,30.0,30.0,0.0,0.0,0.0,0.0,0.0,0.0,Optimal,3567.354144099998,3742376.15534414
1738,,76.85,13.394241,0.0,74.372831,0.0,13.394241,13.394241,0.0,0.0,0.0,0.0,0.0,0.0,Optimal,3567.354144099998,3742376.15534414
1739,,67.38,0.0,0.0,74.372831,0.0,0.0,0.0,0.0,0.0,0.0,0.0,0.0,0.0,Optimal,3567.354144099998,3742376.15534414
1740,,63.2,0.0,27.648,45.572831,27.648,0.0,-27.648,0.0,0.0,0.0,0.0,0.0,0.0,Optimal,3567.354144099998,3742376.15534414
1741,,61.88,30.0,0.0,74.372831,0.0,30.0,30.0,0.0,0.0,0.0,0.0,0.0,0.0,Optimal,3567.354144099998,3742376.15534414
1742,,59.59,0.0,30.0,43.122831,30.0,0.0,-30.0,0.0,0.0,0.0,0.0,0.0,0.0,Optimal,3567.354144099998,3742376.15534414
1743,,58.82,0.0,30.0,11.872831,30.0,0.0,-30.0,0.0,0.0,0.0,0.0,0.0,0.0,Optimal,3567.354144099998,3742376.15534414
1744,,63.2,0.0,7.6401325,3.9143595,7.6401325,0.0,-7.6401325,0.0,0.0,0.0,0.0,0.0,0.0,Optimal,3567.354144099998,3742376.15534414
1745,,68.38,0.0,0.0,3.9143595,0.0,0.0,0.0,0.0,0.0,0.0,0.0,0.0,0.0,Optimal,3567.354144099998,3742376.15534414
1746,,77.4,13.394241,0.0,16.772831,0.0,13.394241,13.394241,0.0,0.0,0.0,0.0,0.0,0.0,Optimal,3567.354144099998,3742376.15534414
1747,,79.8,30.0,0.0,45.572831,0.0,30.0,30.0,0.0,0.0,0.0,0.0,0.0,0.0,Optimal,3567.354144099998,3742376.15534414
1748,,81.44,30.0,0.0,74.372831,0.0,30.0,30.0,0.0,0.0,0.0,0.0,0.0,0.0,Optimal,3567.354144099998,3742376.15534414
1749,,66.4,0.0,30.0,43.122831,30.0,0.0,-30.0,0.0,0.0,0.0,0.0,0.0,0.0,Optimal,3567.354144099998,3742376.15534414
1750,,66.52,2.5520833,0.0,45.572831,0.0,2.5520833,2.5520833,0.0,0.0,0.0,0.0,0.0,0.0,Optimal,3567.354144099998,3742376.15534414
1751,,68.14,30.0,0.0,74.372831,0.0,30.0,30.0,0.0,0.0,0.0,0.0,0.0,0.0,Optimal,3567.354144099998,3742376.15534414
1752,,63.88,0.0,27.648,45.572831,27.648,0.0,-27.648,0.0,0.0,0.0,0.0,0.0,0.0,Optimal,3567.354144099998,3742376.15534414
1753,,63.29,30.0,0.0,74.372831,0.0,30.0,30.0,0.0,0.0,0.0,0.0,0.0,0.0,Optimal,3567.354144099998,3742376.15534414
1754,,56.9,0.0,30.0,43.122831,30.0,0.0,-30.0,0.0,0.0,0.0,0.0,0.0,0.0,Optimal,3567.354144099998,3742376.15534414
1755,,57.52,30.0,0.0,71.922831,0.0,30.0,30.0,0.0,0.0,0.0,0.0,0.0,0.0,Optimal,3567.354144099998,3742376.15534414
1756,,57.0,0.0,30.0,40.672831,30.0,0.0,-30.0,0.0,0.0,0.0,0.0,0.0,0.0,Optimal,3567.354144099998,3742376.15534414
1757,,54.65,0.0,30.0,9.4228309,30.0,0.0,-30.0,0.0,0.0,0.0,0.0,0.0,0.0,Optimal,3567.354144099998,3742376.15534414
1758,,60.02,0.0,5.2881325,3.9143595,5.2881325,0.0,-5.2881325,0.0,0.0,0.0,0.0,0.0,0.0,Optimal,3567.354144099998,3742376.15534414
1759,,71.42,13.394241,0.0,16.772831,0.0,13.394241,13.394241,0.0,0.0,0.0,0.0,0.0,0.0,Optimal,3567.354144099998,3742376.15534414
1760,,87.0,30.0,0.0,45.572831,0.0,30.0,30.0,0.0,0.0,0.0,0.0,0.0,0.0,Optimal,3567.354144099998,3742376.15534414
1761,,81.99,30.0,0.0,74.372831,0.0,30.0,30.0,0.0,0.0,0.0,0.0,0.0,0.0,Optimal,3567.354144099998,3742376.15534414
1762,,65.71,0.0,0.0,74.372831,0.0,0.0,0.0,0.0,0.0,0.0,0.0,0.0,0.0,Optimal,3567.354144099998,3742376.15534414
1763,,54.32,0.0,0.0,74.372831,0.0,0.0,0.0,0.0,0.0,0.0,0.0,0.0,0.0,Optimal,3567.354144099998,3742376.15534414
1764,,42.6,0.0,7.6401325,66.41436,7.6401325,0.0,-7.6401325,0.0,0.0,0.0,0.0,0.0,0.0,Optimal,3567.354144099998,3742376.15534414
1765,,20.99,0.0,30.0,35.16436,30.0,0.0,-30.0,0.0,0.0,0.0,0.0,0.0,0.0,Optimal,3567.354144099998,3742376.15534414
1766,,30.0,0.0,30.0,3.9143595,30.0,0.0,-30.0,0.0,0.0,0.0,0.0,0.0,0.0,Optimal,3567.354144099998,3742376.15534414
1767,,46.59,0.0,0.0,3.9143595,0.0,0.0,0.0,0.0,0.0,0.0,0.0,0.0,0.0,Optimal,3567.354144099998,3742376.15534414
1768,,54.82,0.0,0.0,3.9143595,0.0,0.0,0.0,0.0,0.0,0.0,0.0,0.0,0.0,Optimal,3567.354144099998,3742376.15534414
1769,,65.99,0.0,0.0,3.9143595,0.0,0.0,0.0,0.0,0.0,0.0,0.0,0.0,0.0,Optimal,3567.354144099998,3742376.15534414
1770,,85.64,13.394241,0.0,16.772831,0.0,13.394241,13.394241,0.0,0.0,0.0,0.0,0.0,0.0,Optimal,3567.354144099998,3742376.15534414
1771,,102.35,30.0,0.0,45.572831,0.0,30.0,30.0,0.0,0.0,0.0,0.0,0.0,0.0,Optimal,3567.354144099998,3742376.15534414
1772,,89.92,30.0,0.0,74.372831,0.0,30.0,30.0,0.0,0.0,0.0,0.0,0.0,0.0,Optimal,3567.354144099998,3742376.15534414
1773,,73.62,0.0,0.0,74.372831,0.0,0.0,0.0,0.0,0.0,0.0,0.0,0.0,0.0,Optimal,3567.354144099998,3742376.15534414
1774,,62.96,0.0,27.648,45.572831,27.648,0.0,-27.648,0.0,0.0,0.0,0.0,0.0,0.0,Optimal,3567.354144099998,3742376.15534414
1775,,59.53,30.0,0.0,74.372831,0.0,30.0,30.0,0.0,0.0,0.0,0.0,0.0,0.0,Optimal,3567.354144099998,3742376.15534414
1776,,50.91,0.0,27.648,45.572831,27.648,0.0,-27.648,0.0,0.0,0.0,0.0,0.0,0.0,Optimal,3567.354144099998,3742376.15534414
1777,,47.89,30.0,0.0,74.372831,0.0,30.0,30.0,0.0,0.0,0.0,0.0,0.0,0.0,Optimal,3567.354144099998,3742376.15534414
1778,,45.47,0.0,27.648,45.572831,27.648,0.0,-27.648,0.0,0.0,0.0,0.0,0.0,0.0,Optimal,3567.354144099998,3742376.15534414
1779,,44.47,30.0,0.0,74.372831,0.0,30.0,30.0,0.0,0.0,0.0,0.0,0.0,0.0,Optimal,3567.354144099998,3742376.15534414
1780,,42.33,0.0,7.6401325,66.41436,7.6401325,0.0,-7.6401325,0.0,0.0,0.0,0.0,0.0,0.0,Optimal,3567.354144099998,3742376.15534414
1781,,42.22,0.0,30.0,35.16436,30.0,0.0,-30.0,0.0,0.0,0.0,0.0,0.0,0.0,Optimal,3567.354144099998,3742376.15534414
1782,,41.52,0.0,30.0,3.9143595,30.0,0.0,-30.0,0.0,0.0,0.0,0.0,0.0,0.0,Optimal,3567.354144099998,3742376.15534414
1783,,58.49,13.394241,0.0,16.772831,0.0,13.394241,13.394241,0.0,0.0,0.0,0.0,0.0,0.0,Optimal,3567.354144099998,3742376.15534414
1784,,66.47,30.0,0.0,45.572831,0.0,30.0,30.0,0.0,0.0,0.0,0.0,0.0,0.0,Optimal,3567.354144099998,3742376.15534414
1785,,67.42,30.0,0.0,74.372831,0.0,30.0,30.0,0.0,0.0,0.0,0.0,0.0,0.0,Optimal,3567.354144099998,3742376.15534414
1786,,53.8,0.0,0.0,74.372831,0.0,0.0,0.0,0.0,0.0,0.0,0.0,0.0,0.0,Optimal,3567.354144099998,3742376.15534414
1787,,46.1,0.0,0.0,74.372831,0.0,0.0,0.0,0.0,0.0,0.0,0.0,0.0,0.0,Optimal,3567.354144099998,3742376.15534414
1788,,38.9,0.0,7.6401325,66.41436,7.6401325,0.0,-7.6401325,0.0,0.0,0.0,0.0,0.0,0.0,Optimal,3567.354144099998,3742376.15534414
1789,,37.12,0.0,30.0,35.16436,30.0,0.0,-30.0,0.0,0.0,0.0,0.0,0.0,0.0,Optimal,3567.354144099998,3742376.15534414
1790,,35.14,0.0,30.0,3.9143595,30.0,0.0,-30.0,0.0,0.0,0.0,0.0,0.0,0.0,Optimal,3567.354144099998,3742376.15534414
1791,,41.42,0.0,0.0,3.9143595,0.0,0.0,0.0,0.0,0.0,0.0,0.0,0.0,0.0,Optimal,3567.354144099998,3742376.15534414
1792,,45.35,0.0,0.0,3.9143595,0.0,0.0,0.0,0.0,0.0,0.0,0.0,0.0,0.0,Optimal,3567.354144099998,3742376.15534414
1793,,60.4,0.0,0.0,3.9143595,0.0,0.0,0.0,0.0,0.0,0.0,0.0,0.0,0.0,Optimal,3567.354144099998,3742376.15534414
1794,,70.67,13.394241,0.0,16.772831,0.0,13.394241,13.394241,0.0,0.0,0.0,0.0,0.0,0.0,Optimal,3567.354144099998,3742376.15534414
1795,,73.11,30.0,0.0,45.572831,0.0,30.0,30.0,0.0,0.0,0.0,0.0,0.0,0.0,Optimal,3567.354144099998,3742376.15534414
1796,,87.99,30.0,0.0,74.372831,0.0,30.0,30.0,0.0,0.0,0.0,0.0,0.0,0.0,Optimal,3567.354144099998,3742376.15534414
1797,,63.81,0.0,0.0,74.372831,0.0,0.0,0.0,0.0,0.0,0.0,0.0,0.0,0.0,Optimal,3567.354144099998,3742376.15534414
1798,,55.01,0.0,27.648,45.572831,27.648,0.0,-27.648,0.0,0.0,0.0,0.0,0.0,0.0,Optimal,3567.354144099998,3742376.15534414
1799,,55.99,30.0,0.0,74.372831,0.0,30.0,30.0,0.0,0.0,0.0,0.0,0.0,0.0,Optimal,3567.354144099998,3742376.15534414
1800,,49.35,0.0,0.0,74.372831,0.0,0.0,0.0,0.0,0.0,0.0,0.0,0.0,0.0,Optimal,3567.354144099998,3742376.15534414
1801,,43.66,0.0,0.0,74.372831,0.0,0.0,0.0,0.0,0.0,0.0,0.0,0.0,0.0,Optimal,3567.354144099998,3742376.15534414
1802,,42.04,0.0,27.648,45.572831,27.648,0.0,-27.648,0.0,0.0,0.0,0.0,0.0,0.0,Optimal,3567.354144099998,3742376.15534414
1803,,40.71,30.0,0.0,74.372831,0.0,30.0,30.0,0.0,0.0,0.0,0.0,0.0,0.0,Optimal,3567.354144099998,3742376.15534414
1804,,38.9,0.0,30.0,43.122831,30.0,0.0,-30.0,0.0,0.0,0.0,0.0,0.0,0.0,Optimal,3567.354144099998,3742376.15534414
1805,,38.63,0.0,30.0,11.872831,30.0,0.0,-30.0,0.0,0.0,0.0,0.0,0.0,0.0,Optimal,3567.354144099998,3742376.15534414
1806,,40.0,0.0,7.6401325,3.9143595,7.6401325,0.0,-7.6401325,0.0,0.0,0.0,0.0,0.0,0.0,Optimal,3567.354144099998,3742376.15534414
1807,,47.6,13.394241,0.0,16.772831,0.0,13.394241,13.394241,0.0,0.0,0.0,0.0,0.0,0.0,Optimal,3567.354144099998,3742376.15534414
1808,,60.22,30.0,0.0,45.572831,0.0,30.0,30.0,0.0,0.0,0.0,0.0,0.0,0.0,Optimal,3567.354144099998,3742376.15534414
1809,,55.3,30.0,0.0,74.372831,0.0,30.0,30.0,0.0,0.0,0.0,0.0,0.0,0.0,Optimal,3567.354144099998,3742376.15534414
1810,,47.01,0.0,27.648,45.572831,27.648,0.0,-27.648,0.0,0.0,0.0,0.0,0.0,0.0,Optimal,3567.354144099998,3742376.15534414
1811,,44.88,30.0,0.0,74.372831,0.0,30.0,30.0,0.0,0.0,0.0,0.0,0.0,0.0,Optimal,3567.354144099998,3742376.15534414
1812,,41.63,0.0,0.0,74.372831,0.0,0.0,0.0,0.0,0.0,0.0,0.0,0.0,0.0,Optimal,3567.354144099998,3742376.15534414
1813,,36.78,0.0,0.0,74.372831,0.0,0.0,0.0,0.0,0.0,0.0,0.0,0.0,0.0,Optimal,3567.354144099998,3742376.15534414
1814,,21.02,0.0,30.0,43.122831,30.0,0.0,-30.0,0.0,0.0,0.0,0.0,0.0,0.0,Optimal,3567.354144099998,3742376.15534414
1815,,12.26,0.0,30.0,11.872831,30.0,0.0,-30.0,0.0,0.0,0.0,0.0,0.0,0.0,Optimal,3567.354144099998,3742376.15534414
1816,,31.38,0.0,7.6401325,3.9143595,7.6401325,0.0,-7.6401325,0.0,0.0,0.0,0.0,0.0,0.0,Optimal,3567.354144099998,3742376.15534414
1817,,54.1,0.0,0.0,3.9143595,0.0,0.0,0.0,0.0,0.0,0.0,0.0,0.0,0.0,Optimal,3567.354144099998,3742376.15534414
1818,,80.9,0.0,0.0,3.9143595,0.0,0.0,0.0,0.0,0.0,0.0,0.0,0.0,0.0,Optimal,3567.354144099998,3742376.15534414
1819,,97.0,30.0,0.0,32.71436,0.0,30.0,30.0,0.0,0.0,0.0,0.0,0.0,0.0,Optimal,3567.354144099998,3742376.15534414
1820,,109.1,30.0,0.0,61.51436,0.0,30.0,30.0,0.0,0.0,0.0,0.0,0.0,0.0,Optimal,3567.354144099998,3742376.15534414
1821,,94.0,13.394241,0.0,74.372831,0.0,13.394241,13.394241,0.0,0.0,0.0,0.0,0.0,0.0,Optimal,3567.354144099998,3742376.15534414
1822,,74.68,0.0,27.648,45.572831,27.648,0.0,-27.648,0.0,0.0,0.0,0.0,0.0,0.0,Optimal,3567.354144099998,3742376.15534414
1823,,74.8,30.0,0.0,74.372831,0.0,30.0,30.0,0.0,0.0,0.0,0.0,0.0,0.0,Optimal,3567.354144099998,3742376.15534414
1824,,67.1,0.0,27.648,45.572831,27.648,0.0,-27.648,0.0,0.0,0.0,0.0,0.0,0.0,Optimal,3567.354144099998,3742376.15534414
1825,,64.99,30.0,0.0,74.372831,0.0,30.0,30.0,0.0,0.0,0.0,0.0,0.0,0.0,Optimal,3567.354144099998,3742376.15534414
1826,,60.9,0.0,0.0,74.372831,0.0,0.0,0.0,0.0,0.0,0.0,0.0,0.0,0.0,Optimal,3567.354144099998,3742376.15534414
1827,,55.83,0.0,30.0,43.122831,30.0,0.0,-30.0,0.0,0.0,0.0,0.0,0.0,0.0,Optimal,3567.354144099998,3742376.15534414
1828,,57.47,0.0,30.0,11.872831,30.0,0.0,-30.0,0.0,0.0,0.0,0.0,0.0,0.0,Optimal,3567.354144099998,3742376.15534414
1829,,58.16,0.0,7.6401325,3.9143595,7.6401325,0.0,-7.6401325,0.0,0.0,0.0,0.0,0.0,0.0,Optimal,3567.354144099998,3742376.15534414
1830,,59.9,30.0,0.0,32.71436,0.0,30.0,30.0,0.0,0.0,0.0,0.0,0.0,0.0,Optimal,3567.354144099998,3742376.15534414
1831,,60.1,30.0,0.0,61.51436,0.0,30.0,30.0,0.0,0.0,0.0,0.0,0.0,0.0,Optimal,3567.354144099998,3742376.15534414
1832,,56.6,13.394241,0.0,74.372831,0.0,13.394241,13.394241,0.0,0.0,0.0,0.0,0.0,0.0,Optimal,3567.354144099998,3742376.15534414
1833,,50.0,0.0,27.648,45.572831,27.648,0.0,-27.648,0.0,0.0,0.0,0.0,0.0,0.0,Optimal,3567.354144099998,3742376.15534414
1834,,47.72,30.0,0.0,74.372831,0.0,30.0,30.0,0.0,0.0,0.0,0.0,0.0,0.0,Optimal,3567.354144099998,3742376.15534414
1835,,46.61,0.0,30.0,43.122831,30.0,0.0,-30.0,0.0,0.0,0.0,0.0,0.0,0.0,Optimal,3567.354144099998,3742376.15534414
1836,,46.83,30.0,0.0,71.922831,0.0,30.0,30.0,0.0,0.0,0.0,0.0,0.0,0.0,Optimal,3567.354144099998,3742376.15534414
1837,,42.15,0.0,30.0,40.672831,30.0,0.0,-30.0,0.0,0.0,0.0,0.0,0.0,0.0,Optimal,3567.354144099998,3742376.15534414
1838,,41.0,0.0,30.0,9.4228309,30.0,0.0,-30.0,0.0,0.0,0.0,0.0,0.0,0.0,Optimal,3567.354144099998,3742376.15534414
1839,,49.89,0.0,5.2881325,3.9143595,5.2881325,0.0,-5.2881325,0.0,0.0,0.0,0.0,0.0,0.0,Optimal,3567.354144099998,3742376.15534414
1840,,58.2,0.0,0.0,3.9143595,0.0,0.0,0.0,0.0,0.0,0.0,0.0,0.0,0.0,Optimal,3567.354144099998,3742376.15534414
1841,,65.98,0.0,0.0,3.9143595,0.0,0.0,0.0,0.0,0.0,0.0,0.0,0.0,0.0,Optimal,3567.354144099998,3742376.15534414
1842,,82.8,13.394241,0.0,16.772831,0.0,13.394241,13.394241,0.0,0.0,0.0,0.0,0.0,0.0,Optimal,3567.354144099998,3742376.15534414
1843,,87.2,30.0,0.0,45.572831,0.0,30.0,30.0,0.0,0.0,0.0,0.0,0.0,0.0,Optimal,3567.354144099998,3742376.15534414
1844,,86.94,30.0,0.0,74.372831,0.0,30.0,30.0,0.0,0.0,0.0,0.0,0.0,0.0,Optimal,3567.354144099998,3742376.15534414
1845,,77.89,0.0,0.0,74.372831,0.0,0.0,0.0,0.0,0.0,0.0,0.0,0.0,0.0,Optimal,3567.354144099998,3742376.15534414
1846,,72.33,0.0,27.648,45.572831,27.648,0.0,-27.648,0.0,0.0,0.0,0.0,0.0,0.0,Optimal,3567.354144099998,3742376.15534414
1847,,72.1,30.0,0.0,74.372831,0.0,30.0,30.0,0.0,0.0,0.0,0.0,0.0,0.0,Optimal,3567.354144099998,3742376.15534414
1848,,65.91,0.0,27.648,45.572831,27.648,0.0,-27.648,0.0,0.0,0.0,0.0,0.0,0.0,Optimal,3567.354144099998,3742376.15534414
1849,,64.12,30.0,0.0,74.372831,0.0,30.0,30.0,0.0,0.0,0.0,0.0,0.0,0.0,Optimal,3567.354144099998,3742376.15534414
1850,,57.14,0.0,30.0,43.122831,30.0,0.0,-30.0,0.0,0.0,0.0,0.0,0.0,0.0,Optimal,3567.354144099998,3742376.15534414
1851,,58.31,0.0,7.6401325,35.16436,7.6401325,0.0,-7.6401325,0.0,0.0,0.0,0.0,0.0,0.0,Optimal,3567.354144099998,3742376.15534414
1852,,57.46,0.0,30.0,3.9143595,30.0,0.0,-30.0,0.0,0.0,0.0,0.0,0.0,0.0,Optimal,3567.354144099998,3742376.15534414
1853,,60.77,30.0,0.0,32.71436,0.0,30.0,30.0,0.0,0.0,0.0,0.0,0.0,0.0,Optimal,3567.354144099998,3742376.15534414
1854,,63.68,0.0,27.648,3.9143595,27.648,0.0,-27.648,0.0,0.0,0.0,0.0,0.0,0.0,Optimal,3567.354144099998,3742376.15534414
1855,,79.28,0.0,0.0,3.9143595,0.0,0.0,0.0,0.0,0.0,0.0,0.0,0.0,0.0,Optimal,3567.354144099998,3742376.15534414
1856,,97.65,30.0,0.0,32.71436,0.0,30.0,30.0,0.0,0.0,0.0,0.0,0.0,0.0,Optimal,3567.354144099998,3742376.15534414
1857,,94.45,30.0,0.0,61.51436,0.0,30.0,30.0,0.0,0.0,0.0,0.0,0.0,0.0,Optimal,3567.354144099998,3742376.15534414
1858,,82.8,13.394241,0.0,74.372831,0.0,13.394241,13.394241,0.0,0.0,0.0,0.0,0.0,0.0,Optimal,3567.354144099998,3742376.15534414
1859,,72.83,0.0,0.0,74.372831,0.0,0.0,0.0,0.0,0.0,0.0,0.0,0.0,0.0,Optimal,3567.354144099998,3742376.15534414
1860,,66.64,0.0,27.648,45.572831,27.648,0.0,-27.648,0.0,0.0,0.0,0.0,0.0,0.0,Optimal,3567.354144099998,3742376.15534414
1861,,66.5,30.0,0.0,74.372831,0.0,30.0,30.0,0.0,0.0,0.0,0.0,0.0,0.0,Optimal,3567.354144099998,3742376.15534414
1862,,63.67,0.0,30.0,43.122831,30.0,0.0,-30.0,0.0,0.0,0.0,0.0,0.0,0.0,Optimal,3567.354144099998,3742376.15534414
1863,,60.2,0.0,30.0,11.872831,30.0,0.0,-30.0,0.0,0.0,0.0,0.0,0.0,0.0,Optimal,3567.354144099998,3742376.15534414
1864,,65.0,0.0,7.6401325,3.9143595,7.6401325,0.0,-7.6401325,0.0,0.0,0.0,0.0,0.0,0.0,Optimal,3567.354144099998,3742376.15534414
1865,,70.4,0.0,0.0,3.9143595,0.0,0.0,0.0,0.0,0.0,0.0,0.0,0.0,0.0,Optimal,3567.354144099998,3742376.15534414
1866,,92.33,0.0,0.0,3.9143595,0.0,0.0,0.0,0.0,0.0,0.0,0.0,0.0,0.0,Optimal,3567.354144099998,3742376.15534414
1867,,129.2,30.0,0.0,32.71436,0.0,30.0,30.0,0.0,0.0,0.0,0.0,0.0,0.0,Optimal,3567.354144099998,3742376.15534414
1868,,126.23,30.0,0.0,61.51436,0.0,30.0,30.0,0.0,0.0,0.0,0.0,0.0,0.0,Optimal,3567.354144099998,3742376.15534414
1869,,103.04,13.394241,0.0,74.372831,0.0,13.394241,13.394241,0.0,0.0,0.0,0.0,0.0,0.0,Optimal,3567.354144099998,3742376.15534414
1870,,79.74,0.0,27.648,45.572831,27.648,0.0,-27.648,0.0,0.0,0.0,0.0,0.0,0.0,Optimal,3567.354144099998,3742376.15534414
1871,,77.6,30.0,0.0,74.372831,0.0,30.0,30.0,0.0,0.0,0.0,0.0,0.0,0.0,Optimal,3567.354144099998,3742376.15534414
1872,,73.52,0.0,27.648,45.572831,27.648,0.0,-27.648,0.0,0.0,0.0,0.0,0.0,0.0,Optimal,3567.354144099998,3742376.15534414
1873,,71.48,30.0,0.0,74.372831,0.0,30.0,30.0,0.0,0.0,0.0,0.0,0.0,0.0,Optimal,3567.354144099998,3742376.15534414
1874,,69.9,0.0,27.648,45.572831,27.648,0.0,-27.648,0.0,0.0,0.0,0.0,0.0,0.0,Optimal,3567.354144099998,3742376.15534414
1875,,68.75,30.0,0.0,74.372831,0.0,30.0,30.0,0.0,0.0,0.0,0.0,0.0,0.0,Optimal,3567.354144099998,3742376.15534414
1876,,67.46,0.0,30.0,43.122831,30.0,0.0,-30.0,0.0,0.0,0.0,0.0,0.0,0.0,Optimal,3567.354144099998,3742376.15534414
1877,,66.7,0.0,30.0,11.872831,30.0,0.0,-30.0,0.0,0.0,0.0,0.0,0.0,0.0,Optimal,3567.354144099998,3742376.15534414
1878,,67.55,0.0,7.6401325,3.9143595,7.6401325,0.0,-7.6401325,0.0,0.0,0.0,0.0,0.0,0.0,Optimal,3567.354144099998,3742376.15534414
1879,,84.8,13.394241,0.0,16.772831,0.0,13.394241,13.394241,0.0,0.0,0.0,0.0,0.0,0.0,Optimal,3567.354144099998,3742376.15534414
1880,,108.53,30.0,0.0,45.572831,0.0,30.0,30.0,0.0,0.0,0.0,0.0,0.0,0.0,Optimal,3567.354144099998,3742376.15534414
1881,,95.87,30.0,0.0,74.372831,0.0,30.0,30.0,0.0,0.0,0.0,0.0,0.0,0.0,Optimal,3567.354144099998,3742376.15534414
1882,,72.06,0.0,0.0,74.372831,0.0,0.0,0.0,0.0,0.0,0.0,0.0,0.0,0.0,Optimal,3567.354144099998,3742376.15534414
1883,,64.1,0.0,0.0,74.372831,0.0,0.0,0.0,0.0,0.0,0.0,0.0,0.0,0.0,Optimal,3567.354144099998,3742376.15534414
1884,,56.85,0.0,0.0,74.372831,0.0,0.0,0.0,0.0,0.0,0.0,0.0,0.0,0.0,Optimal,3567.354144099998,3742376.15534414
1885,,52.73,0.0,30.0,43.122831,30.0,0.0,-30.0,0.0,0.0,0.0,0.0,0.0,0.0,Optimal,3567.354144099998,3742376.15534414
1886,,51.66,0.0,30.0,11.872831,30.0,0.0,-30.0,0.0,0.0,0.0,0.0,0.0,0.0,Optimal,3567.354144099998,3742376.15534414
1887,,53.54,0.0,7.6401325,3.9143595,7.6401325,0.0,-7.6401325,0.0,0.0,0.0,0.0,0.0,0.0,Optimal,3567.354144099998,3742376.15534414
1888,,62.3,30.0,0.0,32.71436,0.0,30.0,30.0,0.0,0.0,0.0,0.0,0.0,0.0,Optimal,3567.354144099998,3742376.15534414
1889,,64.85,0.0,27.648,3.9143595,27.648,0.0,-27.648,0.0,0.0,0.0,0.0,0.0,0.0,Optimal,3567.354144099998,3742376.15534414
1890,,90.7,0.0,0.0,3.9143595,0.0,0.0,0.0,0.0,0.0,0.0,0.0,0.0,0.0,Optimal,3567.354144099998,3742376.15534414
1891,,108.75,13.394241,0.0,16.772831,0.0,13.394241,13.394241,0.0,0.0,0.0,0.0,0.0,0.0,Optimal,3567.354144099998,3742376.15534414
1892,,128.96,30.0,0.0,45.572831,0.0,30.0,30.0,0.0,0.0,0.0,0.0,0.0,0.0,Optimal,3567.354144099998,3742376.15534414
1893,,110.0,30.0,0.0,74.372831,0.0,30.0,30.0,0.0,0.0,0.0,0.0,0.0,0.0,Optimal,3567.354144099998,3742376.15534414
1894,,89.04,0.0,0.0,74.372831,0.0,0.0,0.0,0.0,0.0,0.0,0.0,0.0,0.0,Optimal,3567.354144099998,3742376.15534414
1895,,81.73,0.0,0.0,74.372831,0.0,0.0,0.0,0.0,0.0,0.0,0.0,0.0,0.0,Optimal,3567.354144099998,3742376.15534414
1896,,76.1,0.0,30.0,43.122831,30.0,0.0,-30.0,0.0,0.0,0.0,0.0,0.0,0.0,Optimal,3567.354144099998,3742376.15534414
1897,,76.01,30.0,0.0,71.922831,0.0,30.0,30.0,0.0,0.0,0.0,0.0,0.0,0.0,Optimal,3567.354144099998,3742376.15534414
1898,,72.45,0.0,30.0,40.672831,30.0,0.0,-30.0,0.0,0.0,0.0,0.0,0.0,0.0,Optimal,3567.354144099998,3742376.15534414
1899,,71.95,30.0,0.0,69.472831,0.0,30.0,30.0,0.0,0.0,0.0,0.0,0.0,0.0,Optimal,3567.354144099998,3742376.15534414
1900,,70.3,0.0,30.0,38.222831,30.0,0.0,-30.0,0.0,0.0,0.0,0.0,0.0,0.0,Optimal,3567.354144099998,3742376.15534414
1901,,71.52,0.0,30.0,6.9728309,30.0,0.0,-30.0,0.0,0.0,0.0,0.0,0.0,0.0,Optimal,3567.354144099998,3742376.15534414
1902,,77.1,0.0,2.9361325,3.9143595,2.9361325,0.0,-2.9361325,0.0,0.0,0.0,0.0,0.0,0.0,Optimal,3567.354144099998,3742376.15534414
1903,,107.1,30.0,0.0,32.71436,0.0,30.0,30.0,0.0,0.0,0.0,0.0,0.0,0.0,Optimal,3567.354144099998,3742376.15534414
1904,,112.69,30.0,0.0,61.51436,0.0,30.0,30.0,0.0,0.0,0.0,0.0,0.0,0.0,Optimal,3567.354144099998,3742376.15534414
1905,,99.33,13.394241,0.0,74.372831,0.0,13.394241,13.394241,0.0,0.0,0.0,0.0,0.0,0.0,Optimal,3567.354144099998,3742376.15534414
1906,,71.41,0.0,0.0,74.372831,0.0,0.0,0.0,0.0,0.0,0.0,0.0,0.0,0.0,Optimal,3567.354144099998,3742376.15534414
1907,,66.0,0.0,5.2881325,68.86436,5.2881325,0.0,-5.2881325,0.0,0.0,0.0,0.0,0.0,0.0,Optimal,3567.354144099998,3742376.15534414
1908,,64.11,0.0,30.0,37.61436,30.0,0.0,-30.0,0.0,0.0,0.0,0.0,0.0,0.0,Optimal,3567.354144099998,3742376.15534414
1909,,64.11,0.0,30.0,6.3643595,30.0,0.0,-30.0,0.0,0.0,0.0,0.0,0.0,0.0,Optimal,3567.354144099998,3742376.15534414
1910,,67.77,30.0,0.0,35.16436,0.0,30.0,30.0,0.0,0.0,0.0,0.0,0.0,0.0,Optimal,3567.354144099998,3742376.15534414
1911,,65.0,0.0,30.0,3.9143595,30.0,0.0,-30.0,0.0,0.0,0.0,0.0,0.0,0.0,Optimal,3567.354144099998,3742376.15534414
1912,,71.9,0.0,0.0,3.9143595,0.0,0.0,0.0,0.0,0.0,0.0,0.0,0.0,0.0,Optimal,3567.354144099998,3742376.15534414
1913,,85.0,0.0,0.0,3.9143595,0.0,0.0,0.0,0.0,0.0,0.0,0.0,0.0,0.0,Optimal,3567.354144099998,3742376.15534414
1914,,116.0,0.0,0.0,3.9143595,0.0,0.0,0.0,0.0,0.0,0.0,0.0,0.0,0.0,Optimal,3567.354144099998,3742376.15534414
1915,,163.72,30.0,0.0,32.71436,0.0,30.0,30.0,0.0,0.0,0.0,0.0,0.0,0.0,Optimal,3567.354144099998,3742376.15534414
1916,,154.93,30.0,0.0,61.51436,0.0,30.0,30.0,0.0,0.0,0.0,0.0,0.0,0.0,Optimal,3567.354144099998,3742376.15534414
1917,,122.63,13.394241,0.0,74.372831,0.0,13.394241,13.394241,0.0,0.0,0.0,0.0,0.0,0.0,Optimal,3567.354144099998,3742376.15534414
1918,,104.88,0.0,0.0,74.372831,0.0,0.0,0.0,0.0,0.0,0.0,0.0,0.0,0.0,Optimal,3567.354144099998,3742376.15534414
1919,,93.0,0.0,0.0,74.372831,0.0,0.0,0.0,0.0,0.0,0.0,0.0,0.0,0.0,Optimal,3567.354144099998,3742376.15534414
1920,,79.98,0.0,0.0,74.372831,0.0,0.0,0.0,0.0,0.0,0.0,0.0,0.0,0.0,Optimal,3567.354144099998,3742376.15534414
1921,,74.55,0.0,27.648,45.572831,27.648,0.0,-27.648,0.0,0.0,0.0,0.0,0.0,0.0,Optimal,3567.354144099998,3742376.15534414
1922,,73.7,30.0,0.0,74.372831,0.0,30.0,30.0,0.0,0.0,0.0,0.0,0.0,0.0,Optimal,3567.354144099998,3742376.15534414
1923,,70.0,0.0,30.0,43.122831,30.0,0.0,-30.0,0.0,0.0,0.0,0.0,0.0,0.0,Optimal,3567.354144099998,3742376.15534414
1924,,66.57,24.262009,0.0,66.41436,0.0,24.262009,24.262009,0.0,0.0,0.0,0.0,0.0,0.0,Optimal,3567.354144099998,3742376.15534414
1925,,62.53,0.0,30.0,35.16436,30.0,0.0,-30.0,0.0,0.0,0.0,0.0,0.0,0.0,Optimal,3567.354144099998,3742376.15534414
1926,,64.68,0.0,30.0,3.9143595,30.0,0.0,-30.0,0.0,0.0,0.0,0.0,0.0,0.0,Optimal,3567.354144099998,3742376.15534414
1927,,81.0,0.0,0.0,3.9143595,0.0,0.0,0.0,0.0,0.0,0.0,0.0,0.0,0.0,Optimal,3567.354144099998,3742376.15534414
1928,,95.9,30.0,0.0,32.71436,0.0,30.0,30.0,0.0,0.0,0.0,0.0,0.0,0.0,Optimal,3567.354144099998,3742376.15534414
1929,,104.6,30.0,0.0,61.51436,0.0,30.0,30.0,0.0,0.0,0.0,0.0,0.0,0.0,Optimal,3567.354144099998,3742376.15534414
1930,,81.19,13.394241,0.0,74.372831,0.0,13.394241,13.394241,0.0,0.0,0.0,0.0,0.0,0.0,Optimal,3567.354144099998,3742376.15534414
1931,,74.7,0.0,0.0,74.372831,0.0,0.0,0.0,0.0,0.0,0.0,0.0,0.0,0.0,Optimal,3567.354144099998,3742376.15534414
1932,,68.03,0.0,27.648,45.572831,27.648,0.0,-27.648,0.0,0.0,0.0,0.0,0.0,0.0,Optimal,3567.354144099998,3742376.15534414
1933,,65.85,30.0,0.0,74.372831,0.0,30.0,30.0,0.0,0.0,0.0,0.0,0.0,0.0,Optimal,3567.354144099998,3742376.15534414
1934,,58.74,0.0,30.0,43.122831,30.0,0.0,-30.0,0.0,0.0,0.0,0.0,0.0,0.0,Optimal,3567.354144099998,3742376.15534414
1935,,64.4,0.0,7.6401325,35.16436,7.6401325,0.0,-7.6401325,0.0,0.0,0.0,0.0,0.0,0.0,Optimal,3567.354144099998,3742376.15534414
1936,,59.08,0.0,30.0,3.9143595,30.0,0.0,-30.0,0.0,0.0,0.0,0.0,0.0,0.0,Optimal,3567.354144099998,3742376.15534414
1937,,68.91,0.0,0.0,3.9143595,0.0,0.0,0.0,0.0,0.0,0.0,0.0,0.0,0.0,Optimal,3567.354144099998,3742376.15534414
1938,,91.97,0.0,0.0,3.9143595,0.0,0.0,0.0,0.0,0.0,0.0,0.0,0.0,0.0,Optimal,3567.354144099998,3742376.15534414
1939,,121.01,30.0,0.0,32.71436,0.0,30.0,30.0,0.0,0.0,0.0,0.0,0.0,0.0,Optimal,3567.354144099998,3742376.15534414
1940,,120.69,30.0,0.0,61.51436,0.0,30.0,30.0,0.0,0.0,0.0,0.0,0.0,0.0,Optimal,3567.354144099998,3742376.15534414
1941,,93.08,13.394241,0.0,74.372831,0.0,13.394241,13.394241,0.0,0.0,0.0,0.0,0.0,0.0,Optimal,3567.354144099998,3742376.15534414
1942,,76.27,0.0,27.648,45.572831,27.648,0.0,-27.648,0.0,0.0,0.0,0.0,0.0,0.0,Optimal,3567.354144099998,3742376.15534414
1943,,72.45,30.0,0.0,74.372831,0.0,30.0,30.0,0.0,0.0,0.0,0.0,0.0,0.0,Optimal,3567.354144099998,3742376.15534414
1944,,64.91,0.0,0.0,74.372831,0.0,0.0,0.0,0.0,0.0,0.0,0.0,0.0,0.0,Optimal,3567.354144099998,3742376.15534414
1945,,52.39,0.0,27.648,45.572831,27.648,0.0,-27.648,0.0,0.0,0.0,0.0,0.0,0.0,Optimal,3567.354144099998,3742376.15534414
1946,,48.96,30.0,0.0,74.372831,0.0,30.0,30.0,0.0,0.0,0.0,0.0,0.0,0.0,Optimal,3567.354144099998,3742376.15534414
1947,,46.3,0.0,7.6401325,66.41436,7.6401325,0.0,-7.6401325,0.0,0.0,0.0,0.0,0.0,0.0,Optimal,3567.354144099998,3742376.15534414
1948,,46.06,0.0,30.0,35.16436,30.0,0.0,-30.0,0.0,0.0,0.0,0.0,0.0,0.0,Optimal,3567.354144099998,3742376.15534414
1949,,45.4,0.0,30.0,3.9143595,30.0,0.0,-30.0,0.0,0.0,0.0,0.0,0.0,0.0,Optimal,3567.354144099998,3742376.15534414
1950,,51.25,0.0,0.0,3.9143595,0.0,0.0,0.0,0.0,0.0,0.0,0.0,0.0,0.0,Optimal,3567.354144099998,3742376.15534414
1951,,63.6,13.394241,0.0,16.772831,0.0,13.394241,13.394241,0.0,0.0,0.0,0.0,0.0,0.0,Optimal,3567.354144099998,3742376.15534414
1952,,64.27,30.0,0.0,45.572831,0.0,30.0,30.0,0.0,0.0,0.0,0.0,0.0,0.0,Optimal,3567.354144099998,3742376.15534414
1953,,66.65,30.0,0.0,74.372831,0.0,30.0,30.0,0.0,0.0,0.0,0.0,0.0,0.0,Optimal,3567.354144099998,3742376.15534414
1954,,57.48,0.0,30.0,43.122831,30.0,0.0,-30.0,0.0,0.0,0.0,0.0,0.0,0.0,Optimal,3567.354144099998,3742376.15534414
1955,,63.9,30.0,0.0,71.922831,0.0,30.0,30.0,0.0,0.0,0.0,0.0,0.0,0.0,Optimal,3567.354144099998,3742376.15534414
1956,,55.0,0.0,30.0,40.672831,30.0,0.0,-30.0,0.0,0.0,0.0,0.0,0.0,0.0,Optimal,3567.354144099998,3742376.15534414
1957,,52.0,0.0,30.0,9.4228309,30.0,0.0,-30.0,0.0,0.0,0.0,0.0,0.0,0.0,Optimal,3567.354144099998,3742376.15534414
1958,,58.68,26.814092,0.0,35.16436,0.0,26.814092,26.814092,0.0,0.0,0.0,0.0,0.0,0.0,Optimal,3567.354144099998,3742376.15534414
1959,,59.17,0.0,30.0,3.9143595,30.0,0.0,-30.0,0.0,0.0,0.0,0.0,0.0,0.0,Optimal,3567.354144099998,3742376.15534414
1960,,66.0,0.0,0.0,3.9143595,0.0,0.0,0.0,0.0,0.0,0.0,0.0,0.0,0.0,Optimal,3567.354144099998,3742376.15534414
1961,,75.04,0.0,0.0,3.9143595,0.0,0.0,0.0,0.0,0.0,0.0,0.0,0.0,0.0,Optimal,3567.354144099998,3742376.15534414
1962,,87.38,0.0,0.0,3.9143595,0.0,0.0,0.0,0.0,0.0,0.0,0.0,0.0,0.0,Optimal,3567.354144099998,3742376.15534414
1963,,111.9,30.0,0.0,32.71436,0.0,30.0,30.0,0.0,0.0,0.0,0.0,0.0,0.0,Optimal,3567.354144099998,3742376.15534414
1964,,112.18,30.0,0.0,61.51436,0.0,30.0,30.0,0.0,0.0,0.0,0.0,0.0,0.0,Optimal,3567.354144099998,3742376.15534414
1965,,94.81,13.394241,0.0,74.372831,0.0,13.394241,13.394241,0.0,0.0,0.0,0.0,0.0,0.0,Optimal,3567.354144099998,3742376.15534414
1966,,74.64,0.0,27.648,45.572831,27.648,0.0,-27.648,0.0,0.0,0.0,0.0,0.0,0.0,Optimal,3567.354144099998,3742376.15534414
1967,,73.2,30.0,0.0,74.372831,0.0,30.0,30.0,0.0,0.0,0.0,0.0,0.0,0.0,Optimal,3567.354144099998,3742376.15534414
1968,,69.84,0.0,30.0,43.122831,30.0,0.0,-30.0,0.0,0.0,0.0,0.0,0.0,0.0,Optimal,3567.354144099998,3742376.15534414
1969,,70.88,30.0,0.0,71.922831,0.0,30.0,30.0,0.0,0.0,0.0,0.0,0.0,0.0,Optimal,3567.354144099998,3742376.15534414
1970,,66.14,2.5520833,0.0,74.372831,0.0,2.5520833,2.5520833,0.0,0.0,0.0,0.0,0.0,0.0,Optimal,3567.354144099998,3742376.15534414
1971,,56.46,0.0,0.0,74.372831,0.0,0.0,0.0,0.0,0.0,0.0,0.0,0.0,0.0,Optimal,3567.354144099998,3742376.15534414
1972,,49.99,0.0,30.0,43.122831,30.0,0.0,-30.0,0.0,0.0,0.0,0.0,0.0,0.0,Optimal,3567.354144099998,3742376.15534414
1973,,52.11,30.0,0.0,71.922831,0.0,30.0,30.0,0.0,0.0,0.0,0.0,0.0,0.0,Optimal,3567.354144099998,3742376.15534414
1974,,51.94,2.5520833,0.0,74.372831,0.0,2.5520833,2.5520833,0.0,0.0,0.0,0.0,0.0,0.0,Optimal,3567.354144099998,3742376.15534414
1975,,47.87,0.0,0.0,74.372831,0.0,0.0,0.0,0.0,0.0,0.0,0.0,0.0,0.0,Optimal,3567.354144099998,3742376.15534414
1976,,43.48,0.0,0.0,74.372831,0.0,0.0,0.0,0.0,0.0,0.0,0.0,0.0,0.0,Optimal,3567.354144099998,3742376.15534414
1977,,34.59,0.0,0.0,74.372831,0.0,0.0,0.0,0.0,0.0,0.0,0.0,0.0,0.0,Optimal,3567.354144099998,3742376.15534414
1978,,11.19,0.0,0.0,74.372831,0.0,0.0,0.0,0.0,0.0,0.0,0.0,0.0,0.0,Optimal,3567.354144099998,3742376.15534414
1979,,0.0,0.0,0.0,74.372831,0.0,0.0,0.0,0.0,0.0,0.0,0.0,0.0,0.0,Optimal,3567.354144099998,3742376.15534414
1980,,-0.1,0.0,0.0,74.372831,0.0,0.0,0.0,0.0,0.0,0.0,0.0,0.0,0.0,Optimal,3567.354144099998,3742376.15534414
1981,,-5.01,0.0,7.6401325,66.41436,7.6401325,0.0,-7.6401325,0.0,0.0,0.0,0.0,0.0,0.0,Optimal,3567.354144099998,3742376.15534414
1982,,-10.0,0.0,30.0,35.16436,30.0,0.0,-30.0,0.0,0.0,0.0,0.0,0.0,0.0,Optimal,3567.354144099998,3742376.15534414
1983,,-9.44,0.0,30.0,3.9143595,30.0,0.0,-30.0,0.0,0.0,0.0,0.0,0.0,0.0,Optimal,3567.354144099998,3742376.15534414
1984,,-2.98,0.0,0.0,3.9143595,0.0,0.0,0.0,0.0,0.0,0.0,0.0,0.0,0.0,Optimal,3567.354144099998,3742376.15534414
1985,,-2.36,0.0,0.0,3.9143595,0.0,0.0,0.0,0.0,0.0,0.0,0.0,0.0,0.0,Optimal,3567.354144099998,3742376.15534414
1986,,37.68,0.0,0.0,3.9143595,0.0,0.0,0.0,0.0,0.0,0.0,0.0,0.0,0.0,Optimal,3567.354144099998,3742376.15534414
1987,,62.02,30.0,0.0,32.71436,0.0,30.0,30.0,0.0,0.0,0.0,0.0,0.0,0.0,Optimal,3567.354144099998,3742376.15534414
1988,,67.2,30.0,0.0,61.51436,0.0,30.0,30.0,0.0,0.0,0.0,0.0,0.0,0.0,Optimal,3567.354144099998,3742376.15534414
1989,,52.94,13.394241,0.0,74.372831,0.0,13.394241,13.394241,0.0,0.0,0.0,0.0,0.0,0.0,Optimal,3567.354144099998,3742376.15534414
1990,,45.84,0.0,0.0,74.372831,0.0,0.0,0.0,0.0,0.0,0.0,0.0,0.0,0.0,Optimal,3567.354144099998,3742376.15534414
1991,,38.52,0.0,0.0,74.372831,0.0,0.0,0.0,0.0,0.0,0.0,0.0,0.0,0.0,Optimal,3567.354144099998,3742376.15534414
1992,,27.5,0.0,27.648,45.572831,27.648,0.0,-27.648,0.0,0.0,0.0,0.0,0.0,0.0,Optimal,3567.354144099998,3742376.15534414
1993,,27.17,30.0,0.0,74.372831,0.0,30.0,30.0,0.0,0.0,0.0,0.0,0.0,0.0,Optimal,3567.354144099998,3742376.15534414
1994,,11.67,0.0,30.0,43.122831,30.0,0.0,-30.0,0.0,0.0,0.0,0.0,0.0,0.0,Optimal,3567.354144099998,3742376.15534414
1995,,8.3,0.0,30.0,11.872831,30.0,0.0,-30.0,0.0,0.0,0.0,0.0,0.0,0.0,Optimal,3567.354144099998,3742376.15534414
1996,,13.47,5.1041667,0.0,16.772831,0.0,5.1041667,5.1041667,0.0,0.0,0.0,0.0,0.0,0.0,Optimal,3567.354144099998,3742376.15534414
1997,,14.91,30.0,0.0,45.572831,0.0,30.0,30.0,0.0,0.0,0.0,0.0,0.0,0.0,Optimal,3567.354144099998,3742376.15534414
1998,,17.18,30.0,0.0,74.372831,0.0,30.0,30.0,0.0,0.0,0.0,0.0,0.0,0.0,Optimal,3567.354144099998,3742376.15534414
1999,,11.41,0.0,0.0,74.372831,0.0,0.0,0.0,0.0,0.0,0.0,0.0,0.0,0.0,Optimal,3567.354144099998,3742376.15534414
2000,,1.19,0.0,0.0,74.372831,0.0,0.0,0.0,0.0,0.0,0.0,0.0,0.0,0.0,Optimal,3567.354144099998,3742376.15534414
2001,,0.0,0.0,30.0,43.122831,30.0,0.0,-30.0,0.0,0.0,0.0,0.0,0.0,0.0,Optimal,3567.354144099998,3742376.15534414
2002,,0.0,0.0,30.0,11.872831,30.0,0.0,-30.0,0.0,0.0,0.0,0.0,0.0,0.0,Optimal,3567.354144099998,3742376.15534414
2003,,0.0,0.0,0.0,11.872831,0.0,0.0,0.0,0.0,0.0,0.0,0.0,0.0,0.0,Optimal,3567.354144099998,3742376.15534414
2004,,0.0,0.0,7.6401325,3.9143595,7.6401325,0.0,-7.6401325,0.0,0.0,0.0,0.0,0.0,0.0,Optimal,3567.354144099998,3742376.15534414
2005,,0.0,0.0,0.0,3.9143595,0.0,0.0,0.0,0.0,0.0,0.0,0.0,0.0,0.0,Optimal,3567.354144099998,3742376.15534414
2006,,0.0,0.0,0.0,3.9143595,0.0,0.0,0.0,0.0,0.0,0.0,0.0,0.0,0.0,Optimal,3567.354144099998,3742376.15534414
2007,,0.0,0.0,0.0,3.9143595,0.0,0.0,0.0,0.0,0.0,0.0,0.0,0.0,0.0,Optimal,3567.354144099998,3742376.15534414
2008,,0.0,0.0,0.0,3.9143595,0.0,0.0,0.0,0.0,0.0,0.0,0.0,0.0,0.0,Optimal,3567.354144099998,3742376.15534414
2009,,11.6,0.0,0.0,3.9143595,0.0,0.0,0.0,0.0,0.0,0.0,0.0,0.0,0.0,Optimal,3567.354144099998,3742376.15534414
2010,,50.0,0.0,0.0,3.9143595,0.0,0.0,0.0,0.0,0.0,0.0,0.0,0.0,0.0,Optimal,3567.354144099998,3742376.15534414
2011,,71.57,30.0,0.0,32.71436,0.0,30.0,30.0,0.0,0.0,0.0,0.0,0.0,0.0,Optimal,3567.354144099998,3742376.15534414
2012,,76.34,30.0,0.0,61.51436,0.0,30.0,30.0,0.0,0.0,0.0,0.0,0.0,0.0,Optimal,3567.354144099998,3742376.15534414
2013,,67.11,13.394241,0.0,74.372831,0.0,13.394241,13.394241,0.0,0.0,0.0,0.0,0.0,0.0,Optimal,3567.354144099998,3742376.15534414
2014,,64.97,0.0,30.0,43.122831,30.0,0.0,-30.0,0.0,0.0,0.0,0.0,0.0,0.0,Optimal,3567.354144099998,3742376.15534414
2015,,64.47,30.0,0.0,71.922831,0.0,30.0,30.0,0.0,0.0,0.0,0.0,0.0,0.0,Optimal,3567.354144099998,3742376.15534414
2016,,64.0,0.0,30.0,40.672831,30.0,0.0,-30.0,0.0,0.0,0.0,0.0,0.0,0.0,Optimal,3567.354144099998,3742376.15534414
2017,,62.9,0.0,30.0,9.4228309,30.0,0.0,-30.0,0.0,0.0,0.0,0.0,0.0,0.0,Optimal,3567.354144099998,3742376.15534414
2018,,65.1,0.0,5.2881325,3.9143595,5.2881325,0.0,-5.2881325,0.0,0.0,0.0,0.0,0.0,0.0,Optimal,3567.354144099998,3742376.15534414
2019,,70.0,2.5520833,0.0,6.3643595,0.0,2.5520833,2.5520833,0.0,0.0,0.0,0.0,0.0,0.0,Optimal,3567.354144099998,3742376.15534414
2020,,73.1,30.0,0.0,35.16436,0.0,30.0,30.0,0.0,0.0,0.0,0.0,0.0,0.0,Optimal,3567.354144099998,3742376.15534414
2021,,67.03,0.0,30.0,3.9143595,30.0,0.0,-30.0,0.0,0.0,0.0,0.0,0.0,0.0,Optimal,3567.354144099998,3742376.15534414
2022,,77.14,0.0,0.0,3.9143595,0.0,0.0,0.0,0.0,0.0,0.0,0.0,0.0,0.0,Optimal,3567.354144099998,3742376.15534414
2023,,87.77,13.394241,0.0,16.772831,0.0,13.394241,13.394241,0.0,0.0,0.0,0.0,0.0,0.0,Optimal,3567.354144099998,3742376.15534414
2024,,113.87,30.0,0.0,45.572831,0.0,30.0,30.0,0.0,0.0,0.0,0.0,0.0,0.0,Optimal,3567.354144099998,3742376.15534414
2025,,99.68,30.0,0.0,74.372831,0.0,30.0,30.0,0.0,0.0,0.0,0.0,0.0,0.0,Optimal,3567.354144099998,3742376.15534414
2026,,74.15,0.0,0.0,74.372831,0.0,0.0,0.0,0.0,0.0,0.0,0.0,0.0,0.0,Optimal,3567.354144099998,3742376.15534414
2027,,66.96,0.0,0.0,74.372831,0.0,0.0,0.0,0.0,0.0,0.0,0.0,0.0,0.0,Optimal,3567.354144099998,3742376.15534414
2028,,60.95,0.0,30.0,43.122831,30.0,0.0,-30.0,0.0,0.0,0.0,0.0,0.0,0.0,Optimal,3567.354144099998,3742376.15534414
2029,,59.11,0.0,30.0,11.872831,30.0,0.0,-30.0,0.0,0.0,0.0,0.0,0.0,0.0,Optimal,3567.354144099998,3742376.15534414
2030,,59.3,24.262009,0.0,35.16436,0.0,24.262009,24.262009,0.0,0.0,0.0,0.0,0.0,0.0,Optimal,3567.354144099998,3742376.15534414
2031,,61.04,0.0,30.0,3.9143595,30.0,0.0,-30.0,0.0,0.0,0.0,0.0,0.0,0.0,Optimal,3567.354144099998,3742376.15534414
2032,,68.84,30.0,0.0,32.71436,0.0,30.0,30.0,0.0,0.0,0.0,0.0,0.0,0.0,Optimal,3567.354144099998,3742376.15534414
2033,,74.5,0.0,27.648,3.9143595,27.648,0.0,-27.648,0.0,0.0,0.0,0.0,0.0,0.0,Optimal,3567.354144099998,3742376.15534414
2034,,98.7,13.394241,0.0,16.772831,0.0,13.394241,13.394241,0.0,0.0,0.0,0.0,0.0,0.0,Optimal,3567.354144099998,3742376.15534414
2035,,155.0,30.0,0.0,45.572831,0.0,30.0,30.0,0.0,0.0,0.0,0.0,0.0,0.0,Optimal,3567.354144099998,3742376.15534414
2036,,138.0,30.0,0.0,74.372831,0.0,30.0,30.0,0.0,0.0,0.0,0.0,0.0,0.0,Optimal,3567.354144099998,3742376.15534414
2037,,86.9,0.0,0.0,74.372831,0.0,0.0,0.0,0.0,0.0,0.0,0.0,0.0,0.0,Optimal,3567.354144099998,3742376.15534414
2038,,70.38,0.0,27.648,45.572831,27.648,0.0,-27.648,0.0,0.0,0.0,0.0,0.0,0.0,Optimal,3567.354144099998,3742376.15534414
2039,,70.4,30.0,0.0,74.372831,0.0,30.0,30.0,0.0,0.0,0.0,0.0,0.0,0.0,Optimal,3567.354144099998,3742376.15534414
2040,,68.77,0.0,27.648,45.572831,27.648,0.0,-27.648,0.0,0.0,0.0,0.0,0.0,0.0,Optimal,3567.354144099998,3742376.15534414
2041,,73.0,30.0,0.0,74.372831,0.0,30.0,30.0,0.0,0.0,0.0,0.0,0.0,0.0,Optimal,3567.354144099998,3742376.15534414
2042,,65.8,0.0,30.0,43.122831,30.0,0.0,-30.0,0.0,0.0,0.0,0.0,0.0,0.0,Optimal,3567.354144099998,3742376.15534414
2043,,64.3,0.0,30.0,11.872831,30.0,0.0,-30.0,0.0,0.0,0.0,0.0,0.0,0.0,Optimal,3567.354144099998,3742376.15534414
2044,,66.0,30.0,0.0,40.672831,0.0,30.0,30.0,0.0,0.0,0.0,0.0,0.0,0.0,Optimal,3567.354144099998,3742376.15534414
2045,,64.04,0.0,30.0,9.4228309,30.0,0.0,-30.0,0.0,0.0,0.0,0.0,0.0,0.0,Optimal,3567.354144099998,3742376.15534414
2046,,67.27,0.0,5.2881325,3.9143595,5.2881325,0.0,-5.2881325,0.0,0.0,0.0,0.0,0.0,0.0,Optimal,3567.354144099998,3742376.15534414
2047,,75.33,30.0,0.0,32.71436,0.0,30.0,30.0,0.0,0.0,0.0,0.0,0.0,0.0,Optimal,3567.354144099998,3742376.15534414
2048,,79.2,30.0,0.0,61.51436,0.0,30.0,30.0,0.0,0.0,0.0,0.0,0.0,0.0,Optimal,3567.354144099998,3742376.15534414
2049,,72.1,13.394241,0.0,74.372831,0.0,13.394241,13.394241,0.0,0.0,0.0,0.0,0.0,0.0,Optimal,3567.354144099998,3742376.15534414
2050,,62.0,0.0,0.0,74.372831,0.0,0.0,0.0,0.0,0.0,0.0,0.0,0.0,0.0,Optimal,3567.354144099998,3742376.15534414
2051,,49.5,0.0,0.0,74.372831,0.0,0.0,0.0,0.0,0.0,0.0,0.0,0.0,0.0,Optimal,3567.354144099998,3742376.15534414
2052,,37.03,0.0,7.6401325,66.41436,7.6401325,0.0,-7.6401325,0.0,0.0,0.0,0.0,0.0,0.0,Optimal,3567.354144099998,3742376.15534414
2053,,13.48,0.0,30.0,35.16436,30.0,0.0,-30.0,0.0,0.0,0.0,0.0,0.0,0.0,Optimal,3567.354144099998,3742376.15534414
2054,,27.62,0.0,30.0,3.9143595,30.0,0.0,-30.0,0.0,0.0,0.0,0.0,0.0,0.0,Optimal,3567.354144099998,3742376.15534414
2055,,37.1,0.0,0.0,3.9143595,0.0,0.0,0.0,0.0,0.0,0.0,0.0,0.0,0.0,Optimal,3567.354144099998,3742376.15534414
2056,,51.93,0.0,0.0,3.9143595,0.0,0.0,0.0,0.0,0.0,0.0,0.0,0.0,0.0,Optimal,3567.354144099998,3742376.15534414
2057,,74.05,0.0,0.0,3.9143595,0.0,0.0,0.0,0.0,0.0,0.0,0.0,0.0,0.0,Optimal,3567.354144099998,3742376.15534414
2058,,106.7,30.0,0.0,32.71436,0.0,30.0,30.0,0.0,0.0,0.0,0.0,0.0,0.0,Optimal,3567.354144099998,3742376.15534414
2059,,116.0,30.0,0.0,61.51436,0.0,30.0,30.0,0.0,0.0,0.0,0.0,0.0,0.0,Optimal,3567.354144099998,3742376.15534414
2060,,100.3,13.394241,0.0,74.372831,0.0,13.394241,13.394241,0.0,0.0,0.0,0.0,0.0,0.0,Optimal,3567.354144099998,3742376.15534414
2061,,80.0,0.0,30.0,43.122831,30.0,0.0,-30.0,0.0,0.0,0.0,0.0,0.0,0.0,Optimal,3567.354144099998,3742376.15534414
2062,,82.2,30.0,0.0,71.922831,0.0,30.0,30.0,0.0,0.0,0.0,0.0,0.0,0.0,Optimal,3567.354144099998,3742376.15534414
2063,,74.4,2.5520833,0.0,74.372831,0.0,2.5520833,2.5520833,0.0,0.0,0.0,0.0,0.0,0.0,Optimal,3567.354144099998,3742376.15534414
2064,,66.92,0.0,0.0,74.372831,0.0,0.0,0.0,0.0,0.0,0.0,0.0,0.0,0.0,Optimal,3567.354144099998,3742376.15534414
2065,,58.35,0.0,5.2881325,68.86436,5.2881325,0.0,-5.2881325,0.0,0.0,0.0,0.0,0.0,0.0,Optimal,3567.354144099998,3742376.15534414
2066,,57.09,0.0,30.0,37.61436,30.0,0.0,-30.0,0.0,0.0,0.0,0.0,0.0,0.0,Optimal,3567.354144099998,3742376.15534414
2067,,57.28,30.0,0.0,66.41436,0.0,30.0,30.0,0.0,0.0,0.0,0.0,0.0,0.0,Optimal,3567.354144099998,3742376.15534414
2068,,55.59,0.0,30.0,35.16436,30.0,0.0,-30.0,0.0,0.0,0.0,0.0,0.0,0.0,Optimal,3567.354144099998,3742376.15534414
2069,,56.87,0.0,30.0,3.9143595,30.0,0.0,-30.0,0.0,0.0,0.0,0.0,0.0,0.0,Optimal,3567.354144099998,3742376.15534414
2070,,64.52,0.0,0.0,3.9143595,0.0,0.0,0.0,0.0,0.0,0.0,0.0,0.0,0.0,Optimal,3567.354144099998,3742376.15534414
2071,,78.78,13.394241,0.0,16.772831,0.0,13.394241,13.394241,0.0,0.0,0.0,0.0,0.0,0.0,Optimal,3567.354144099998,3742376.15534414
2072,,82.77,30.0,0.0,45.572831,0.0,30.0,30.0,0.0,0.0,0.0,0.0,0.0,0.0,Optimal,3567.354144099998,3742376.15534414
2073,,79.83,30.0,0.0,74.372831,0.0,30.0,30.0,0.0,0.0,0.0,0.0,0.0,0.0,Optimal,3567.354144099998,3742376.15534414
2074,,68.33,0.0,27.648,45.572831,27.648,0.0,-27.648,0.0,0.0,0.0,0.0,0.0,0.0,Optimal,3567.354144099998,3742376.15534414
2075,,63.94,30.0,0.0,74.372831,0.0,30.0,30.0,0.0,0.0,0.0,0.0,0.0,0.0,Optimal,3567.354144099998,3742376.15534414
2076,,58.14,0.0,30.0,43.122831,30.0,0.0,-30.0,0.0,0.0,0.0,0.0,0.0,0.0,Optimal,3567.354144099998,3742376.15534414
2077,,57.66,0.0,30.0,11.872831,30.0,0.0,-30.0,0.0,0.0,0.0,0.0,0.0,0.0,Optimal,3567.354144099998,3742376.15534414
2078,,59.54,24.262009,0.0,35.16436,0.0,24.262009,24.262009,0.0,0.0,0.0,0.0,0.0,0.0,Optimal,3567.354144099998,3742376.15534414
2079,,61.45,0.0,30.0,3.9143595,30.0,0.0,-30.0,0.0,0.0,0.0,0.0,0.0,0.0,Optimal,3567.354144099998,3742376.15534414
2080,,73.9,30.0,0.0,32.71436,0.0,30.0,30.0,0.0,0.0,0.0,0.0,0.0,0.0,Optimal,3567.354144099998,3742376.15534414
2081,,76.0,0.0,27.648,3.9143595,27.648,0.0,-27.648,0.0,0.0,0.0,0.0,0.0,0.0,Optimal,3567.354144099998,3742376.15534414
2082,,94.44,0.0,0.0,3.9143595,0.0,0.0,0.0,0.0,0.0,0.0,0.0,0.0,0.0,Optimal,3567.354144099998,3742376.15534414
2083,,120.42,30.0,0.0,32.71436,0.0,30.0,30.0,0.0,0.0,0.0,0.0,0.0,0.0,Optimal,3567.354144099998,3742376.15534414
2084,,116.88,30.0,0.0,61.51436,0.0,30.0,30.0,0.0,0.0,0.0,0.0,0.0,0.0,Optimal,3567.354144099998,3742376.15534414
2085,,97.23,13.394241,0.0,74.372831,0.0,13.394241,13.394241,0.0,0.0,0.0,0.0,0.0,0.0,Optimal,3567.354144099998,3742376.15534414
2086,,79.35,0.0,27.648,45.572831,27.648,0.0,-27.648,0.0,0.0,0.0,0.0,0.0,0.0,Optimal,3567.354144099998,3742376.15534414
2087,,79.47,30.0,0.0,74.372831,0.0,30.0,30.0,0.0,0.0,0.0,0.0,0.0,0.0,Optimal,3567.354144099998,3742376.15534414
2088,,74.0,0.0,27.648,45.572831,27.648,0.0,-27.648,0.0,0.0,0.0,0.0,0.0,0.0,Optimal,3567.354144099998,3742376.15534414
2089,,74.51,30.0,0.0,74.372831,0.0,30.0,30.0,0.0,0.0,0.0,0.0,0.0,0.0,Optimal,3567.354144099998,3742376.15534414
2090,,62.19,0.0,0.0,74.372831,0.0,0.0,0.0,0.0,0.0,0.0,0.0,0.0,0.0,Optimal,3567.354144099998,3742376.15534414
2091,,57.27,0.0,30.0,43.122831,30.0,0.0,-30.0,0.0,0.0,0.0,0.0,0.0,0.0,Optimal,3567.354144099998,3742376.15534414
2092,,55.79,24.262009,0.0,66.41436,0.0,24.262009,24.262009,0.0,0.0,0.0,0.0,0.0,0.0,Optimal,3567.354144099998,3742376.15534414
2093,,55.5,0.0,30.0,35.16436,30.0,0.0,-30.0,0.0,0.0,0.0,0.0,0.0,0.0,Optimal,3567.354144099998,3742376.15534414
2094,,57.52,0.0,30.0,3.9143595,30.0,0.0,-30.0,0.0,0.0,0.0,0.0,0.0,0.0,Optimal,3567.354144099998,3742376.15534414
2095,,68.99,13.394241,0.0,16.772831,0.0,13.394241,13.394241,0.0,0.0,0.0,0.0,0.0,0.0,Optimal,3567.354144099998,3742376.15534414
2096,,76.05,30.0,0.0,45.572831,0.0,30.0,30.0,0.0,0.0,0.0,0.0,0.0,0.0,Optimal,3567.354144099998,3742376.15534414
2097,,73.03,30.0,0.0,74.372831,0.0,30.0,30.0,0.0,0.0,0.0,0.0,0.0,0.0,Optimal,3567.354144099998,3742376.15534414
2098,,58.09,0.0,0.0,74.372831,0.0,0.0,0.0,0.0,0.0,0.0,0.0,0.0,0.0,Optimal,3567.354144099998,3742376.15534414
2099,,40.1,0.0,0.0,74.372831,0.0,0.0,0.0,0.0,0.0,0.0,0.0,0.0,0.0,Optimal,3567.354144099998,3742376.15534414
2100,,31.36,0.0,0.0,74.372831,0.0,0.0,0.0,0.0,0.0,0.0,0.0,0.0,0.0,Optimal,3567.354144099998,3742376.15534414
2101,,6.73,0.0,7.6401325,66.41436,7.6401325,0.0,-7.6401325,0.0,0.0,0.0,0.0,0.0,0.0,Optimal,3567.354144099998,3742376.15534414
2102,,0.05,0.0,30.0,35.16436,30.0,0.0,-30.0,0.0,0.0,0.0,0.0,0.0,0.0,Optimal,3567.354144099998,3742376.15534414
2103,,0.0,0.0,30.0,3.9143595,30.0,0.0,-30.0,0.0,0.0,0.0,0.0,0.0,0.0,Optimal,3567.354144099998,3742376.15534414
2104,,8.66,0.0,0.0,3.9143595,0.0,0.0,0.0,0.0,0.0,0.0,0.0,0.0,0.0,Optimal,3567.354144099998,3742376.15534414
2105,,27.18,0.0,0.0,3.9143595,0.0,0.0,0.0,0.0,0.0,0.0,0.0,0.0,0.0,Optimal,3567.354144099998,3742376.15534414
2106,,43.09,0.0,0.0,3.9143595,0.0,0.0,0.0,0.0,0.0,0.0,0.0,0.0,0.0,Optimal,3567.354144099998,3742376.15534414
2107,,63.68,30.0,0.0,32.71436,0.0,30.0,30.0,0.0,0.0,0.0,0.0,0.0,0.0,Optimal,3567.354144099998,3742376.15534414
2108,,68.09,30.0,0.0,61.51436,0.0,30.0,30.0,0.0,0.0,0.0,0.0,0.0,0.0,Optimal,3567.354144099998,3742376.15534414
2109,,56.81,13.394241,0.0,74.372831,0.0,13.394241,13.394241,0.0,0.0,0.0,0.0,0.0,0.0,Optimal,3567.354144099998,3742376.15534414
2110,,44.89,0.0,0.0,74.372831,0.0,0.0,0.0,0.0,0.0,0.0,0.0,0.0,0.0,Optimal,3567.354144099998,3742376.15534414
2111,,32.76,0.0,0.0,74.372831,0.0,0.0,0.0,0.0,0.0,0.0,0.0,0.0,0.0,Optimal,3567.354144099998,3742376.15534414
2112,,25.0,0.0,0.0,74.372831,0.0,0.0,0.0,0.0,0.0,0.0,0.0,0.0,0.0,Optimal,3567.354144099998,3742376.15534414
2113,,20.6,0.0,0.0,74.372831,0.0,0.0,0.0,0.0,0.0,0.0,0.0,0.0,0.0,Optimal,3567.354144099998,3742376.15534414
2114,,18.83,0.0,0.0,74.372831,0.0,0.0,0.0,0.0,0.0,0.0,0.0,0.0,0.0,Optimal,3567.354144099998,3742376.15534414
2115,,12.43,0.0,30.0,43.122831,30.0,0.0,-30.0,0.0,0.0,0.0,0.0,0.0,0.0,Optimal,3567.354144099998,3742376.15534414
2116,,10.24,0.0,30.0,11.872831,30.0,0.0,-30.0,0.0,0.0,0.0,0.0,0.0,0.0,Optimal,3567.354144099998,3742376.15534414
2117,,12.59,0.0,7.6401325,3.9143595,7.6401325,0.0,-7.6401325,0.0,0.0,0.0,0.0,0.0,0.0,Optimal,3567.354144099998,3742376.15534414
2118,,14.32,0.0,0.0,3.9143595,0.0,0.0,0.0,0.0,0.0,0.0,0.0,0.0,0.0,Optimal,3567.354144099998,3742376.15534414
2119,,22.02,0.0,0.0,3.9143595,0.0,0.0,0.0,0.0,0.0,0.0,0.0,0.0,0.0,Optimal,3567.354144099998,3742376.15534414
2120,,54.9,13.394241,0.0,16.772831,0.0,13.394241,13.394241,0.0,0.0,0.0,0.0,0.0,0.0,Optimal,3567.354144099998,3742376.15534414
2121,,79.3,30.0,0.0,45.572831,0.0,30.0,30.0,0.0,0.0,0.0,0.0,0.0,0.0,Optimal,3567.354144099998,3742376.15534414
2122,,63.6,30.0,0.0,74.372831,0.0,30.0,30.0,0.0,0.0,0.0,0.0,0.0,0.0,Optimal,3567.354144099998,3742376.15534414
2123,,29.9,0.0,0.0,74.372831,0.0,0.0,0.0,0.0,0.0,0.0,0.0,0.0,0.0,Optimal,3567.354144099998,3742376.15534414
2124,,18.81,0.0,0.0,74.372831,0.0,0.0,0.0,0.0,0.0,0.0,0.0,0.0,0.0,Optimal,3567.354144099998,3742376.15534414
2125,,12.99,0.0,30.0,43.122831,30.0,0.0,-30.0,0.0,0.0,0.0,0.0,0.0,0.0,Optimal,3567.354144099998,3742376.15534414
2126,,9.86,0.0,30.0,11.872831,30.0,0.0,-30.0,0.0,0.0,0.0,0.0,0.0,0.0,Optimal,3567.354144099998,3742376.15534414
2127,,13.44,0.0,7.6401325,3.9143595,7.6401325,0.0,-7.6401325,0.0,0.0,0.0,0.0,0.0,0.0,Optimal,3567.354144099998,3742376.15534414
2128,,21.14,0.0,0.0,3.9143595,0.0,0.0,0.0,0.0,0.0,0.0,0.0,0.0,0.0,Optimal,3567.354144099998,3742376.15534414
2129,,43.87,0.0,0.0,3.9143595,0.0,0.0,0.0,0.0,0.0,0.0,0.0,0.0,0.0,Optimal,3567.354144099998,3742376.15534414
2130,,75.44,0.0,0.0,3.9143595,0.0,0.0,0.0,0.0,0.0,0.0,0.0,0.0,0.0,Optimal,3567.354144099998,3742376.15534414
2131,,101.62,30.0,0.0,32.71436,0.0,30.0,30.0,0.0,0.0,0.0,0.0,0.0,0.0,Optimal,3567.354144099998,3742376.15534414
2132,,108.0,30.0,0.0,61.51436,0.0,30.0,30.0,0.0,0.0,0.0,0.0,0.0,0.0,Optimal,3567.354144099998,3742376.15534414
2133,,87.4,13.394241,0.0,74.372831,0.0,13.394241,13.394241,0.0,0.0,0.0,0.0,0.0,0.0,Optimal,3567.354144099998,3742376.15534414
2134,,79.9,0.0,27.648,45.572831,27.648,0.0,-27.648,0.0,0.0,0.0,0.0,0.0,0.0,Optimal,3567.354144099998,3742376.15534414
2135,,75.89,30.0,0.0,74.372831,0.0,30.0,30.0,0.0,0.0,0.0,0.0,0.0,0.0,Optimal,3567.354144099998,3742376.15534414
2136,,70.0,0.0,30.0,43.122831,30.0,0.0,-30.0,0.0,0.0,0.0,0.0,0.0,0.0,Optimal,3567.354144099998,3742376.15534414
2137,,69.3,30.0,0.0,71.922831,0.0,30.0,30.0,0.0,0.0,0.0,0.0,0.0,0.0,Optimal,3567.354144099998,3742376.15534414
2138,,58.16,0.0,30.0,40.672831,30.0,0.0,-30.0,0.0,0.0,0.0,0.0,0.0,0.0,Optimal,3567.354144099998,3742376.15534414
2139,,68.11,10.208333,0.0,50.472831,0.0,10.208333,10.208333,0.0,0.0,0.0,0.0,0.0,0.0,Optimal,3567.354144099998,3742376.15534414
2140,,65.8,0.0,30.0,19.222831,30.0,0.0,-30.0,0.0,0.0,0.0,0.0,0.0,0.0,Optimal,3567.354144099998,3742376.15534414
2141,,84.0,30.0,0.0,48.022831,0.0,30.0,30.0,0.0,0.0,0.0,0.0,0.0,0.0,Optimal,3567.354144099998,3742376.15534414
2142,,65.05,0.0,30.0,16.772831,30.0,0.0,-30.0,0.0,0.0,0.0,0.0,0.0,0.0,Optimal,3567.354144099998,3742376.15534414
2143,,69.89,30.0,0.0,45.572831,0.0,30.0,30.0,0.0,0.0,0.0,0.0,0.0,0.0,Optimal,3567.354144099998,3742376.15534414
2144,,72.62,30.0,0.0,74.372831,0.0,30.0,30.0,0.0,0.0,0.0,0.0,0.0,0.0,Optimal,3567.354144099998,3742376.15534414
2145,,50.0,0.0,27.648,45.572831,27.648,0.0,-27.648,0.0,0.0,0.0,0.0,0.0,0.0,Optimal,3567.354144099998,3742376.15534414
2146,,54.39,30.0,0.0,74.372831,0.0,30.0,30.0,0.0,0.0,0.0,0.0,0.0,0.0,Optimal,3567.354144099998,3742376.15534414
2147,,36.15,0.0,0.0,74.372831,0.0,0.0,0.0,0.0,0.0,0.0,0.0,0.0,0.0,Optimal,3567.354144099998,3742376.15534414
2148,,25.0,0.0,30.0,43.122831,30.0,0.0,-30.0,0.0,0.0,0.0,0.0,0.0,0.0,Optimal,3567.354144099998,3742376.15534414
2149,,25.74,24.262009,0.0,66.41436,0.0,24.262009,24.262009,0.0,0.0,0.0,0.0,0.0,0.0,Optimal,3567.354144099998,3742376.15534414
2150,,13.15,0.0,30.0,35.16436,30.0,0.0,-30.0,0.0,0.0,0.0,0.0,0.0,0.0,Optimal,3567.354144099998,3742376.15534414
2151,,15.87,0.0,30.0,3.9143595,30.0,0.0,-30.0,0.0,0.0,0.0,0.0,0.0,0.0,Optimal,3567.354144099998,3742376.15534414
2152,,37.05,0.0,0.0,3.9143595,0.0,0.0,0.0,0.0,0.0,0.0,0.0,0.0,0.0,Optimal,3567.354144099998,3742376.15534414
2153,,52.52,0.0,0.0,3.9143595,0.0,0.0,0.0,0.0,0.0,0.0,0.0,0.0,0.0,Optimal,3567.354144099998,3742376.15534414
2154,,79.2,0.0,0.0,3.9143595,0.0,0.0,0.0,0.0,0.0,0.0,0.0,0.0,0.0,Optimal,3567.354144099998,3742376.15534414
2155,,101.3,13.394241,0.0,16.772831,0.0,13.394241,13.394241,0.0,0.0,0.0,0.0,0.0,0.0,Optimal,3567.354144099998,3742376.15534414
2156,,130.0,30.0,0.0,45.572831,0.0,30.0,30.0,0.0,0.0,0.0,0.0,0.0,0.0,Optimal,3567.354144099998,3742376.15534414
2157,,111.6,30.0,0.0,74.372831,0.0,30.0,30.0,0.0,0.0,0.0,0.0,0.0,0.0,Optimal,3567.354144099998,3742376.15534414
2158,,80.8,0.0,0.0,74.372831,0.0,0.0,0.0,0.0,0.0,0.0,0.0,0.0,0.0,Optimal,3567.354144099998,3742376.15534414
2159,,70.83,0.0,25.296,48.022831,25.296,0.0,-25.296,0.0,0.0,0.0,0.0,0.0,0.0,Optimal,3567.354144099998,3742376.15534414
2160,,65.74,0.0,30.0,16.772831,30.0,0.0,-30.0,0.0,0.0,0.0,0.0,0.0,0.0,Optimal,3567.354144099998,3742376.15534414
2161,,81.81,30.0,0.0,45.572831,0.0,30.0,30.0,0.0,0.0,0.0,0.0,0.0,0.0,Optimal,3567.354144099998,3742376.15534414
2162,,74.57,30.0,0.0,74.372831,0.0,30.0,30.0,0.0,0.0,0.0,0.0,0.0,0.0,Optimal,3567.354144099998,3742376.15534414
2163,,64.98,0.0,30.0,43.122831,30.0,0.0,-30.0,0.0,0.0,0.0,0.0,0.0,0.0,Optimal,3567.354144099998,3742376.15534414
2164,,65.68,0.0,7.6401325,35.16436,7.6401325,0.0,-7.6401325,0.0,0.0,0.0,0.0,0.0,0.0,Optimal,3567.354144099998,3742376.15534414
2165,,61.74,0.0,30.0,3.9143595,30.0,0.0,-30.0,0.0,0.0,0.0,0.0,0.0,0.0,Optimal,3567.354144099998,3742376.15534414
2166,,68.75,13.394241,0.0,16.772831,0.0,13.394241,13.394241,0.0,0.0,0.0,0.0,0.0,0.0,Optimal,3567.354144099998,3742376.15534414
2167,,74.02,30.0,0.0,45.572831,0.0,30.0,30.0,0.0,0.0,0.0,0.0,0.0,0.0,Optimal,3567.354144099998,3742376.15534414
2168,,70.74,30.0,0.0,74.372831,0.0,30.0,30.0,0.0,0.0,0.0,0.0,0.0,0.0,Optimal,3567.354144099998,3742376.15534414
2169,,50.39,0.0,0.0,74.372831,0.0,0.0,0.0,0.0,0.0,0.0,0.0,0.0,0.0,Optimal,3567.354144099998,3742376.15534414
2170,,40.0,0.0,0.0,74.372831,0.0,0.0,0.0,0.0,0.0,0.0,0.0,0.0,0.0,Optimal,3567.354144099998,3742376.15534414
2171,,27.84,0.0,0.0,74.372831,0.0,0.0,0.0,0.0,0.0,0.0,0.0,0.0,0.0,Optimal,3567.354144099998,3742376.15534414
2172,,18.68,0.0,0.0,74.372831,0.0,0.0,0.0,0.0,0.0,0.0,0.0,0.0,0.0,Optimal,3567.354144099998,3742376.15534414
2173,,2.81,0.0,30.0,43.122831,30.0,0.0,-30.0,0.0,0.0,0.0,0.0,0.0,0.0,Optimal,3567.354144099998,3742376.15534414
2174,,0.97,0.0,30.0,11.872831,30.0,0.0,-30.0,0.0,0.0,0.0,0.0,0.0,0.0,Optimal,3567.354144099998,3742376.15534414
2175,,14.83,0.0,7.6401325,3.9143595,7.6401325,0.0,-7.6401325,0.0,0.0,0.0,0.0,0.0,0.0,Optimal,3567.354144099998,3742376.15534414
2176,,41.07,0.0,0.0,3.9143595,0.0,0.0,0.0,0.0,0.0,0.0,0.0,0.0,0.0,Optimal,3567.354144099998,3742376.15534414
2177,,66.74,0.0,0.0,3.9143595,0.0,0.0,0.0,0.0,0.0,0.0,0.0,0.0,0.0,Optimal,3567.354144099998,3742376.15534414
2178,,86.8,30.0,0.0,32.71436,0.0,30.0,30.0,0.0,0.0,0.0,0.0,0.0,0.0,Optimal,3567.354144099998,3742376.15534414
2179,,118.04,30.0,0.0,61.51436,0.0,30.0,30.0,0.0,0.0,0.0,0.0,0.0,0.0,Optimal,3567.354144099998,3742376.15534414
2180,,83.72,13.394241,0.0,74.372831,0.0,13.394241,13.394241,0.0,0.0,0.0,0.0,0.0,0.0,Optimal,3567.354144099998,3742376.15534414
2181,,65.2,0.0,27.648,45.572831,27.648,0.0,-27.648,0.0,0.0,0.0,0.0,0.0,0.0,Optimal,3567.354144099998,3742376.15534414
2182,,60.55,30.0,0.0,74.372831,0.0,30.0,30.0,0.0,0.0,0.0,0.0,0.0,0.0,Optimal,3567.354144099998,3742376.15534414
2183,,54.9,0.0,0.0,74.372831,0.0,0.0,0.0,0.0,0.0,0.0,0.0,0.0,0.0,Optimal,3567.354144099998,3742376.15534414
2184,,51.03,0.0,27.648,45.572831,27.648,0.0,-27.648,0.0,0.0,0.0,0.0,0.0,0.0,Optimal,3567.354144099998,3742376.15534414
2185,,48.98,30.0,0.0,74.372831,0.0,30.0,30.0,0.0,0.0,0.0,0.0,0.0,0.0,Optimal,3567.354144099998,3742376.15534414
2186,,45.1,0.0,30.0,43.122831,30.0,0.0,-30.0,0.0,0.0,0.0,0.0,0.0,0.0,Optimal,3567.354144099998,3742376.15534414
2187,,43.54,0.0,30.0,11.872831,30.0,0.0,-30.0,0.0,0.0,0.0,0.0,0.0,0.0,Optimal,3567.354144099998,3742376.15534414
2188,,46.56,0.0,7.6401325,3.9143595,7.6401325,0.0,-7.6401325,0.0,0.0,0.0,0.0,0.0,0.0,Optimal,3567.354144099998,3742376.15534414
2189,,52.35,30.0,0.0,32.71436,0.0,30.0,30.0,0.0,0.0,0.0,0.0,0.0,0.0,Optimal,3567.354144099998,3742376.15534414
2190,,55.26,0.0,27.648,3.9143595,27.648,0.0,-27.648,0.0,0.0,0.0,0.0,0.0,0.0,Optimal,3567.354144099998,3742376.15534414
2191,,59.51,30.0,0.0,32.71436,0.0,30.0,30.0,0.0,0.0,0.0,0.0,0.0,0.0,Optimal,3567.354144099998,3742376.15534414
2192,,58.71,13.394241,0.0,45.572831,0.0,13.394241,13.394241,0.0,0.0,0.0,0.0,0.0,0.0,Optimal,3567.354144099998,3742376.15534414
2193,,60.89,30.0,0.0,74.372831,0.0,30.0,30.0,0.0,0.0,0.0,0.0,0.0,0.0,Optimal,3567.354144099998,3742376.15534414
2194,,52.96,0.0,0.0,74.372831,0.0,0.0,0.0,0.0,0.0,0.0,0.0,0.0,0.0,Optimal,3567.354144099998,3742376.15534414
2195,,48.23,0.0,27.648,45.572831,27.648,0.0,-27.648,0.0,0.0,0.0,0.0,0.0,0.0,Optimal,3567.354144099998,3742376.15534414
2196,,48.75,30.0,0.0,74.372831,0.0,30.0,30.0,0.0,0.0,0.0,0.0,0.0,0.0,Optimal,3567.354144099998,3742376.15534414
2197,,0.03,0.0,0.0,74.372831,0.0,0.0,0.0,0.0,0.0,0.0,0.0,0.0,0.0,Optimal,3567.354144099998,3742376.15534414
2198,,-0.01,0.0,30.0,43.122831,30.0,0.0,-30.0,0.0,0.0,0.0,0.0,0.0,0.0,Optimal,3567.354144099998,3742376.15534414
2199,,-0.01,0.0,30.0,11.872831,30.0,0.0,-30.0,0.0,0.0,0.0,0.0,0.0,0.0,Optimal,3567.354144099998,3742376.15534414
2200,,-0.01,0.0,7.6401325,3.9143595,7.6401325,0.0,-7.6401325,0.0,0.0,0.0,0.0,0.0,0.0,Optimal,3567.354144099998,3742376.15534414
2201,,5.79,0.0,0.0,3.9143595,0.0,0.0,0.0,0.0,0.0,0.0,0.0,0.0,0.0,Optimal,3567.354144099998,3742376.15534414
2202,,53.0,0.0,0.0,3.9143595,0.0,0.0,0.0,0.0,0.0,0.0,0.0,0.0,0.0,Optimal,3567.354144099998,3742376.15534414
2203,,90.0,30.0,0.0,32.71436,0.0,30.0,30.0,0.0,0.0,0.0,0.0,0.0,0.0,Optimal,3567.354144099998,3742376.15534414
2204,,79.89,30.0,0.0,61.51436,0.0,30.0,30.0,0.0,0.0,0.0,0.0,0.0,0.0,Optimal,3567.354144099998,3742376.15534414
2205,,55.96,13.394241,0.0,74.372831,0.0,13.394241,13.394241,0.0,0.0,0.0,0.0,0.0,0.0,Optimal,3567.354144099998,3742376.15534414
2206,,41.0,0.0,0.0,74.372831,0.0,0.0,0.0,0.0,0.0,0.0,0.0,0.0,0.0,Optimal,3567.354144099998,3742376.15534414
2207,,29.63,0.0,30.0,43.122831,30.0,0.0,-30.0,0.0,0.0,0.0,0.0,0.0,0.0,Optimal,3567.354144099998,3742376.15534414
2208,,46.13,30.0,0.0,71.922831,0.0,30.0,30.0,0.0,0.0,0.0,0.0,0.0,0.0,Optimal,3567.354144099998,3742376.15534414
2209,,36.33,2.5520833,0.0,74.372831,0.0,2.5520833,2.5520833,0.0,0.0,0.0,0.0,0.0,0.0,Optimal,3567.354144099998,3742376.15534414
2210,,16.46,0.0,0.0,74.372831,0.0,0.0,0.0,0.0,0.0,0.0,0.0,0.0,0.0,Optimal,3567.354144099998,3742376.15534414
2211,,7.54,0.0,7.6401325,66.41436,7.6401325,0.0,-7.6401325,0.0,0.0,0.0,0.0,0.0,0.0,Optimal,3567.354144099998,3742376.15534414
2212,,1.94,0.0,30.0,35.16436,30.0,0.0,-30.0,0.0,0.0,0.0,0.0,0.0,0.0,Optimal,3567.354144099998,3742376.15534414
2213,,7.27,0.0,30.0,3.9143595,30.0,0.0,-30.0,0.0,0.0,0.0,0.0,0.0,0.0,Optimal,3567.354144099998,3742376.15534414
2214,,51.32,0.0,0.0,3.9143595,0.0,0.0,0.0,0.0,0.0,0.0,0.0,0.0,0.0,Optimal,3567.354144099998,3742376.15534414
2215,,70.98,30.0,0.0,32.71436,0.0,30.0,30.0,0.0,0.0,0.0,0.0,0.0,0.0,Optimal,3567.354144099998,3742376.15534414
2216,,68.93,30.0,0.0,61.51436,0.0,30.0,30.0,0.0,0.0,0.0,0.0,0.0,0.0,Optimal,3567.354144099998,3742376.15534414
2217,,55.17,13.394241,0.0,74.372831,0.0,13.394241,13.394241,0.0,0.0,0.0,0.0,0.0,0.0,Optimal,3567.354144099998,3742376.15534414
2218,,30.1,0.0,0.0,74.372831,0.0,0.0,0.0,0.0,0.0,0.0,0.0,0.0,0.0,Optimal,3567.354144099998,3742376.15534414
2219,,24.91,0.0,0.0,74.372831,0.0,0.0,0.0,0.0,0.0,0.0,0.0,0.0,0.0,Optimal,3567.354144099998,3742376.15534414
2220,,5.0,0.0,0.0,74.372831,0.0,0.0,0.0,0.0,0.0,0.0,0.0,0.0,0.0,Optimal,3567.354144099998,3742376.15534414
2221,,2.5,0.0,7.6401325,66.41436,7.6401325,0.0,-7.6401325,0.0,0.0,0.0,0.0,0.0,0.0,Optimal,3567.354144099998,3742376.15534414
2222,,0.17,0.0,30.0,35.16436,30.0,0.0,-30.0,0.0,0.0,0.0,0.0,0.0,0.0,Optimal,3567.354144099998,3742376.15534414
2223,,0.0,0.0,30.0,3.9143595,30.0,0.0,-30.0,0.0,0.0,0.0,0.0,0.0,0.0,Optimal,3567.354144099998,3742376.15534414
2224,,4.31,0.0,0.0,3.9143595,0.0,0.0,0.0,0.0,0.0,0.0,0.0,0.0,0.0,Optimal,3567.354144099998,3742376.15534414
2225,,41.46,0.0,0.0,3.9143595,0.0,0.0,0.0,0.0,0.0,0.0,0.0,0.0,0.0,Optimal,3567.354144099998,3742376.15534414
2226,,72.7,0.0,0.0,3.9143595,0.0,0.0,0.0,0.0,0.0,0.0,0.0,0.0,0.0,Optimal,3567.354144099998,3742376.15534414
2227,,104.0,30.0,0.0,32.71436,0.0,30.0,30.0,0.0,0.0,0.0,0.0,0.0,0.0,Optimal,3567.354144099998,3742376.15534414
2228,,110.0,30.0,0.0,61.51436,0.0,30.0,30.0,0.0,0.0,0.0,0.0,0.0,0.0,Optimal,3567.354144099998,3742376.15534414
2229,,99.0,13.394241,0.0,74.372831,0.0,13.394241,13.394241,0.0,0.0,0.0,0.0,0.0,0.0,Optimal,3567.354144099998,3742376.15534414
2230,,76.26,0.0,0.0,74.372831,0.0,0.0,0.0,0.0,0.0,0.0,0.0,0.0,0.0,Optimal,3567.354144099998,3742376.15534414
2231,,72.43,0.0,27.648,45.572831,27.648,0.0,-27.648,0.0,0.0,0.0,0.0,0.0,0.0,Optimal,3567.354144099998,3742376.15534414
2232,,72.74,30.0,0.0,74.372831,0.0,30.0,30.0,0.0,0.0,0.0,0.0,0.0,0.0,Optimal,3567.354144099998,3742376.15534414
2233,,66.31,0.0,30.0,43.122831,30.0,0.0,-30.0,0.0,0.0,0.0,0.0,0.0,0.0,Optimal,3567.354144099998,3742376.15534414
2234,,62.64,0.0,30.0,11.872831,30.0,0.0,-30.0,0.0,0.0,0.0,0.0,0.0,0.0,Optimal,3567.354144099998,3742376.15534414
2235,,64.66,30.0,0.0,40.672831,0.0,30.0,30.0,0.0,0.0,0.0,0.0,0.0,0.0,Optimal,3567.354144099998,3742376.15534414
2236,,64.89,0.0,30.0,9.4228309,30.0,0.0,-30.0,0.0,0.0,0.0,0.0,0.0,0.0,Optimal,3567.354144099998,3742376.15534414
2237,,68.73,0.0,5.2881325,3.9143595,5.2881325,0.0,-5.2881325,0.0,0.0,0.0,0.0,0.0,0.0,Optimal,3567.354144099998,3742376.15534414
2238,,82.94,0.0,0.0,3.9143595,0.0,0.0,0.0,0.0,0.0,0.0,0.0,0.0,0.0,Optimal,3567.354144099998,3742376.15534414
2239,,106.52,30.0,0.0,32.71436,0.0,30.0,30.0,0.0,0.0,0.0,0.0,0.0,0.0,Optimal,3567.354144099998,3742376.15534414
2240,,117.93,30.0,0.0,61.51436,0.0,30.0,30.0,0.0,0.0,0.0,0.0,0.0,0.0,Optimal,3567.354144099998,3742376.15534414
2241,,102.44,0.0,15.303867,45.572831,15.303867,0.0,-15.303867,0.0,0.0,0.0,0.0,0.0,0.0,Optimal,3567.354144099998,3742376.15534414
2242,,107.35,30.0,0.0,74.372831,0.0,30.0,30.0,0.0,0.0,0.0,0.0,0.0,0.0,Optimal,3567.354144099998,3742376.15534414
2243,,90.92,0.0,0.0,74.372831,0.0,0.0,0.0,0.0,0.0,0.0,0.0,0.0,0.0,Optimal,3567.354144099998,3742376.15534414
2244,,78.72,0.0,0.0,74.372831,0.0,0.0,0.0,0.0,0.0,0.0,0.0,0.0,0.0,Optimal,3567.354144099998,3742376.15534414
2245,,65.8,0.0,0.0,74.372831,0.0,0.0,0.0,0.0,0.0,0.0,0.0,0.0,0.0,Optimal,3567.354144099998,3742376.15534414
2246,,58.9,0.0,30.0,43.122831,30.0,0.0,-30.0,0.0,0.0,0.0,0.0,0.0,0.0,Optimal,3567.354144099998,3742376.15534414
2247,,58.09,0.0,30.0,11.872831,30.0,0.0,-30.0,0.0,0.0,0.0,0.0,0.0,0.0,Optimal,3567.354144099998,3742376.15534414
2248,,60.97,0.0,7.6401325,3.9143595,7.6401325,0.0,-7.6401325,0.0,0.0,0.0,0.0,0.0,0.0,Optimal,3567.354144099998,3742376.15534414
2249,,70.31,0.0,0.0,3.9143595,0.0,0.0,0.0,0.0,0.0,0.0,0.0,0.0,0.0,Optimal,3567.354144099998,3742376.15534414
2250,,85.0,13.394241,0.0,16.772831,0.0,13.394241,13.394241,0.0,0.0,0.0,0.0,0.0,0.0,Optimal,3567.354144099998,3742376.15534414
2251,,91.69,30.0,0.0,45.572831,0.0,30.0,30.0,0.0,0.0,0.0,0.0,0.0,0.0,Optimal,3567.354144099998,3742376.15534414
2252,,92.65,30.0,0.0,74.372831,0.0,30.0,30.0,0.0,0.0,0.0,0.0,0.0,0.0,Optimal,3567.354144099998,3742376.15534414
2253,,70.71,0.0,27.648,45.572831,27.648,0.0,-27.648,0.0,0.0,0.0,0.0,0.0,0.0,Optimal,3567.354144099998,3742376.15534414
2254,,65.49,30.0,0.0,74.372831,0.0,30.0,30.0,0.0,0.0,0.0,0.0,0.0,0.0,Optimal,3567.354144099998,3742376.15534414
2255,,55.33,0.0,0.0,74.372831,0.0,0.0,0.0,0.0,0.0,0.0,0.0,0.0,0.0,Optimal,3567.354144099998,3742376.15534414
2256,,42.63,0.0,5.2881325,68.86436,5.2881325,0.0,-5.2881325,0.0,0.0,0.0,0.0,0.0,0.0,Optimal,3567.354144099998,3742376.15534414
2257,,40.28,0.0,30.0,37.61436,30.0,0.0,-30.0,0.0,0.0,0.0,0.0,0.0,0.0,Optimal,3567.354144099998,3742376.15534414
2258,,39.08,0.0,30.0,6.3643595,30.0,0.0,-30.0,0.0,0.0,0.0,0.0,0.0,0.0,Optimal,3567.354144099998,3742376.15534414
2259,,39.67,30.0,0.0,35.16436,0.0,30.0,30.0,0.0,0.0,0.0,0.0,0.0,0.0,Optimal,3567.354144099998,3742376.15534414
2260,,40.03,0.0,30.0,3.9143595,30.0,0.0,-30.0,0.0,0.0,0.0,0.0,0.0,0.0,Optimal,3567.354144099998,3742376.15534414
2261,,43.07,0.0,0.0,3.9143595,0.0,0.0,0.0,0.0,0.0,0.0,0.0,0.0,0.0,Optimal,3567.354144099998,3742376.15534414
2262,,53.49,0.0,0.0,3.9143595,0.0,0.0,0.0,0.0,0.0,0.0,0.0,0.0,0.0,Optimal,3567.354144099998,3742376.15534414
2263,,65.47,0.0,0.0,3.9143595,0.0,0.0,0.0,0.0,0.0,0.0,0.0,0.0,0.0,Optimal,3567.354144099998,3742376.15534414
2264,,75.33,30.0,0.0,32.71436,0.0,30.0,30.0,0.0,0.0,0.0,0.0,0.0,0.0,Optimal,3567.354144099998,3742376.15534414
2265,,71.79,30.0,0.0,61.51436,0.0,30.0,30.0,0.0,0.0,0.0,0.0,0.0,0.0,Optimal,3567.354144099998,3742376.15534414
2266,,69.17,13.394241,0.0,74.372831,0.0,13.394241,13.394241,0.0,0.0,0.0,0.0,0.0,0.0,Optimal,3567.354144099998,3742376.15534414
2267,,63.06,0.0,0.0,74.372831,0.0,0.0,0.0,0.0,0.0,0.0,0.0,0.0,0.0,Optimal,3567.354144099998,3742376.15534414
2268,,51.77,0.0,0.0,74.372831,0.0,0.0,0.0,0.0,0.0,0.0,0.0,0.0,0.0,Optimal,3567.354144099998,3742376.15534414
2269,,45.88,0.0,30.0,43.122831,30.0,0.0,-30.0,0.0,0.0,0.0,0.0,0.0,0.0,Optimal,3567.354144099998,3742376.15534414
2270,,45.15,24.262009,0.0,66.41436,0.0,24.262009,24.262009,0.0,0.0,0.0,0.0,0.0,0.0,Optimal,3567.354144099998,3742376.15534414
2271,,44.17,0.0,30.0,35.16436,30.0,0.0,-30.0,0.0,0.0,0.0,0.0,0.0,0.0,Optimal,3567.354144099998,3742376.15534414
2272,,44.9,0.0,30.0,3.9143595,30.0,0.0,-30.0,0.0,0.0,0.0,0.0,0.0,0.0,Optimal,3567.354144099998,3742376.15534414
2273,,56.75,0.0,0.0,3.9143595,0.0,0.0,0.0,0.0,0.0,0.0,0.0,0.0,0.0,Optimal,3567.354144099998,3742376.15534414
2274,,65.1,0.0,0.0,3.9143595,0.0,0.0,0.0,0.0,0.0,0.0,0.0,0.0,0.0,Optimal,3567.354144099998,3742376.15534414
2275,,103.7,30.0,0.0,32.71436,0.0,30.0,30.0,0.0,0.0,0.0,0.0,0.0,0.0,Optimal,3567.354144099998,3742376.15534414
2276,,99.5,30.0,0.0,61.51436,0.0,30.0,30.0,0.0,0.0,0.0,0.0,0.0,0.0,Optimal,3567.354144099998,3742376.15534414
2277,,75.7,13.394241,0.0,74.372831,0.0,13.394241,13.394241,0.0,0.0,0.0,0.0,0.0,0.0,Optimal,3567.354144099998,3742376.15534414
2278,,67.0,0.0,0.0,74.372831,0.0,0.0,0.0,0.0,0.0,0.0,0.0,0.0,0.0,Optimal,3567.354144099998,3742376.15534414
2279,,57.85,0.0,30.0,43.122831,30.0,0.0,-30.0,0.0,0.0,0.0,0.0,0.0,0.0,Optimal,3567.354144099998,3742376.15534414
2280,,58.12,30.0,0.0,71.922831,0.0,30.0,30.0,0.0,0.0,0.0,0.0,0.0,0.0,Optimal,3567.354144099998,3742376.15534414
2281,,54.46,2.5520833,0.0,74.372831,0.0,2.5520833,2.5520833,0.0,0.0,0.0,0.0,0.0,0.0,Optimal,3567.354144099998,3742376.15534414
2282,,50.04,0.0,7.6401325,66.41436,7.6401325,0.0,-7.6401325,0.0,0.0,0.0,0.0,0.0,0.0,Optimal,3567.354144099998,3742376.15534414
2283,,47.98,0.0,30.0,35.16436,30.0,0.0,-30.0,0.0,0.0,0.0,0.0,0.0,0.0,Optimal,3567.354144099998,3742376.15534414
2284,,47.37,0.0,30.0,3.9143595,30.0,0.0,-30.0,0.0,0.0,0.0,0.0,0.0,0.0,Optimal,3567.354144099998,3742376.15534414
2285,,52.0,0.0,0.0,3.9143595,0.0,0.0,0.0,0.0,0.0,0.0,0.0,0.0,0.0,Optimal,3567.354144099998,3742376.15534414
2286,,62.53,0.0,0.0,3.9143595,0.0,0.0,0.0,0.0,0.0,0.0,0.0,0.0,0.0,Optimal,3567.354144099998,3742376.15534414
2287,,76.79,30.0,0.0,32.71436,0.0,30.0,30.0,0.0,0.0,0.0,0.0,0.0,0.0,Optimal,3567.354144099998,3742376.15534414
2288,,80.0,30.0,0.0,61.51436,0.0,30.0,30.0,0.0,0.0,0.0,0.0,0.0,0.0,Optimal,3567.354144099998,3742376.15534414
2289,,67.59,13.394241,0.0,74.372831,0.0,13.394241,13.394241,0.0,0.0,0.0,0.0,0.0,0.0,Optimal,3567.354144099998,3742376.15534414
2290,,50.0,0.0,0.0,74.372831,0.0,0.0,0.0,0.0,0.0,0.0,0.0,0.0,0.0,Optimal,3567.354144099998,3742376.15534414
2291,,23.7,0.0,0.0,74.372831,0.0,0.0,0.0,0.0,0.0,0.0,0.0,0.0,0.0,Optimal,3567.354144099998,3742376.15534414
2292,,8.48,0.0,0.0,74.372831,0.0,0.0,0.0,0.0,0.0,0.0,0.0,0.0,0.0,Optimal,3567.354144099998,3742376.15534414
2293,,0.0,0.0,0.0,74.372831,0.0,0.0,0.0,0.0,0.0,0.0,0.0,0.0,0.0,Optimal,3567.354144099998,3742376.15534414
2294,,-0.2,0.0,7.6401325,66.41436,7.6401325,0.0,-7.6401325,0.0,0.0,0.0,0.0,0.0,0.0,Optimal,3567.354144099998,3742376.15534414
2295,,-10.07,0.0,30.0,35.16436,30.0,0.0,-30.0,0.0,0.0,0.0,0.0,0.0,0.0,Optimal,3567.354144099998,3742376.15534414
2296,,-15.0,0.0,30.0,3.9143595,30.0,0.0,-30.0,0.0,0.0,0.0,0.0,0.0,0.0,Optimal,3567.354144099998,3742376.15534414
2297,,6.0,0.0,0.0,3.9143595,0.0,0.0,0.0,0.0,0.0,0.0,0.0,0.0,0.0,Optimal,3567.354144099998,3742376.15534414
2298,,44.66,0.0,0.0,3.9143595,0.0,0.0,0.0,0.0,0.0,0.0,0.0,0.0,0.0,Optimal,3567.354144099998,3742376.15534414
2299,,58.4,0.0,0.0,3.9143595,0.0,0.0,0.0,0.0,0.0,0.0,0.0,0.0,0.0,Optimal,3567.354144099998,3742376.15534414
2300,,64.89,30.0,0.0,32.71436,0.0,30.0,30.0,0.0,0.0,0.0,0.0,0.0,0.0,Optimal,3567.354144099998,3742376.15534414
2301,,62.94,30.0,0.0,61.51436,0.0,30.0,30.0,0.0,0.0,0.0,0.0,0.0,0.0,Optimal,3567.354144099998,3742376.15534414
2302,,58.99,13.394241,0.0,74.372831,0.0,13.394241,13.394241,0.0,0.0,0.0,0.0,0.0,0.0,Optimal,3567.354144099998,3742376.15534414
2303,,50.2,0.0,0.0,74.372831,0.0,0.0,0.0,0.0,0.0,0.0,0.0,0.0,0.0,Optimal,3567.354144099998,3742376.15534414
2304,,42.31,0.0,30.0,43.122831,30.0,0.0,-30.0,0.0,0.0,0.0,0.0,0.0,0.0,Optimal,3567.354144099998,3742376.15534414
2305,,43.78,0.0,30.0,11.872831,30.0,0.0,-30.0,0.0,0.0,0.0,0.0,0.0,0.0,Optimal,3567.354144099998,3742376.15534414
2306,,44.0,24.262009,0.0,35.16436,0.0,24.262009,24.262009,0.0,0.0,0.0,0.0,0.0,0.0,Optimal,3567.354144099998,3742376.15534414
2307,,44.87,0.0,30.0,3.9143595,30.0,0.0,-30.0,0.0,0.0,0.0,0.0,0.0,0.0,Optimal,3567.354144099998,3742376.15534414
2308,,48.09,30.0,0.0,32.71436,0.0,30.0,30.0,0.0,0.0,0.0,0.0,0.0,0.0,Optimal,3567.354144099998,3742376.15534414
2309,,48.25,0.0,27.648,3.9143595,27.648,0.0,-27.648,0.0,0.0,0.0,0.0,0.0,0.0,Optimal,3567.354144099998,3742376.15534414
2310,,50.01,30.0,0.0,32.71436,0.0,30.0,30.0,0.0,0.0,0.0,0.0,0.0,0.0,Optimal,3567.354144099998,3742376.15534414
2311,,51.19,30.0,0.0,61.51436,0.0,30.0,30.0,0.0,0.0,0.0,0.0,0.0,0.0,Optimal,3567.354144099998,3742376.15534414
2312,,48.0,13.394241,0.0,74.372831,0.0,13.394241,13.394241,0.0,0.0,0.0,0.0,0.0,0.0,Optimal,3567.354144099998,3742376.15534414
2313,,27.16,0.0,0.0,74.372831,0.0,0.0,0.0,0.0,0.0,0.0,0.0,0.0,0.0,Optimal,3567.354144099998,3742376.15534414
2314,,-14.86,0.0,0.0,74.372831,0.0,0.0,0.0,0.0,0.0,0.0,0.0,0.0,0.0,Optimal,3567.354144099998,3742376.15534414
2315,,-22.1,0.0,0.0,74.372831,0.0,0.0,0.0,0.0,0.0,0.0,0.0,0.0,0.0,Optimal,3567.354144099998,3742376.15534414
2316,,-50.0,0.0,7.6401325,66.41436,7.6401325,0.0,-7.6401325,0.0,0.0,0.0,0.0,0.0,0.0,Optimal,3567.354144099998,3742376.15534414
2317,,-120.92,0.0,30.0,35.16436,30.0,0.0,-30.0,0.0,0.0,0.0,0.0,0.0,0.0,Optimal,3567.354144099998,3742376.15534414
2318,,-125.3,0.0,30.0,3.9143595,30.0,0.0,-30.0,0.0,0.0,0.0,0.0,0.0,0.0,Optimal,3567.354144099998,3742376.15534414
2319,,-50.0,0.0,0.0,3.9143595,0.0,0.0,0.0,0.0,0.0,0.0,0.0,0.0,0.0,Optimal,3567.354144099998,3742376.15534414
2320,,-20.0,0.0,0.0,3.9143595,0.0,0.0,0.0,0.0,0.0,0.0,0.0,0.0,0.0,Optimal,3567.354144099998,3742376.15534414
2321,,0.0,0.0,0.0,3.9143595,0.0,0.0,0.0,0.0,0.0,0.0,0.0,0.0,0.0,Optimal,3567.354144099998,3742376.15534414
2322,,55.92,0.0,0.0,3.9143595,0.0,0.0,0.0,0.0,0.0,0.0,0.0,0.0,0.0,Optimal,3567.354144099998,3742376.15534414
2323,,69.2,30.0,0.0,32.71436,0.0,30.0,30.0,0.0,0.0,0.0,0.0,0.0,0.0,Optimal,3567.354144099998,3742376.15534414
2324,,65.0,30.0,0.0,61.51436,0.0,30.0,30.0,0.0,0.0,0.0,0.0,0.0,0.0,Optimal,3567.354144099998,3742376.15534414
2325,,64.9,13.394241,0.0,74.372831,0.0,13.394241,13.394241,0.0,0.0,0.0,0.0,0.0,0.0,Optimal,3567.354144099998,3742376.15534414
2326,,46.6,0.0,0.0,74.372831,0.0,0.0,0.0,0.0,0.0,0.0,0.0,0.0,0.0,Optimal,3567.354144099998,3742376.15534414
2327,,30.0,0.0,0.0,74.372831,0.0,0.0,0.0,0.0,0.0,0.0,0.0,0.0,0.0,Optimal,3567.354144099998,3742376.15534414
2328,,10.24,0.0,0.0,74.372831,0.0,0.0,0.0,0.0,0.0,0.0,0.0,0.0,0.0,Optimal,3567.354144099998,3742376.15534414
2329,,0.09,0.0,0.0,74.372831,0.0,0.0,0.0,0.0,0.0,0.0,0.0,0.0,0.0,Optimal,3567.354144099998,3742376.15534414
2330,,0.0,0.0,25.296,48.022831,25.296,0.0,-25.296,0.0,0.0,0.0,0.0,0.0,0.0,Optimal,3567.354144099998,3742376.15534414
2331,,0.0,0.0,30.0,16.772831,30.0,0.0,-30.0,0.0,0.0,0.0,0.0,0.0,0.0,Optimal,3567.354144099998,3742376.15534414
2332,,0.0,0.0,0.0,16.772831,0.0,0.0,0.0,0.0,0.0,0.0,0.0,0.0,0.0,Optimal,3567.354144099998,3742376.15534414
2333,,0.0,0.0,0.0,16.772831,0.0,0.0,0.0,0.0,0.0,0.0,0.0,0.0,0.0,Optimal,3567.354144099998,3742376.15534414
2334,,0.0,30.0,0.0,45.572831,0.0,30.0,30.0,0.0,0.0,0.0,0.0,0.0,0.0,Optimal,3567.354144099998,3742376.15534414
2335,,0.0,0.0,0.0,45.572831,0.0,0.0,0.0,0.0,0.0,0.0,0.0,0.0,0.0,Optimal,3567.354144099998,3742376.15534414
2336,,0.0,30.0,0.0,74.372831,0.0,30.0,30.0,0.0,0.0,0.0,0.0,0.0,0.0,Optimal,3567.354144099998,3742376.15534414
2337,,-0.01,0.0,0.0,74.372831,0.0,0.0,0.0,0.0,0.0,0.0,0.0,0.0,0.0,Optimal,3567.354144099998,3742376.15534414
2338,,-10.01,0.0,0.0,74.372831,0.0,0.0,0.0,0.0,0.0,0.0,0.0,0.0,0.0,Optimal,3567.354144099998,3742376.15534414
2339,,-21.0,0.0,0.0,74.372831,0.0,0.0,0.0,0.0,0.0,0.0,0.0,0.0,0.0,Optimal,3567.354144099998,3742376.15534414
2340,,-34.91,0.0,7.6401325,66.41436,7.6401325,0.0,-7.6401325,0.0,0.0,0.0,0.0,0.0,0.0,Optimal,3567.354144099998,3742376.15534414
2341,,-50.0,0.0,30.0,35.16436,30.0,0.0,-30.0,0.0,0.0,0.0,0.0,0.0,0.0,Optimal,3567.354144099998,3742376.15534414
2342,,-49.0,0.0,30.0,3.9143595,30.0,0.0,-30.0,0.0,0.0,0.0,0.0,0.0,0.0,Optimal,3567.354144099998,3742376.15534414
2343,,-20.0,0.0,0.0,3.9143595,0.0,0.0,0.0,0.0,0.0,0.0,0.0,0.0,0.0,Optimal,3567.354144099998,3742376.15534414
2344,,-0.16,0.0,0.0,3.9143595,0.0,0.0,0.0,0.0,0.0,0.0,0.0,0.0,0.0,Optimal,3567.354144099998,3742376.15534414
2345,,4.28,0.0,0.0,3.9143595,0.0,0.0,0.0,0.0,0.0,0.0,0.0,0.0,0.0,Optimal,3567.354144099998,3742376.15534414
2346,,51.32,0.0,0.0,3.9143595,0.0,0.0,0.0,0.0,0.0,0.0,0.0,0.0,0.0,Optimal,3567.354144099998,3742376.15534414
2347,,84.0,30.0,0.0,32.71436,0.0,30.0,30.0,0.0,0.0,0.0,0.0,0.0,0.0,Optimal,3567.354144099998,3742376.15534414
2348,,90.93,30.0,0.0,61.51436,0.0,30.0,30.0,0.0,0.0,0.0,0.0,0.0,0.0,Optimal,3567.354144099998,3742376.15534414
2349,,80.1,13.394241,0.0,74.372831,0.0,13.394241,13.394241,0.0,0.0,0.0,0.0,0.0,0.0,Optimal,3567.354144099998,3742376.15534414
2350,,75.31,0.0,0.0,74.372831,0.0,0.0,0.0,0.0,0.0,0.0,0.0,0.0,0.0,Optimal,3567.354144099998,3742376.15534414
2351,,69.68,0.0,27.648,45.572831,27.648,0.0,-27.648,0.0,0.0,0.0,0.0,0.0,0.0,Optimal,3567.354144099998,3742376.15534414
2352,,70.1,30.0,0.0,74.372831,0.0,30.0,30.0,0.0,0.0,0.0,0.0,0.0,0.0,Optimal,3567.354144099998,3742376.15534414
2353,,64.53,0.0,30.0,43.122831,30.0,0.0,-30.0,0.0,0.0,0.0,0.0,0.0,0.0,Optimal,3567.354144099998,3742376.15534414
2354,,63.91,0.0,30.0,11.872831,30.0,0.0,-30.0,0.0,0.0,0.0,0.0,0.0,0.0,Optimal,3567.354144099998,3742376.15534414
2355,,66.06,30.0,0.0,40.672831,0.0,30.0,30.0,0.0,0.0,0.0,0.0,0.0,0.0,Optimal,3567.354144099998,3742376.15534414
2356,,66.49,0.0,30.0,9.4228309,30.0,0.0,-30.0,0.0,0.0,0.0,0.0,0.0,0.0,Optimal,3567.354144099998,3742376.15534414
2357,,69.48,0.0,5.2881325,3.9143595,5.2881325,0.0,-5.2881325,0.0,0.0,0.0,0.0,0.0,0.0,Optimal,3567.354144099998,3742376.15534414
2358,,93.19,13.394241,0.0,16.772831,0.0,13.394241,13.394241,0.0,0.0,0.0,0.0,0.0,0.0,Optimal,3567.354144099998,3742376.15534414
2359,,149.78,30.0,0.0,45.572831,0.0,30.0,30.0,0.0,0.0,0.0,0.0,0.0,0.0,Optimal,3567.354144099998,3742376.15534414
2360,,128.52,30.0,0.0,74.372831,0.0,30.0,30.0,0.0,0.0,0.0,0.0,0.0,0.0,Optimal,3567.354144099998,3742376.15534414
2361,,85.51,0.0,0.0,74.372831,0.0,0.0,0.0,0.0,0.0,0.0,0.0,0.0,0.0,Optimal,3567.354144099998,3742376.15534414
2362,,69.89,0.0,0.0,74.372831,0.0,0.0,0.0,0.0,0.0,0.0,0.0,0.0,0.0,Optimal,3567.354144099998,3742376.15534414
2363,,67.1,0.0,27.648,45.572831,27.648,0.0,-27.648,0.0,0.0,0.0,0.0,0.0,0.0,Optimal,3567.354144099998,3742376.15534414
2364,,64.7,30.0,0.0,74.372831,0.0,30.0,30.0,0.0,0.0,0.0,0.0,0.0,0.0,Optimal,3567.354144099998,3742376.15534414
2365,,60.0,0.0,30.0,43.122831,30.0,0.0,-30.0,0.0,0.0,0.0,0.0,0.0,0.0,Optimal,3567.354144099998,3742376.15534414
2366,,57.89,0.0,30.0,11.872831,30.0,0.0,-30.0,0.0,0.0,0.0,0.0,0.0,0.0,Optimal,3567.354144099998,3742376.15534414
2367,,63.4,0.0,7.6401325,3.9143595,7.6401325,0.0,-7.6401325,0.0,0.0,0.0,0.0,0.0,0.0,Optimal,3567.354144099998,3742376.15534414
2368,,70.0,30.0,0.0,32.71436,0.0,30.0,30.0,0.0,0.0,0.0,0.0,0.0,0.0,Optimal,3567.354144099998,3742376.15534414
2369,,75.01,0.0,27.648,3.9143595,27.648,0.0,-27.648,0.0,0.0,0.0,0.0,0.0,0.0,Optimal,3567.354144099998,3742376.15534414
2370,,104.9,13.394241,0.0,16.772831,0.0,13.394241,13.394241,0.0,0.0,0.0,0.0,0.0,0.0,Optimal,3567.354144099998,3742376.15534414
2371,,137.3,30.0,0.0,45.572831,0.0,30.0,30.0,0.0,0.0,0.0,0.0,0.0,0.0,Optimal,3567.354144099998,3742376.15534414
2372,,124.8,30.0,0.0,74.372831,0.0,30.0,30.0,0.0,0.0,0.0,0.0,0.0,0.0,Optimal,3567.354144099998,3742376.15534414
2373,,84.85,0.0,0.0,74.372831,0.0,0.0,0.0,0.0,0.0,0.0,0.0,0.0,0.0,Optimal,3567.354144099998,3742376.15534414
2374,,77.0,0.0,0.0,74.372831,0.0,0.0,0.0,0.0,0.0,0.0,0.0,0.0,0.0,Optimal,3567.354144099998,3742376.15534414
2375,,75.56,0.0,27.648,45.572831,27.648,0.0,-27.648,0.0,0.0,0.0,0.0,0.0,0.0,Optimal,3567.354144099998,3742376.15534414
2376,,83.31,30.0,0.0,74.372831,0.0,30.0,30.0,0.0,0.0,0.0,0.0,0.0,0.0,Optimal,3567.354144099998,3742376.15534414
2377,,69.39,0.0,27.648,45.572831,27.648,0.0,-27.648,0.0,0.0,0.0,0.0,0.0,0.0,Optimal,3567.354144099998,3742376.15534414
2378,,64.73,30.0,0.0,74.372831,0.0,30.0,30.0,0.0,0.0,0.0,0.0,0.0,0.0,Optimal,3567.354144099998,3742376.15534414
2379,,59.02,0.0,30.0,43.122831,30.0,0.0,-30.0,0.0,0.0,0.0,0.0,0.0,0.0,Optimal,3567.354144099998,3742376.15534414
2380,,60.84,0.0,30.0,11.872831,30.0,0.0,-30.0,0.0,0.0,0.0,0.0,0.0,0.0,Optimal,3567.354144099998,3742376.15534414
2381,,65.48,0.0,7.6401325,3.9143595,7.6401325,0.0,-7.6401325,0.0,0.0,0.0,0.0,0.0,0.0,Optimal,3567.354144099998,3742376.15534414
2382,,77.2,13.394241,0.0,16.772831,0.0,13.394241,13.394241,0.0,0.0,0.0,0.0,0.0,0.0,Optimal,3567.354144099998,3742376.15534414
2383,,89.95,30.0,0.0,45.572831,0.0,30.0,30.0,0.0,0.0,0.0,0.0,0.0,0.0,Optimal,3567.354144099998,3742376.15534414
2384,,79.78,30.0,0.0,74.372831,0.0,30.0,30.0,0.0,0.0,0.0,0.0,0.0,0.0,Optimal,3567.354144099998,3742376.15534414
2385,,68.3,0.0,0.0,74.372831,0.0,0.0,0.0,0.0,0.0,0.0,0.0,0.0,0.0,Optimal,3567.354144099998,3742376.15534414
2386,,50.5,0.0,0.0,74.372831,0.0,0.0,0.0,0.0,0.0,0.0,0.0,0.0,0.0,Optimal,3567.354144099998,3742376.15534414
2387,,42.87,0.0,0.0,74.372831,0.0,0.0,0.0,0.0,0.0,0.0,0.0,0.0,0.0,Optimal,3567.354144099998,3742376.15534414
2388,,32.78,0.0,0.0,74.372831,0.0,0.0,0.0,0.0,0.0,0.0,0.0,0.0,0.0,Optimal,3567.354144099998,3742376.15534414
2389,,7.1,0.0,30.0,43.122831,30.0,0.0,-30.0,0.0,0.0,0.0,0.0,0.0,0.0,Optimal,3567.354144099998,3742376.15534414
2390,,7.56,0.0,7.6401325,35.16436,7.6401325,0.0,-7.6401325,0.0,0.0,0.0,0.0,0.0,0.0,Optimal,3567.354144099998,3742376.15534414
2391,,0.0,0.0,30.0,3.9143595,30.0,0.0,-30.0,0.0,0.0,0.0,0.0,0.0,0.0,Optimal,3567.354144099998,3742376.15534414
2392,,13.2,0.0,0.0,3.9143595,0.0,0.0,0.0,0.0,0.0,0.0,0.0,0.0,0.0,Optimal,3567.354144099998,3742376.15534414
2393,,40.72,0.0,0.0,3.9143595,0.0,0.0,0.0,0.0,0.0,0.0,0.0,0.0,0.0,Optimal,3567.354144099998,3742376.15534414
2394,,61.6,0.0,0.0,3.9143595,0.0,0.0,0.0,0.0,0.0,0.0,0.0,0.0,0.0,Optimal,3567.354144099998,3742376.15534414
2395,,73.51,30.0,0.0,32.71436,0.0,30.0,30.0,0.0,0.0,0.0,0.0,0.0,0.0,Optimal,3567.354144099998,3742376.15534414
2396,,79.92,30.0,0.0,61.51436,0.0,30.0,30.0,0.0,0.0,0.0,0.0,0.0,0.0,Optimal,3567.354144099998,3742376.15534414
2397,,66.64,13.394241,0.0,74.372831,0.0,13.394241,13.394241,0.0,0.0,0.0,0.0,0.0,0.0,Optimal,3567.354144099998,3742376.15534414
2398,,59.52,0.0,0.0,74.372831,0.0,0.0,0.0,0.0,0.0,0.0,0.0,0.0,0.0,Optimal,3567.354144099998,3742376.15534414
2399,,34.54,0.0,0.0,74.372831,0.0,0.0,0.0,0.0,0.0,0.0,0.0,0.0,0.0,Optimal,3567.354144099998,3742376.15534414
2400,,12.9,0.0,0.0,74.372831,0.0,0.0,0.0,0.0,0.0,0.0,0.0,0.0,0.0,Optimal,3567.354144099998,3742376.15534414
2401,,5.1,0.0,30.0,43.122831,30.0,0.0,-30.0,0.0,0.0,0.0,0.0,0.0,0.0,Optimal,3567.354144099998,3742376.15534414
2402,,5.0,0.0,30.0,11.872831,30.0,0.0,-30.0,0.0,0.0,0.0,0.0,0.0,0.0,Optimal,3567.354144099998,3742376.15534414
2403,,8.99,0.0,7.6401325,3.9143595,7.6401325,0.0,-7.6401325,0.0,0.0,0.0,0.0,0.0,0.0,Optimal,3567.354144099998,3742376.15534414
2404,,24.7,0.0,0.0,3.9143595,0.0,0.0,0.0,0.0,0.0,0.0,0.0,0.0,0.0,Optimal,3567.354144099998,3742376.15534414
2405,,48.8,0.0,0.0,3.9143595,0.0,0.0,0.0,0.0,0.0,0.0,0.0,0.0,0.0,Optimal,3567.354144099998,3742376.15534414
2406,,74.75,0.0,0.0,3.9143595,0.0,0.0,0.0,0.0,0.0,0.0,0.0,0.0,0.0,Optimal,3567.354144099998,3742376.15534414
2407,,99.63,30.0,0.0,32.71436,0.0,30.0,30.0,0.0,0.0,0.0,0.0,0.0,0.0,Optimal,3567.354144099998,3742376.15534414
2408,,106.7,30.0,0.0,61.51436,0.0,30.0,30.0,0.0,0.0,0.0,0.0,0.0,0.0,Optimal,3567.354144099998,3742376.15534414
2409,,80.46,13.394241,0.0,74.372831,0.0,13.394241,13.394241,0.0,0.0,0.0,0.0,0.0,0.0,Optimal,3567.354144099998,3742376.15534414
2410,,67.64,0.0,0.0,74.372831,0.0,0.0,0.0,0.0,0.0,0.0,0.0,0.0,0.0,Optimal,3567.354144099998,3742376.15534414
2411,,52.99,0.0,0.0,74.372831,0.0,0.0,0.0,0.0,0.0,0.0,0.0,0.0,0.0,Optimal,3567.354144099998,3742376.15534414
2412,,19.21,0.0,0.0,74.372831,0.0,0.0,0.0,0.0,0.0,0.0,0.0,0.0,0.0,Optimal,3567.354144099998,3742376.15534414
2413,,8.93,0.0,7.6401325,66.41436,7.6401325,0.0,-7.6401325,0.0,0.0,0.0,0.0,0.0,0.0,Optimal,3567.354144099998,3742376.15534414
2414,,0.0,0.0,30.0,35.16436,30.0,0.0,-30.0,0.0,0.0,0.0,0.0,0.0,0.0,Optimal,3567.354144099998,3742376.15534414
2415,,-0.1,0.0,30.0,3.9143595,30.0,0.0,-30.0,0.0,0.0,0.0,0.0,0.0,0.0,Optimal,3567.354144099998,3742376.15534414
2416,,22.0,0.0,0.0,3.9143595,0.0,0.0,0.0,0.0,0.0,0.0,0.0,0.0,0.0,Optimal,3567.354144099998,3742376.15534414
2417,,64.9,0.0,0.0,3.9143595,0.0,0.0,0.0,0.0,0.0,0.0,0.0,0.0,0.0,Optimal,3567.354144099998,3742376.15534414
2418,,82.65,0.0,0.0,3.9143595,0.0,0.0,0.0,0.0,0.0,0.0,0.0,0.0,0.0,Optimal,3567.354144099998,3742376.15534414
2419,,145.46,30.0,0.0,32.71436,0.0,30.0,30.0,0.0,0.0,0.0,0.0,0.0,0.0,Optimal,3567.354144099998,3742376.15534414
2420,,141.1,30.0,0.0,61.51436,0.0,30.0,30.0,0.0,0.0,0.0,0.0,0.0,0.0,Optimal,3567.354144099998,3742376.15534414
2421,,88.28,13.394241,0.0,74.372831,0.0,13.394241,13.394241,0.0,0.0,0.0,0.0,0.0,0.0,Optimal,3567.354144099998,3742376.15534414
2422,,72.35,0.0,0.0,74.372831,0.0,0.0,0.0,0.0,0.0,0.0,0.0,0.0,0.0,Optimal,3567.354144099998,3742376.15534414
2423,,65.1,0.0,0.0,74.372831,0.0,0.0,0.0,0.0,0.0,0.0,0.0,0.0,0.0,Optimal,3567.354144099998,3742376.15534414
2424,,48.59,0.0,0.0,74.372831,0.0,0.0,0.0,0.0,0.0,0.0,0.0,0.0,0.0,Optimal,3567.354144099998,3742376.15534414
2425,,26.67,0.0,0.0,74.372831,0.0,0.0,0.0,0.0,0.0,0.0,0.0,0.0,0.0,Optimal,3567.354144099998,3742376.15534414
2426,,23.68,0.0,7.6401325,66.41436,7.6401325,0.0,-7.6401325,0.0,0.0,0.0,0.0,0.0,0.0,Optimal,3567.354144099998,3742376.15534414
2427,,9.99,0.0,30.0,35.16436,30.0,0.0,-30.0,0.0,0.0,0.0,0.0,0.0,0.0,Optimal,3567.354144099998,3742376.15534414
2428,,7.98,0.0,30.0,3.9143595,30.0,0.0,-30.0,0.0,0.0,0.0,0.0,0.0,0.0,Optimal,3567.354144099998,3742376.15534414
2429,,28.38,0.0,0.0,3.9143595,0.0,0.0,0.0,0.0,0.0,0.0,0.0,0.0,0.0,Optimal,3567.354144099998,3742376.15534414
2430,,66.11,2.5520833,0.0,6.3643595,0.0,2.5520833,2.5520833,0.0,0.0,0.0,0.0,0.0,0.0,Optimal,3567.354144099998,3742376.15534414
2431,,68.23,30.0,0.0,35.16436,0.0,30.0,30.0,0.0,0.0,0.0,0.0,0.0,0.0,Optimal,3567.354144099998,3742376.15534414
2432,,52.2,0.0,30.0,3.9143595,30.0,0.0,-30.0,0.0,0.0,0.0,0.0,0.0,0.0,Optimal,3567.354144099998,3742376.15534414
2433,,71.0,5.1041667,0.0,8.8143595,0.0,5.1041667,5.1041667,0.0,0.0,0.0,0.0,0.0,0.0,Optimal,3567.354144099998,3742376.15534414
2434,,71.5,30.0,0.0,37.61436,0.0,30.0,30.0,0.0,0.0,0.0,0.0,0.0,0.0,Optimal,3567.354144099998,3742376.15534414
2435,,70.0,0.0,30.0,6.3643595,30.0,0.0,-30.0,0.0,0.0,0.0,0.0,0.0,0.0,Optimal,3567.354144099998,3742376.15534414
2436,,74.9,30.0,0.0,35.16436,0.0,30.0,30.0,0.0,0.0,0.0,0.0,0.0,0.0,Optimal,3567.354144099998,3742376.15534414
2437,,74.0,0.0,30.0,3.9143595,30.0,0.0,-30.0,0.0,0.0,0.0,0.0,0.0,0.0,Optimal,3567.354144099998,3742376.15534414
2438,,85.05,30.0,0.0,32.71436,0.0,30.0,30.0,0.0,0.0,0.0,0.0,0.0,0.0,Optimal,3567.354144099998,3742376.15534414
2439,,77.6,2.5520833,0.0,35.16436,0.0,2.5520833,2.5520833,0.0,0.0,0.0,0.0,0.0,0.0,Optimal,3567.354144099998,3742376.15534414
2440,,69.0,0.0,30.0,3.9143595,30.0,0.0,-30.0,0.0,0.0,0.0,0.0,0.0,0.0,Optimal,3567.354144099998,3742376.15534414
2441,,86.05,0.0,0.0,3.9143595,0.0,0.0,0.0,0.0,0.0,0.0,0.0,0.0,0.0,Optimal,3567.354144099998,3742376.15534414
2442,,100.7,13.394241,0.0,16.772831,0.0,13.394241,13.394241,0.0,0.0,0.0,0.0,0.0,0.0,Optimal,3567.354144099998,3742376.15534414
2443,,134.36,30.0,0.0,45.572831,0.0,30.0,30.0,0.0,0.0,0.0,0.0,0.0,0.0,Optimal,3567.354144099998,3742376.15534414
2444,,119.8,30.0,0.0,74.372831,0.0,30.0,30.0,0.0,0.0,0.0,0.0,0.0,0.0,Optimal,3567.354144099998,3742376.15534414
2445,,91.05,0.0,0.0,74.372831,0.0,0.0,0.0,0.0,0.0,0.0,0.0,0.0,0.0,Optimal,3567.354144099998,3742376.15534414
2446,,79.21,0.0,0.0,74.372831,0.0,0.0,0.0,0.0,0.0,0.0,0.0,0.0,0.0,Optimal,3567.354144099998,3742376.15534414
2447,,75.75,0.0,27.648,45.572831,27.648,0.0,-27.648,0.0,0.0,0.0,0.0,0.0,0.0,Optimal,3567.354144099998,3742376.15534414
2448,,74.5,30.0,0.0,74.372831,0.0,30.0,30.0,0.0,0.0,0.0,0.0,0.0,0.0,Optimal,3567.354144099998,3742376.15534414
2449,,70.35,0.0,27.648,45.572831,27.648,0.0,-27.648,0.0,0.0,0.0,0.0,0.0,0.0,Optimal,3567.354144099998,3742376.15534414
2450,,65.5,30.0,0.0,74.372831,0.0,30.0,30.0,0.0,0.0,0.0,0.0,0.0,0.0,Optimal,3567.354144099998,3742376.15534414
2451,,59.02,0.0,30.0,43.122831,30.0,0.0,-30.0,0.0,0.0,0.0,0.0,0.0,0.0,Optimal,3567.354144099998,3742376.15534414
2452,,59.49,0.0,30.0,11.872831,30.0,0.0,-30.0,0.0,0.0,0.0,0.0,0.0,0.0,Optimal,3567.354144099998,3742376.15534414
2453,,64.01,0.0,7.6401325,3.9143595,7.6401325,0.0,-7.6401325,0.0,0.0,0.0,0.0,0.0,0.0,Optimal,3567.354144099998,3742376.15534414
2454,,75.96,0.0,0.0,3.9143595,0.0,0.0,0.0,0.0,0.0,0.0,0.0,0.0,0.0,Optimal,3567.354144099998,3742376.15534414
2455,,91.01,30.0,0.0,32.71436,0.0,30.0,30.0,0.0,0.0,0.0,0.0,0.0,0.0,Optimal,3567.354144099998,3742376.15534414
2456,,86.0,30.0,0.0,61.51436,0.0,30.0,30.0,0.0,0.0,0.0,0.0,0.0,0.0,Optimal,3567.354144099998,3742376.15534414
2457,,76.4,13.394241,0.0,74.372831,0.0,13.394241,13.394241,0.0,0.0,0.0,0.0,0.0,0.0,Optimal,3567.354144099998,3742376.15534414
2458,,42.16,0.0,0.0,74.372831,0.0,0.0,0.0,0.0,0.0,0.0,0.0,0.0,0.0,Optimal,3567.354144099998,3742376.15534414
2459,,18.84,0.0,0.0,74.372831,0.0,0.0,0.0,0.0,0.0,0.0,0.0,0.0,0.0,Optimal,3567.354144099998,3742376.15534414
2460,,0.0,0.0,0.0,74.372831,0.0,0.0,0.0,0.0,0.0,0.0,0.0,0.0,0.0,Optimal,3567.354144099998,3742376.15534414
2461,,-0.1,0.0,7.6401325,66.41436,7.6401325,0.0,-7.6401325,0.0,0.0,0.0,0.0,0.0,0.0,Optimal,3567.354144099998,3742376.15534414
2462,,-10.02,0.0,30.0,35.16436,30.0,0.0,-30.0,0.0,0.0,0.0,0.0,0.0,0.0,Optimal,3567.354144099998,3742376.15534414
2463,,-5.03,0.0,30.0,3.9143595,30.0,0.0,-30.0,0.0,0.0,0.0,0.0,0.0,0.0,Optimal,3567.354144099998,3742376.15534414
2464,,0.0,0.0,0.0,3.9143595,0.0,0.0,0.0,0.0,0.0,0.0,0.0,0.0,0.0,Optimal,3567.354144099998,3742376.15534414
2465,,50.35,0.0,0.0,3.9143595,0.0,0.0,0.0,0.0,0.0,0.0,0.0,0.0,0.0,Optimal,3567.354144099998,3742376.15534414
2466,,73.12,0.0,0.0,3.9143595,0.0,0.0,0.0,0.0,0.0,0.0,0.0,0.0,0.0,Optimal,3567.354144099998,3742376.15534414
2467,,104.95,30.0,0.0,32.71436,0.0,30.0,30.0,0.0,0.0,0.0,0.0,0.0,0.0,Optimal,3567.354144099998,3742376.15534414
2468,,112.9,30.0,0.0,61.51436,0.0,30.0,30.0,0.0,0.0,0.0,0.0,0.0,0.0,Optimal,3567.354144099998,3742376.15534414
2469,,80.34,13.394241,0.0,74.372831,0.0,13.394241,13.394241,0.0,0.0,0.0,0.0,0.0,0.0,Optimal,3567.354144099998,3742376.15534414
2470,,72.73,0.0,0.0,74.372831,0.0,0.0,0.0,0.0,0.0,0.0,0.0,0.0,0.0,Optimal,3567.354144099998,3742376.15534414
2471,,62.6,0.0,0.0,74.372831,0.0,0.0,0.0,0.0,0.0,0.0,0.0,0.0,0.0,Optimal,3567.354144099998,3742376.15534414
2472,,54.56,0.0,0.0,74.372831,0.0,0.0,0.0,0.0,0.0,0.0,0.0,0.0,0.0,Optimal,3567.354144099998,3742376.15534414
2473,,44.15,0.0,0.0,74.372831,0.0,0.0,0.0,0.0,0.0,0.0,0.0,0.0,0.0,Optimal,3567.354144099998,3742376.15534414
2474,,23.27,0.0,7.6401325,66.41436,7.6401325,0.0,-7.6401325,0.0,0.0,0.0,0.0,0.0,0.0,Optimal,3567.354144099998,3742376.15534414
2475,,18.11,0.0,30.0,35.16436,30.0,0.0,-30.0,0.0,0.0,0.0,0.0,0.0,0.0,Optimal,3567.354144099998,3742376.15534414
2476,,18.04,0.0,30.0,3.9143595,30.0,0.0,-30.0,0.0,0.0,0.0,0.0,0.0,0.0,Optimal,3567.354144099998,3742376.15534414
2477,,24.08,13.394241,0.0,16.772831,0.0,13.394241,13.394241,0.0,0.0,0.0,0.0,0.0,0.0,Optimal,3567.354144099998,3742376.15534414
2478,,28.75,30.0,0.0,45.572831,0.0,30.0,30.0,0.0,0.0,0.0,0.0,0.0,0.0,Optimal,3567.354144099998,3742376.15534414
2479,,33.73,30.0,0.0,74.372831,0.0,30.0,30.0,0.0,0.0,0.0,0.0,0.0,0.0,Optimal,3567.354144099998,3742376.15534414
2480,,22.6,0.0,0.0,74.372831,0.0,0.0,0.0,0.0,0.0,0.0,0.0,0.0,0.0,Optimal,3567.354144099998,3742376.15534414
2481,,8.8,0.0,0.0,74.372831,0.0,0.0,0.0,0.0,0.0,0.0,0.0,0.0,0.0,Optimal,3567.354144099998,3742376.15534414
2482,,-0.02,0.0,0.0,74.372831,0.0,0.0,0.0,0.0,0.0,0.0,0.0,0.0,0.0,Optimal,3567.354144099998,3742376.15534414
2483,,-10.16,0.0,0.0,74.372831,0.0,0.0,0.0,0.0,0.0,0.0,0.0,0.0,0.0,Optimal,3567.354144099998,3742376.15534414
2484,,-31.66,0.0,0.0,74.372831,0.0,0.0,0.0,0.0,0.0,0.0,0.0,0.0,0.0,Optimal,3567.354144099998,3742376.15534414
2485,,-50.0,0.0,30.0,43.122831,30.0,0.0,-30.0,0.0,0.0,0.0,0.0,0.0,0.0,Optimal,3567.354144099998,3742376.15534414
2486,,-55.01,0.0,30.0,11.872831,30.0,0.0,-30.0,0.0,0.0,0.0,0.0,0.0,0.0,Optimal,3567.354144099998,3742376.15534414
2487,,-49.91,0.0,7.6401325,3.9143595,7.6401325,0.0,-7.6401325,0.0,0.0,0.0,0.0,0.0,0.0,Optimal,3567.354144099998,3742376.15534414
2488,,-19.14,0.0,0.0,3.9143595,0.0,0.0,0.0,0.0,0.0,0.0,0.0,0.0,0.0,Optimal,3567.354144099998,3742376.15534414
2489,,-0.15,0.0,0.0,3.9143595,0.0,0.0,0.0,0.0,0.0,0.0,0.0,0.0,0.0,Optimal,3567.354144099998,3742376.15534414
2490,,33.37,0.0,0.0,3.9143595,0.0,0.0,0.0,0.0,0.0,0.0,0.0,0.0,0.0,Optimal,3567.354144099998,3742376.15534414
2491,,50.1,30.0,0.0,32.71436,0.0,30.0,30.0,0.0,0.0,0.0,0.0,0.0,0.0,Optimal,3567.354144099998,3742376.15534414
2492,,58.83,30.0,0.0,61.51436,0.0,30.0,30.0,0.0,0.0,0.0,0.0,0.0,0.0,Optimal,3567.354144099998,3742376.15534414
2493,,37.54,13.394241,0.0,74.372831,0.0,13.394241,13.394241,0.0,0.0,0.0,0.0,0.0,0.0,Optimal,3567.354144099998,3742376.15534414
2494,,20.34,0.0,0.0,74.372831,0.0,0.0,0.0,0.0,0.0,0.0,0.0,0.0,0.0,Optimal,3567.354144099998,3742376.15534414
2495,,7.5,0.0,0.0,74.372831,0.0,0.0,0.0,0.0,0.0,0.0,0.0,0.0,0.0,Optimal,3567.354144099998,3742376.15534414
2496,,0.44,0.0,30.0,43.122831,30.0,0.0,-30.0,0.0,0.0,0.0,0.0,0.0,0.0,Optimal,3567.354144099998,3742376.15534414
2497,,1.1,0.0,7.6401325,35.16436,7.6401325,0.0,-7.6401325,0.0,0.0,0.0,0.0,0.0,0.0,Optimal,3567.354144099998,3742376.15534414
2498,,0.94,0.0,30.0,3.9143595,30.0,0.0,-30.0,0.0,0.0,0.0,0.0,0.0,0.0,Optimal,3567.354144099998,3742376.15534414
2499,,1.26,0.0,0.0,3.9143595,0.0,0.0,0.0,0.0,0.0,0.0,0.0,0.0,0.0,Optimal,3567.354144099998,3742376.15534414
2500,,2.6,0.0,0.0,3.9143595,0.0,0.0,0.0,0.0,0.0,0.0,0.0,0.0,0.0,Optimal,3567.354144099998,3742376.15534414
2501,,6.0,0.0,0.0,3.9143595,0.0,0.0,0.0,0.0,0.0,0.0,0.0,0.0,0.0,Optimal,3567.354144099998,3742376.15534414
2502,,12.86,30.0,0.0,32.71436,0.0,30.0,30.0,0.0,0.0,0.0,0.0,0.0,0.0,Optimal,3567.354144099998,3742376.15534414
2503,,13.0,30.0,0.0,61.51436,0.0,30.0,30.0,0.0,0.0,0.0,0.0,0.0,0.0,Optimal,3567.354144099998,3742376.15534414
2504,,8.21,13.394241,0.0,74.372831,0.0,13.394241,13.394241,0.0,0.0,0.0,0.0,0.0,0.0,Optimal,3567.354144099998,3742376.15534414
2505,,0.0,0.0,0.0,74.372831,0.0,0.0,0.0,0.0,0.0,0.0,0.0,0.0,0.0,Optimal,3567.354144099998,3742376.15534414
2506,,-2.68,0.0,0.0,74.372831,0.0,0.0,0.0,0.0,0.0,0.0,0.0,0.0,0.0,Optimal,3567.354144099998,3742376.15534414
2507,,-12.97,0.0,0.0,74.372831,0.0,0.0,0.0,0.0,0.0,0.0,0.0,0.0,0.0,Optimal,3567.354144099998,3742376.15534414
2508,,-42.23,0.0,7.6401325,66.41436,7.6401325,0.0,-7.6401325,0.0,0.0,0.0,0.0,0.0,0.0,Optimal,3567.354144099998,3742376.15534414
2509,,-60.05,0.0,30.0,35.16436,30.0,0.0,-30.0,0.0,0.0,0.0,0.0,0.0,0.0,Optimal,3567.354144099998,3742376.15534414
2510,,-60.01,0.0,30.0,3.9143595,30.0,0.0,-30.0,0.0,0.0,0.0,0.0,0.0,0.0,Optimal,3567.354144099998,3742376.15534414
2511,,-40.05,0.0,0.0,3.9143595,0.0,0.0,0.0,0.0,0.0,0.0,0.0,0.0,0.0,Optimal,3567.354144099998,3742376.15534414
2512,,-6.25,0.0,0.0,3.9143595,0.0,0.0,0.0,0.0,0.0,0.0,0.0,0.0,0.0,Optimal,3567.354144099998,3742376.15534414
2513,,1.57,0.0,0.0,3.9143595,0.0,0.0,0.0,0.0,0.0,0.0,0.0,0.0,0.0,Optimal,3567.354144099998,3742376.15534414
2514,,79.7,0.0,0.0,3.9143595,0.0,0.0,0.0,0.0,0.0,0.0,0.0,0.0,0.0,Optimal,3567.354144099998,3742376.15534414
2515,,102.3,13.394241,0.0,16.772831,0.0,13.394241,13.394241,0.0,0.0,0.0,0.0,0.0,0.0,Optimal,3567.354144099998,3742376.15534414
2516,,133.65,30.0,0.0,45.572831,0.0,30.0,30.0,0.0,0.0,0.0,0.0,0.0,0.0,Optimal,3567.354144099998,3742376.15534414
2517,,124.48,30.0,0.0,74.372831,0.0,30.0,30.0,0.0,0.0,0.0,0.0,0.0,0.0,Optimal,3567.354144099998,3742376.15534414
2518,,97.16,0.0,0.0,74.372831,0.0,0.0,0.0,0.0,0.0,0.0,0.0,0.0,0.0,Optimal,3567.354144099998,3742376.15534414
2519,,79.69,0.0,27.648,45.572831,27.648,0.0,-27.648,0.0,0.0,0.0,0.0,0.0,0.0,Optimal,3567.354144099998,3742376.15534414
2520,,81.96,30.0,0.0,74.372831,0.0,30.0,30.0,0.0,0.0,0.0,0.0,0.0,0.0,Optimal,3567.354144099998,3742376.15534414
2521,,74.9,0.0,30.0,43.122831,30.0,0.0,-30.0,0.0,0.0,0.0,0.0,0.0,0.0,Optimal,3567.354144099998,3742376.15534414
2522,,70.55,24.262009,0.0,66.41436,0.0,24.262009,24.262009,0.0,0.0,0.0,0.0,0.0,0.0,Optimal,3567.354144099998,3742376.15534414
2523,,70.54,0.0,30.0,35.16436,30.0,0.0,-30.0,0.0,0.0,0.0,0.0,0.0,0.0,Optimal,3567.354144099998,3742376.15534414
2524,,68.3,0.0,30.0,3.9143595,30.0,0.0,-30.0,0.0,0.0,0.0,0.0,0.0,0.0,Optimal,3567.354144099998,3742376.15534414
2525,,78.88,0.0,0.0,3.9143595,0.0,0.0,0.0,0.0,0.0,0.0,0.0,0.0,0.0,Optimal,3567.354144099998,3742376.15534414
2526,,98.75,13.394241,0.0,16.772831,0.0,13.394241,13.394241,0.0,0.0,0.0,0.0,0.0,0.0,Optimal,3567.354144099998,3742376.15534414
2527,,148.0,30.0,0.0,45.572831,0.0,30.0,30.0,0.0,0.0,0.0,0.0,0.0,0.0,Optimal,3567.354144099998,3742376.15534414
2528,,108.27,30.0,0.0,74.372831,0.0,30.0,30.0,0.0,0.0,0.0,0.0,0.0,0.0,Optimal,3567.354144099998,3742376.15534414
2529,,62.6,0.0,0.0,74.372831,0.0,0.0,0.0,0.0,0.0,0.0,0.0,0.0,0.0,Optimal,3567.354144099998,3742376.15534414
2530,,48.0,0.0,27.648,45.572831,27.648,0.0,-27.648,0.0,0.0,0.0,0.0,0.0,0.0,Optimal,3567.354144099998,3742376.15534414
2531,,48.77,30.0,0.0,74.372831,0.0,30.0,30.0,0.0,0.0,0.0,0.0,0.0,0.0,Optimal,3567.354144099998,3742376.15534414
2532,,42.17,0.0,0.0,74.372831,0.0,0.0,0.0,0.0,0.0,0.0,0.0,0.0,0.0,Optimal,3567.354144099998,3742376.15534414
2533,,31.74,0.0,0.0,74.372831,0.0,0.0,0.0,0.0,0.0,0.0,0.0,0.0,0.0,Optimal,3567.354144099998,3742376.15534414
2534,,13.15,0.0,7.6401325,66.41436,7.6401325,0.0,-7.6401325,0.0,0.0,0.0,0.0,0.0,0.0,Optimal,3567.354144099998,3742376.15534414
2535,,9.15,0.0,30.0,35.16436,30.0,0.0,-30.0,0.0,0.0,0.0,0.0,0.0,0.0,Optimal,3567.354144099998,3742376.15534414
2536,,6.99,0.0,30.0,3.9143595,30.0,0.0,-30.0,0.0,0.0,0.0,0.0,0.0,0.0,Optimal,3567.354144099998,3742376.15534414
2537,,43.46,0.0,0.0,3.9143595,0.0,0.0,0.0,0.0,0.0,0.0,0.0,0.0,0.0,Optimal,3567.354144099998,3742376.15534414
2538,,66.5,13.394241,0.0,16.772831,0.0,13.394241,13.394241,0.0,0.0,0.0,0.0,0.0,0.0,Optimal,3567.354144099998,3742376.15534414
2539,,76.12,30.0,0.0,45.572831,0.0,30.0,30.0,0.0,0.0,0.0,0.0,0.0,0.0,Optimal,3567.354144099998,3742376.15534414
2540,,74.89,30.0,0.0,74.372831,0.0,30.0,30.0,0.0,0.0,0.0,0.0,0.0,0.0,Optimal,3567.354144099998,3742376.15534414
2541,,65.54,0.0,0.0,74.372831,0.0,0.0,0.0,0.0,0.0,0.0,0.0,0.0,0.0,Optimal,3567.354144099998,3742376.15534414
2542,,52.85,0.0,0.0,74.372831,0.0,0.0,0.0,0.0,0.0,0.0,0.0,0.0,0.0,Optimal,3567.354144099998,3742376.15534414
2543,,34.01,0.0,0.0,74.372831,0.0,0.0,0.0,0.0,0.0,0.0,0.0,0.0,0.0,Optimal,3567.354144099998,3742376.15534414
2544,,1.43,0.0,0.0,74.372831,0.0,0.0,0.0,0.0,0.0,0.0,0.0,0.0,0.0,Optimal,3567.354144099998,3742376.15534414
2545,,0.02,0.0,7.6401325,66.41436,7.6401325,0.0,-7.6401325,0.0,0.0,0.0,0.0,0.0,0.0,Optimal,3567.354144099998,3742376.15534414
2546,,-0.1,0.0,30.0,35.16436,30.0,0.0,-30.0,0.0,0.0,0.0,0.0,0.0,0.0,Optimal,3567.354144099998,3742376.15534414
2547,,0.0,0.0,30.0,3.9143595,30.0,0.0,-30.0,0.0,0.0,0.0,0.0,0.0,0.0,Optimal,3567.354144099998,3742376.15534414
2548,,13.78,0.0,0.0,3.9143595,0.0,0.0,0.0,0.0,0.0,0.0,0.0,0.0,0.0,Optimal,3567.354144099998,3742376.15534414
2549,,29.2,0.0,0.0,3.9143595,0.0,0.0,0.0,0.0,0.0,0.0,0.0,0.0,0.0,Optimal,3567.354144099998,3742376.15534414
2550,,51.59,0.0,0.0,3.9143595,0.0,0.0,0.0,0.0,0.0,0.0,0.0,0.0,0.0,Optimal,3567.354144099998,3742376.15534414
2551,,69.69,30.0,0.0,32.71436,0.0,30.0,30.0,0.0,0.0,0.0,0.0,0.0,0.0,Optimal,3567.354144099998,3742376.15534414
2552,,74.26,30.0,0.0,61.51436,0.0,30.0,30.0,0.0,0.0,0.0,0.0,0.0,0.0,Optimal,3567.354144099998,3742376.15534414
2553,,64.81,13.394241,0.0,74.372831,0.0,13.394241,13.394241,0.0,0.0,0.0,0.0,0.0,0.0,Optimal,3567.354144099998,3742376.15534414
2554,,50.77,0.0,0.0,74.372831,0.0,0.0,0.0,0.0,0.0,0.0,0.0,0.0,0.0,Optimal,3567.354144099998,3742376.15534414
2555,,41.46,0.0,27.648,45.572831,27.648,0.0,-27.648,0.0,0.0,0.0,0.0,0.0,0.0,Optimal,3567.354144099998,3742376.15534414
2556,,38.74,30.0,0.0,74.372831,0.0,30.0,30.0,0.0,0.0,0.0,0.0,0.0,0.0,Optimal,3567.354144099998,3742376.15534414
2557,,33.57,0.0,30.0,43.122831,30.0,0.0,-30.0,0.0,0.0,0.0,0.0,0.0,0.0,Optimal,3567.354144099998,3742376.15534414
2558,,33.42,0.0,30.0,11.872831,30.0,0.0,-30.0,0.0,0.0,0.0,0.0,0.0,0.0,Optimal,3567.354144099998,3742376.15534414
2559,,39.95,0.0,7.6401325,3.9143595,7.6401325,0.0,-7.6401325,0.0,0.0,0.0,0.0,0.0,0.0,Optimal,3567.354144099998,3742376.15534414
2560,,51.67,0.0,0.0,3.9143595,0.0,0.0,0.0,0.0,0.0,0.0,0.0,0.0,0.0,Optimal,3567.354144099998,3742376.15534414
2561,,74.53,0.0,0.0,3.9143595,0.0,0.0,0.0,0.0,0.0,0.0,0.0,0.0,0.0,Optimal,3567.354144099998,3742376.15534414
2562,,87.3,0.0,0.0,3.9143595,0.0,0.0,0.0,0.0,0.0,0.0,0.0,0.0,0.0,Optimal,3567.354144099998,3742376.15534414
2563,,98.0,13.394241,0.0,16.772831,0.0,13.394241,13.394241,0.0,0.0,0.0,0.0,0.0,0.0,Optimal,3567.354144099998,3742376.15534414
2564,,115.42,30.0,0.0,45.572831,0.0,30.0,30.0,0.0,0.0,0.0,0.0,0.0,0.0,Optimal,3567.354144099998,3742376.15534414
2565,,101.71,30.0,0.0,74.372831,0.0,30.0,30.0,0.0,0.0,0.0,0.0,0.0,0.0,Optimal,3567.354144099998,3742376.15534414
2566,,90.1,0.0,25.296,48.022831,25.296,0.0,-25.296,0.0,0.0,0.0,0.0,0.0,0.0,Optimal,3567.354144099998,3742376.15534414
2567,,84.1,0.0,30.0,16.772831,30.0,0.0,-30.0,0.0,0.0,0.0,0.0,0.0,0.0,Optimal,3567.354144099998,3742376.15534414
2568,,84.75,30.0,0.0,45.572831,0.0,30.0,30.0,0.0,0.0,0.0,0.0,0.0,0.0,Optimal,3567.354144099998,3742376.15534414
2569,,83.84,30.0,0.0,74.372831,0.0,30.0,30.0,0.0,0.0,0.0,0.0,0.0,0.0,Optimal,3567.354144099998,3742376.15534414
2570,,81.35,0.0,30.0,43.122831,30.0,0.0,-30.0,0.0,0.0,0.0,0.0,0.0,0.0,Optimal,3567.354144099998,3742376.15534414
2571,,82.4,24.262009,0.0,66.41436,0.0,24.262009,24.262009,0.0,0.0,0.0,0.0,0.0,0.0,Optimal,3567.354144099998,3742376.15534414
2572,,81.31,0.0,30.0,35.16436,30.0,0.0,-30.0,0.0,0.0,0.0,0.0,0.0,0.0,Optimal,3567.354144099998,3742376.15534414
2573,,82.34,0.0,30.0,3.9143595,30.0,0.0,-30.0,0.0,0.0,0.0,0.0,0.0,0.0,Optimal,3567.354144099998,3742376.15534414
2574,,108.5,13.394241,0.0,16.772831,0.0,13.394241,13.394241,0.0,0.0,0.0,0.0,0.0,0.0,Optimal,3567.354144099998,3742376.15534414
2575,,154.67,30.0,0.0,45.572831,0.0,30.0,30.0,0.0,0.0,0.0,0.0,0.0,0.0,Optimal,3567.354144099998,3742376.15534414
2576,,152.0,30.0,0.0,74.372831,0.0,30.0,30.0,0.0,0.0,0.0,0.0,0.0,0.0,Optimal,3567.354144099998,3742376.15534414
2577,,104.62,0.0,0.0,74.372831,0.0,0.0,0.0,0.0,0.0,0.0,0.0,0.0,0.0,Optimal,3567.354144099998,3742376.15534414
2578,,83.9,0.0,27.648,45.572831,27.648,0.0,-27.648,0.0,0.0,0.0,0.0,0.0,0.0,Optimal,3567.354144099998,3742376.15534414
2579,,79.9,30.0,0.0,74.372831,0.0,30.0,30.0,0.0,0.0,0.0,0.0,0.0,0.0,Optimal,3567.354144099998,3742376.15534414
2580,,75.17,0.0,30.0,43.122831,30.0,0.0,-30.0,0.0,0.0,0.0,0.0,0.0,0.0,Optimal,3567.354144099998,3742376.15534414
2581,,76.06,26.814092,0.0,68.86436,0.0,26.814092,26.814092,0.0,0.0,0.0,0.0,0.0,0.0,Optimal,3567.354144099998,3742376.15534414
2582,,69.64,0.0,30.0,37.61436,30.0,0.0,-30.0,0.0,0.0,0.0,0.0,0.0,0.0,Optimal,3567.354144099998,3742376.15534414
2583,,73.85,0.0,30.0,6.3643595,30.0,0.0,-30.0,0.0,0.0,0.0,0.0,0.0,0.0,Optimal,3567.354144099998,3742376.15534414
2584,,80.0,30.0,0.0,35.16436,0.0,30.0,30.0,0.0,0.0,0.0,0.0,0.0,0.0,Optimal,3567.354144099998,3742376.15534414
2585,,80.0,0.0,30.0,3.9143595,30.0,0.0,-30.0,0.0,0.0,0.0,0.0,0.0,0.0,Optimal,3567.354144099998,3742376.15534414
2586,,103.21,0.0,0.0,3.9143595,0.0,0.0,0.0,0.0,0.0,0.0,0.0,0.0,0.0,Optimal,3567.354144099998,3742376.15534414
2587,,145.0,30.0,0.0,32.71436,0.0,30.0,30.0,0.0,0.0,0.0,0.0,0.0,0.0,Optimal,3567.354144099998,3742376.15534414
2588,,169.9,30.0,0.0,61.51436,0.0,30.0,30.0,0.0,0.0,0.0,0.0,0.0,0.0,Optimal,3567.354144099998,3742376.15534414
2589,,130.06,13.394241,0.0,74.372831,0.0,13.394241,13.394241,0.0,0.0,0.0,0.0,0.0,0.0,Optimal,3567.354144099998,3742376.15534414
2590,,99.04,0.0,0.0,74.372831,0.0,0.0,0.0,0.0,0.0,0.0,0.0,0.0,0.0,Optimal,3567.354144099998,3742376.15534414
2591,,87.81,0.0,30.0,43.122831,30.0,0.0,-30.0,0.0,0.0,0.0,0.0,0.0,0.0,Optimal,3567.354144099998,3742376.15534414
2592,,91.83,30.0,0.0,71.922831,0.0,30.0,30.0,0.0,0.0,0.0,0.0,0.0,0.0,Optimal,3567.354144099998,3742376.15534414
2593,,87.42,0.0,30.0,40.672831,30.0,0.0,-30.0,0.0,0.0,0.0,0.0,0.0,0.0,Optimal,3567.354144099998,3742376.15534414
2594,,88.53,30.0,0.0,69.472831,0.0,30.0,30.0,0.0,0.0,0.0,0.0,0.0,0.0,Optimal,3567.354144099998,3742376.15534414
2595,,87.76,0.0,30.0,38.222831,30.0,0.0,-30.0,0.0,0.0,0.0,0.0,0.0,0.0,Optimal,3567.354144099998,3742376.15534414
2596,,89.61,0.0,30.0,6.9728309,30.0,0.0,-30.0,0.0,0.0,0.0,0.0,0.0,0.0,Optimal,3567.354144099998,3742376.15534414
2597,,91.7,0.0,2.9361325,3.9143595,2.9361325,0.0,-2.9361325,0.0,0.0,0.0,0.0,0.0,0.0,Optimal,3567.354144099998,3742376.15534414
2598,,115.2,13.394241,0.0,16.772831,0.0,13.394241,13.394241,0.0,0.0,0.0,0.0,0.0,0.0,Optimal,3567.354144099998,3742376.15534414
2599,,155.45,30.0,0.0,45.572831,0.0,30.0,30.0,0.0,0.0,0.0,0.0,0.0,0.0,Optimal,3567.354144099998,3742376.15534414
2600,,131.19,30.0,0.0,74.372831,0.0,30.0,30.0,0.0,0.0,0.0,0.0,0.0,0.0,Optimal,3567.354144099998,3742376.15534414
2601,,101.12,0.0,0.0,74.372831,0.0,0.0,0.0,0.0,0.0,0.0,0.0,0.0,0.0,Optimal,3567.354144099998,3742376.15534414
2602,,89.89,0.0,0.0,74.372831,0.0,0.0,0.0,0.0,0.0,0.0,0.0,0.0,0.0,Optimal,3567.354144099998,3742376.15534414
2603,,75.71,0.0,0.0,74.372831,0.0,0.0,0.0,0.0,0.0,0.0,0.0,0.0,0.0,Optimal,3567.354144099998,3742376.15534414
2604,,67.6,0.0,27.648,45.572831,27.648,0.0,-27.648,0.0,0.0,0.0,0.0,0.0,0.0,Optimal,3567.354144099998,3742376.15534414
2605,,68.1,30.0,0.0,74.372831,0.0,30.0,30.0,0.0,0.0,0.0,0.0,0.0,0.0,Optimal,3567.354144099998,3742376.15534414
2606,,63.45,0.0,30.0,43.122831,30.0,0.0,-30.0,0.0,0.0,0.0,0.0,0.0,0.0,Optimal,3567.354144099998,3742376.15534414
2607,,63.52,0.0,30.0,11.872831,30.0,0.0,-30.0,0.0,0.0,0.0,0.0,0.0,0.0,Optimal,3567.354144099998,3742376.15534414
2608,,65.24,0.0,7.6401325,3.9143595,7.6401325,0.0,-7.6401325,0.0,0.0,0.0,0.0,0.0,0.0,Optimal,3567.354144099998,3742376.15534414
2609,,80.86,0.0,0.0,3.9143595,0.0,0.0,0.0,0.0,0.0,0.0,0.0,0.0,0.0,Optimal,3567.354144099998,3742376.15534414
2610,,94.03,0.0,0.0,3.9143595,0.0,0.0,0.0,0.0,0.0,0.0,0.0,0.0,0.0,Optimal,3567.354144099998,3742376.15534414
2611,,125.24,30.0,0.0,32.71436,0.0,30.0,30.0,0.0,0.0,0.0,0.0,0.0,0.0,Optimal,3567.354144099998,3742376.15534414
2612,,128.91,30.0,0.0,61.51436,0.0,30.0,30.0,0.0,0.0,0.0,0.0,0.0,0.0,Optimal,3567.354144099998,3742376.15534414
2613,,105.92,13.394241,0.0,74.372831,0.0,13.394241,13.394241,0.0,0.0,0.0,0.0,0.0,0.0,Optimal,3567.354144099998,3742376.15534414
2614,,89.89,0.0,0.0,74.372831,0.0,0.0,0.0,0.0,0.0,0.0,0.0,0.0,0.0,Optimal,3567.354144099998,3742376.15534414
2615,,79.36,0.0,0.0,74.372831,0.0,0.0,0.0,0.0,0.0,0.0,0.0,0.0,0.0,Optimal,3567.354144099998,3742376.15534414
2616,,69.26,0.0,0.0,74.372831,0.0,0.0,0.0,0.0,0.0,0.0,0.0,0.0,0.0,Optimal,3567.354144099998,3742376.15534414
2617,,56.01,0.0,0.0,74.372831,0.0,0.0,0.0,0.0,0.0,0.0,0.0,0.0,0.0,Optimal,3567.354144099998,3742376.15534414
2618,,47.0,0.0,0.0,74.372831,0.0,0.0,0.0,0.0,0.0,0.0,0.0,0.0,0.0,Optimal,3567.354144099998,3742376.15534414
2619,,44.89,0.0,30.0,43.122831,30.0,0.0,-30.0,0.0,0.0,0.0,0.0,0.0,0.0,Optimal,3567.354144099998,3742376.15534414
2620,,43.93,0.0,30.0,11.872831,30.0,0.0,-30.0,0.0,0.0,0.0,0.0,0.0,0.0,Optimal,3567.354144099998,3742376.15534414
2621,,46.53,0.0,7.6401325,3.9143595,7.6401325,0.0,-7.6401325,0.0,0.0,0.0,0.0,0.0,0.0,Optimal,3567.354144099998,3742376.15534414
2622,,58.1,0.0,0.0,3.9143595,0.0,0.0,0.0,0.0,0.0,0.0,0.0,0.0,0.0,Optimal,3567.354144099998,3742376.15534414
2623,,69.74,30.0,0.0,32.71436,0.0,30.0,30.0,0.0,0.0,0.0,0.0,0.0,0.0,Optimal,3567.354144099998,3742376.15534414
2624,,76.0,30.0,0.0,61.51436,0.0,30.0,30.0,0.0,0.0,0.0,0.0,0.0,0.0,Optimal,3567.354144099998,3742376.15534414
2625,,68.3,13.394241,0.0,74.372831,0.0,13.394241,13.394241,0.0,0.0,0.0,0.0,0.0,0.0,Optimal,3567.354144099998,3742376.15534414
2626,,60.2,0.0,0.0,74.372831,0.0,0.0,0.0,0.0,0.0,0.0,0.0,0.0,0.0,Optimal,3567.354144099998,3742376.15534414
2627,,46.6,0.0,0.0,74.372831,0.0,0.0,0.0,0.0,0.0,0.0,0.0,0.0,0.0,Optimal,3567.354144099998,3742376.15534414
2628,,36.6,0.0,0.0,74.372831,0.0,0.0,0.0,0.0,0.0,0.0,0.0,0.0,0.0,Optimal,3567.354144099998,3742376.15534414
2629,,10.0,0.0,0.0,74.372831,0.0,0.0,0.0,0.0,0.0,0.0,0.0,0.0,0.0,Optimal,3567.354144099998,3742376.15534414
2630,,-0.1,0.0,30.0,43.122831,30.0,0.0,-30.0,0.0,0.0,0.0,0.0,0.0,0.0,Optimal,3567.354144099998,3742376.15534414
2631,,-0.1,0.0,30.0,11.872831,30.0,0.0,-30.0,0.0,0.0,0.0,0.0,0.0,0.0,Optimal,3567.354144099998,3742376.15534414
2632,,3.0,0.0,7.6401325,3.9143595,7.6401325,0.0,-7.6401325,0.0,0.0,0.0,0.0,0.0,0.0,Optimal,3567.354144099998,3742376.15534414
2633,,50.29,0.0,0.0,3.9143595,0.0,0.0,0.0,0.0,0.0,0.0,0.0,0.0,0.0,Optimal,3567.354144099998,3742376.15534414
2634,,59.7,30.0,0.0,32.71436,0.0,30.0,30.0,0.0,0.0,0.0,0.0,0.0,0.0,Optimal,3567.354144099998,3742376.15534414
2635,,62.23,0.0,27.648,3.9143595,27.648,0.0,-27.648,0.0,0.0,0.0,0.0,0.0,0.0,Optimal,3567.354144099998,3742376.15534414
2636,,63.74,30.0,0.0,32.71436,0.0,30.0,30.0,0.0,0.0,0.0,0.0,0.0,0.0,Optimal,3567.354144099998,3742376.15534414
2637,,63.33,0.0,15.303867,16.772831,15.303867,0.0,-15.303867,0.0,0.0,0.0,0.0,0.0,0.0,Optimal,3567.354144099998,3742376.15534414
2638,,62.87,30.0,0.0,45.572831,0.0,30.0,30.0,0.0,0.0,0.0,0.0,0.0,0.0,Optimal,3567.354144099998,3742376.15534414
2639,,61.57,30.0,0.0,74.372831,0.0,30.0,30.0,0.0,0.0,0.0,0.0,0.0,0.0,Optimal,3567.354144099998,3742376.15534414
2640,,59.09,0.0,30.0,43.122831,30.0,0.0,-30.0,0.0,0.0,0.0,0.0,0.0,0.0,Optimal,3567.354144099998,3742376.15534414
2641,,56.49,30.0,0.0,71.922831,0.0,30.0,30.0,0.0,0.0,0.0,0.0,0.0,0.0,Optimal,3567.354144099998,3742376.15534414
2642,,55.77,0.0,30.0,40.672831,30.0,0.0,-30.0,0.0,0.0,0.0,0.0,0.0,0.0,Optimal,3567.354144099998,3742376.15534414
2643,,56.64,0.0,30.0,9.4228309,30.0,0.0,-30.0,0.0,0.0,0.0,0.0,0.0,0.0,Optimal,3567.354144099998,3742376.15534414
2644,,59.65,0.0,5.2881325,3.9143595,5.2881325,0.0,-5.2881325,0.0,0.0,0.0,0.0,0.0,0.0,Optimal,3567.354144099998,3742376.15534414
2645,,61.51,30.0,0.0,32.71436,0.0,30.0,30.0,0.0,0.0,0.0,0.0,0.0,0.0,Optimal,3567.354144099998,3742376.15534414
2646,,61.69,0.0,27.648,3.9143595,27.648,0.0,-27.648,0.0,0.0,0.0,0.0,0.0,0.0,Optimal,3567.354144099998,3742376.15534414
2647,,66.1,30.0,0.0,32.71436,0.0,30.0,30.0,0.0,0.0,0.0,0.0,0.0,0.0,Optimal,3567.354144099998,3742376.15534414
2648,,64.7,30.0,0.0,61.51436,0.0,30.0,30.0,0.0,0.0,0.0,0.0,0.0,0.0,Optimal,3567.354144099998,3742376.15534414
2649,,59.06,13.394241,0.0,74.372831,0.0,13.394241,13.394241,0.0,0.0,0.0,0.0,0.0,0.0,Optimal,3567.354144099998,3742376.15534414
2650,,46.54,0.0,0.0,74.372831,0.0,0.0,0.0,0.0,0.0,0.0,0.0,0.0,0.0,Optimal,3567.354144099998,3742376.15534414
2651,,34.38,0.0,0.0,74.372831,0.0,0.0,0.0,0.0,0.0,0.0,0.0,0.0,0.0,Optimal,3567.354144099998,3742376.15534414
2652,,11.7,0.0,0.0,74.372831,0.0,0.0,0.0,0.0,0.0,0.0,0.0,0.0,0.0,Optimal,3567.354144099998,3742376.15534414
2653,,-4.0,0.0,7.6401325,66.41436,7.6401325,0.0,-7.6401325,0.0,0.0,0.0,0.0,0.0,0.0,Optimal,3567.354144099998,3742376.15534414
2654,,-5.09,0.0,30.0,35.16436,30.0,0.0,-30.0,0.0,0.0,0.0,0.0,0.0,0.0,Optimal,3567.354144099998,3742376.15534414
2655,,-4.01,0.0,30.0,3.9143595,30.0,0.0,-30.0,0.0,0.0,0.0,0.0,0.0,0.0,Optimal,3567.354144099998,3742376.15534414
2656,,25.0,0.0,0.0,3.9143595,0.0,0.0,0.0,0.0,0.0,0.0,0.0,0.0,0.0,Optimal,3567.354144099998,3742376.15534414
2657,,48.33,0.0,0.0,3.9143595,0.0,0.0,0.0,0.0,0.0,0.0,0.0,0.0,0.0,Optimal,3567.354144099998,3742376.15534414
2658,,63.74,0.0,0.0,3.9143595,0.0,0.0,0.0,0.0,0.0,0.0,0.0,0.0,0.0,Optimal,3567.354144099998,3742376.15534414
2659,,79.32,0.0,0.0,3.9143595,0.0,0.0,0.0,0.0,0.0,0.0,0.0,0.0,0.0,Optimal,3567.354144099998,3742376.15534414
2660,,91.17,30.0,0.0,32.71436,0.0,30.0,30.0,0.0,0.0,0.0,0.0,0.0,0.0,Optimal,3567.354144099998,3742376.15534414
2661,,86.84,30.0,0.0,61.51436,0.0,30.0,30.0,0.0,0.0,0.0,0.0,0.0,0.0,Optimal,3567.354144099998,3742376.15534414
2662,,84.01,13.394241,0.0,74.372831,0.0,13.394241,13.394241,0.0,0.0,0.0,0.0,0.0,0.0,Optimal,3567.354144099998,3742376.15534414
2663,,82.5,0.0,27.648,45.572831,27.648,0.0,-27.648,0.0,0.0,0.0,0.0,0.0,0.0,Optimal,3567.354144099998,3742376.15534414
2664,,81.85,30.0,0.0,74.372831,0.0,30.0,30.0,0.0,0.0,0.0,0.0,0.0,0.0,Optimal,3567.354144099998,3742376.15534414
2665,,70.17,0.0,27.648,45.572831,27.648,0.0,-27.648,0.0,0.0,0.0,0.0,0.0,0.0,Optimal,3567.354144099998,3742376.15534414
2666,,69.53,30.0,0.0,74.372831,0.0,30.0,30.0,0.0,0.0,0.0,0.0,0.0,0.0,Optimal,3567.354144099998,3742376.15534414
2667,,64.4,0.0,30.0,43.122831,30.0,0.0,-30.0,0.0,0.0,0.0,0.0,0.0,0.0,Optimal,3567.354144099998,3742376.15534414
2668,,63.88,30.0,0.0,71.922831,0.0,30.0,30.0,0.0,0.0,0.0,0.0,0.0,0.0,Optimal,3567.354144099998,3742376.15534414
2669,,63.62,0.0,30.0,40.672831,30.0,0.0,-30.0,0.0,0.0,0.0,0.0,0.0,0.0,Optimal,3567.354144099998,3742376.15534414
2670,,64.43,30.0,0.0,69.472831,0.0,30.0,30.0,0.0,0.0,0.0,0.0,0.0,0.0,Optimal,3567.354144099998,3742376.15534414
2671,,60.53,5.1041667,0.0,74.372831,0.0,5.1041667,5.1041667,0.0,0.0,0.0,0.0,0.0,0.0,Optimal,3567.354144099998,3742376.15534414
2672,,55.93,0.0,0.0,74.372831,0.0,0.0,0.0,0.0,0.0,0.0,0.0,0.0,0.0,Optimal,3567.354144099998,3742376.15534414
2673,,51.12,0.0,0.0,74.372831,0.0,0.0,0.0,0.0,0.0,0.0,0.0,0.0,0.0,Optimal,3567.354144099998,3742376.15534414
2674,,26.92,0.0,0.0,74.372831,0.0,0.0,0.0,0.0,0.0,0.0,0.0,0.0,0.0,Optimal,3567.354144099998,3742376.15534414
2675,,-22.2,0.0,30.0,43.122831,30.0,0.0,-30.0,0.0,0.0,0.0,0.0,0.0,0.0,Optimal,3567.354144099998,3742376.15534414
2676,,-24.04,0.0,30.0,11.872831,30.0,0.0,-30.0,0.0,0.0,0.0,0.0,0.0,0.0,Optimal,3567.354144099998,3742376.15534414
2677,,-7.0,0.0,5.2881325,6.3643595,5.2881325,0.0,-5.2881325,0.0,0.0,0.0,0.0,0.0,0.0,Optimal,3567.354144099998,3742376.15534414
2678,,-3.79,30.0,0.0,35.16436,0.0,30.0,30.0,0.0,0.0,0.0,0.0,0.0,0.0,Optimal,3567.354144099998,3742376.15534414
2679,,-10.03,0.0,30.0,3.9143595,30.0,0.0,-30.0,0.0,0.0,0.0,0.0,0.0,0.0,Optimal,3567.354144099998,3742376.15534414
2680,,4.67,0.0,0.0,3.9143595,0.0,0.0,0.0,0.0,0.0,0.0,0.0,0.0,0.0,Optimal,3567.354144099998,3742376.15534414
2681,,42.94,0.0,0.0,3.9143595,0.0,0.0,0.0,0.0,0.0,0.0,0.0,0.0,0.0,Optimal,3567.354144099998,3742376.15534414
2682,,61.98,0.0,0.0,3.9143595,0.0,0.0,0.0,0.0,0.0,0.0,0.0,0.0,0.0,Optimal,3567.354144099998,3742376.15534414
2683,,87.65,13.394241,0.0,16.772831,0.0,13.394241,13.394241,0.0,0.0,0.0,0.0,0.0,0.0,Optimal,3567.354144099998,3742376.15534414
2684,,95.26,30.0,0.0,45.572831,0.0,30.0,30.0,0.0,0.0,0.0,0.0,0.0,0.0,Optimal,3567.354144099998,3742376.15534414
2685,,91.07,30.0,0.0,74.372831,0.0,30.0,30.0,0.0,0.0,0.0,0.0,0.0,0.0,Optimal,3567.354144099998,3742376.15534414
2686,,89.41,0.0,27.648,45.572831,27.648,0.0,-27.648,0.0,0.0,0.0,0.0,0.0,0.0,Optimal,3567.354144099998,3742376.15534414
2687,,88.46,30.0,0.0,74.372831,0.0,30.0,30.0,0.0,0.0,0.0,0.0,0.0,0.0,Optimal,3567.354144099998,3742376.15534414
2688,,77.18,0.0,30.0,43.122831,30.0,0.0,-30.0,0.0,0.0,0.0,0.0,0.0,0.0,Optimal,3567.354144099998,3742376.15534414
2689,,78.05,0.0,30.0,11.872831,30.0,0.0,-30.0,0.0,0.0,0.0,0.0,0.0,0.0,Optimal,3567.354144099998,3742376.15534414
2690,,78.44,26.814092,0.0,37.61436,0.0,26.814092,26.814092,0.0,0.0,0.0,0.0,0.0,0.0,Optimal,3567.354144099998,3742376.15534414
2691,,79.92,30.0,0.0,66.41436,0.0,30.0,30.0,0.0,0.0,0.0,0.0,0.0,0.0,Optimal,3567.354144099998,3742376.15534414
2692,,79.79,0.0,30.0,35.16436,30.0,0.0,-30.0,0.0,0.0,0.0,0.0,0.0,0.0,Optimal,3567.354144099998,3742376.15534414
2693,,85.0,0.0,30.0,3.9143595,30.0,0.0,-30.0,0.0,0.0,0.0,0.0,0.0,0.0,Optimal,3567.354144099998,3742376.15534414
2694,,103.94,13.394241,0.0,16.772831,0.0,13.394241,13.394241,0.0,0.0,0.0,0.0,0.0,0.0,Optimal,3567.354144099998,3742376.15534414
2695,,129.42,30.0,0.0,45.572831,0.0,30.0,30.0,0.0,0.0,0.0,0.0,0.0,0.0,Optimal,3567.354144099998,3742376.15534414
2696,,117.46,30.0,0.0,74.372831,0.0,30.0,30.0,0.0,0.0,0.0,0.0,0.0,0.0,Optimal,3567.354144099998,3742376.15534414
2697,,97.05,0.0,0.0,74.372831,0.0,0.0,0.0,0.0,0.0,0.0,0.0,0.0,0.0,Optimal,3567.354144099998,3742376.15534414
2698,,79.45,0.0,0.0,74.372831,0.0,0.0,0.0,0.0,0.0,0.0,0.0,0.0,0.0,Optimal,3567.354144099998,3742376.15534414
2699,,72.24,0.0,0.0,74.372831,0.0,0.0,0.0,0.0,0.0,0.0,0.0,0.0,0.0,Optimal,3567.354144099998,3742376.15534414
2700,,68.31,0.0,30.0,43.122831,30.0,0.0,-30.0,0.0,0.0,0.0,0.0,0.0,0.0,Optimal,3567.354144099998,3742376.15534414
2701,,71.24,30.0,0.0,71.922831,0.0,30.0,30.0,0.0,0.0,0.0,0.0,0.0,0.0,Optimal,3567.354144099998,3742376.15534414
2702,,64.25,0.0,30.0,40.672831,30.0,0.0,-30.0,0.0,0.0,0.0,0.0,0.0,0.0,Optimal,3567.354144099998,3742376.15534414
2703,,59.45,0.0,30.0,9.4228309,30.0,0.0,-30.0,0.0,0.0,0.0,0.0,0.0,0.0,Optimal,3567.354144099998,3742376.15534414
2704,,71.9,0.0,5.2881325,3.9143595,5.2881325,0.0,-5.2881325,0.0,0.0,0.0,0.0,0.0,0.0,Optimal,3567.354144099998,3742376.15534414
2705,,80.66,0.0,0.0,3.9143595,0.0,0.0,0.0,0.0,0.0,0.0,0.0,0.0,0.0,Optimal,3567.354144099998,3742376.15534414
2706,,104.09,0.0,0.0,3.9143595,0.0,0.0,0.0,0.0,0.0,0.0,0.0,0.0,0.0,Optimal,3567.354144099998,3742376.15534414
2707,,136.12,30.0,0.0,32.71436,0.0,30.0,30.0,0.0,0.0,0.0,0.0,0.0,0.0,Optimal,3567.354144099998,3742376.15534414
2708,,155.09,30.0,0.0,61.51436,0.0,30.0,30.0,0.0,0.0,0.0,0.0,0.0,0.0,Optimal,3567.354144099998,3742376.15534414
2709,,127.16,13.394241,0.0,74.372831,0.0,13.394241,13.394241,0.0,0.0,0.0,0.0,0.0,0.0,Optimal,3567.354144099998,3742376.15534414
2710,,105.63,0.0,0.0,74.372831,0.0,0.0,0.0,0.0,0.0,0.0,0.0,0.0,0.0,Optimal,3567.354144099998,3742376.15534414
2711,,96.94,0.0,0.0,74.372831,0.0,0.0,0.0,0.0,0.0,0.0,0.0,0.0,0.0,Optimal,3567.354144099998,3742376.15534414
2712,,88.32,0.0,27.648,45.572831,27.648,0.0,-27.648,0.0,0.0,0.0,0.0,0.0,0.0,Optimal,3567.354144099998,3742376.15534414
2713,,86.69,30.0,0.0,74.372831,0.0,30.0,30.0,0.0,0.0,0.0,0.0,0.0,0.0,Optimal,3567.354144099998,3742376.15534414
2714,,85.95,0.0,30.0,43.122831,30.0,0.0,-30.0,0.0,0.0,0.0,0.0,0.0,0.0,Optimal,3567.354144099998,3742376.15534414
2715,,85.42,0.0,30.0,11.872831,30.0,0.0,-30.0,0.0,0.0,0.0,0.0,0.0,0.0,Optimal,3567.354144099998,3742376.15534414
2716,,86.35,0.0,7.6401325,3.9143595,7.6401325,0.0,-7.6401325,0.0,0.0,0.0,0.0,0.0,0.0,Optimal,3567.354144099998,3742376.15534414
2717,,97.03,0.0,0.0,3.9143595,0.0,0.0,0.0,0.0,0.0,0.0,0.0,0.0,0.0,Optimal,3567.354144099998,3742376.15534414
2718,,119.44,13.394241,0.0,16.772831,0.0,13.394241,13.394241,0.0,0.0,0.0,0.0,0.0,0.0,Optimal,3567.354144099998,3742376.15534414
2719,,176.28,30.0,0.0,45.572831,0.0,30.0,30.0,0.0,0.0,0.0,0.0,0.0,0.0,Optimal,3567.354144099998,3742376.15534414
2720,,136.28,30.0,0.0,74.372831,0.0,30.0,30.0,0.0,0.0,0.0,0.0,0.0,0.0,Optimal,3567.354144099998,3742376.15534414
2721,,98.38,0.0,0.0,74.372831,0.0,0.0,0.0,0.0,0.0,0.0,0.0,0.0,0.0,Optimal,3567.354144099998,3742376.15534414
2722,,82.47,0.0,2.9361325,71.31436,2.9361325,0.0,-2.9361325,0.0,0.0,0.0,0.0,0.0,0.0,Optimal,3567.354144099998,3742376.15534414
2723,,77.25,0.0,30.0,40.06436,30.0,0.0,-30.0,0.0,0.0,0.0,0.0,0.0,0.0,Optimal,3567.354144099998,3742376.15534414
2724,,76.8,0.0,30.0,8.8143595,30.0,0.0,-30.0,0.0,0.0,0.0,0.0,0.0,0.0,Optimal,3567.354144099998,3742376.15534414
2725,,78.25,30.0,0.0,37.61436,0.0,30.0,30.0,0.0,0.0,0.0,0.0,0.0,0.0,Optimal,3567.354144099998,3742376.15534414
2726,,78.62,30.0,0.0,66.41436,0.0,30.0,30.0,0.0,0.0,0.0,0.0,0.0,0.0,Optimal,3567.354144099998,3742376.15534414
2727,,78.33,0.0,30.0,35.16436,30.0,0.0,-30.0,0.0,0.0,0.0,0.0,0.0,0.0,Optimal,3567.354144099998,3742376.15534414
2728,,80.79,0.0,30.0,3.9143595,30.0,0.0,-30.0,0.0,0.0,0.0,0.0,0.0,0.0,Optimal,3567.354144099998,3742376.15534414
2729,,88.82,0.0,0.0,3.9143595,0.0,0.0,0.0,0.0,0.0,0.0,0.0,0.0,0.0,Optimal,3567.354144099998,3742376.15534414
2730,,100.76,0.0,0.0,3.9143595,0.0,0.0,0.0,0.0,0.0,0.0,0.0,0.0,0.0,Optimal,3567.354144099998,3742376.15534414
2731,,118.31,30.0,0.0,32.71436,0.0,30.0,30.0,0.0,0.0,0.0,0.0,0.0,0.0,Optimal,3567.354144099998,3742376.15534414
2732,,120.92,30.0,0.0,61.51436,0.0,30.0,30.0,0.0,0.0,0.0,0.0,0.0,0.0,Optimal,3567.354144099998,3742376.15534414
2733,,102.0,13.394241,0.0,74.372831,0.0,13.394241,13.394241,0.0,0.0,0.0,0.0,0.0,0.0,Optimal,3567.354144099998,3742376.15534414
2734,,84.4,0.0,0.0,74.372831,0.0,0.0,0.0,0.0,0.0,0.0,0.0,0.0,0.0,Optimal,3567.354144099998,3742376.15534414
2735,,81.54,0.0,27.648,45.572831,27.648,0.0,-27.648,0.0,0.0,0.0,0.0,0.0,0.0,Optimal,3567.354144099998,3742376.15534414
2736,,80.55,30.0,0.0,74.372831,0.0,30.0,30.0,0.0,0.0,0.0,0.0,0.0,0.0,Optimal,3567.354144099998,3742376.15534414
2737,,76.29,0.0,30.0,43.122831,30.0,0.0,-30.0,0.0,0.0,0.0,0.0,0.0,0.0,Optimal,3567.354144099998,3742376.15534414
2738,,75.88,30.0,0.0,71.922831,0.0,30.0,30.0,0.0,0.0,0.0,0.0,0.0,0.0,Optimal,3567.354144099998,3742376.15534414
2739,,72.64,0.0,30.0,40.672831,30.0,0.0,-30.0,0.0,0.0,0.0,0.0,0.0,0.0,Optimal,3567.354144099998,3742376.15534414
2740,,72.8,0.0,30.0,9.4228309,30.0,0.0,-30.0,0.0,0.0,0.0,0.0,0.0,0.0,Optimal,3567.354144099998,3742376.15534414
2741,,79.64,0.0,5.2881325,3.9143595,5.2881325,0.0,-5.2881325,0.0,0.0,0.0,0.0,0.0,0.0,Optimal,3567.354144099998,3742376.15534414
2742,,92.76,13.394241,0.0,16.772831,0.0,13.394241,13.394241,0.0,0.0,0.0,0.0,0.0,0.0,Optimal,3567.354144099998,3742376.15534414
2743,,96.0,30.0,0.0,45.572831,0.0,30.0,30.0,0.0,0.0,0.0,0.0,0.0,0.0,Optimal,3567.354144099998,3742376.15534414
2744,,106.97,30.0,0.0,74.372831,0.0,30.0,30.0,0.0,0.0,0.0,0.0,0.0,0.0,Optimal,3567.354144099998,3742376.15534414
2745,,81.7,0.0,0.0,74.372831,0.0,0.0,0.0,0.0,0.0,0.0,0.0,0.0,0.0,Optimal,3567.354144099998,3742376.15534414
2746,,74.9,0.0,27.648,45.572831,27.648,0.0,-27.648,0.0,0.0,0.0,0.0,0.0,0.0,Optimal,3567.354144099998,3742376.15534414
2747,,77.63,30.0,0.0,74.372831,0.0,30.0,30.0,0.0,0.0,0.0,0.0,0.0,0.0,Optimal,3567.354144099998,3742376.15534414
2748,,61.9,0.0,0.0,74.372831,0.0,0.0,0.0,0.0,0.0,0.0,0.0,0.0,0.0,Optimal,3567.354144099998,3742376.15534414
2749,,46.6,0.0,7.6401325,66.41436,7.6401325,0.0,-7.6401325,0.0,0.0,0.0,0.0,0.0,0.0,Optimal,3567.354144099998,3742376.15534414
2750,,39.0,0.0,30.0,35.16436,30.0,0.0,-30.0,0.0,0.0,0.0,0.0,0.0,0.0,Optimal,3567.354144099998,3742376.15534414
2751,,45.38,0.0,30.0,3.9143595,30.0,0.0,-30.0,0.0,0.0,0.0,0.0,0.0,0.0,Optimal,3567.354144099998,3742376.15534414
2752,,58.0,0.0,0.0,3.9143595,0.0,0.0,0.0,0.0,0.0,0.0,0.0,0.0,0.0,Optimal,3567.354144099998,3742376.15534414
2753,,74.2,30.0,0.0,32.71436,0.0,30.0,30.0,0.0,0.0,0.0,0.0,0.0,0.0,Optimal,3567.354144099998,3742376.15534414
2754,,75.0,0.0,27.648,3.9143595,27.648,0.0,-27.648,0.0,0.0,0.0,0.0,0.0,0.0,Optimal,3567.354144099998,3742376.15534414
2755,,95.0,0.0,0.0,3.9143595,0.0,0.0,0.0,0.0,0.0,0.0,0.0,0.0,0.0,Optimal,3567.354144099998,3742376.15534414
2756,,123.43,30.0,0.0,32.71436,0.0,30.0,30.0,0.0,0.0,0.0,0.0,0.0,0.0,Optimal,3567.354144099998,3742376.15534414
2757,,116.01,30.0,0.0,61.51436,0.0,30.0,30.0,0.0,0.0,0.0,0.0,0.0,0.0,Optimal,3567.354144099998,3742376.15534414
2758,,104.11,13.394241,0.0,74.372831,0.0,13.394241,13.394241,0.0,0.0,0.0,0.0,0.0,0.0,Optimal,3567.354144099998,3742376.15534414
2759,,90.0,0.0,0.0,74.372831,0.0,0.0,0.0,0.0,0.0,0.0,0.0,0.0,0.0,Optimal,3567.354144099998,3742376.15534414
2760,,83.5,0.0,27.648,45.572831,27.648,0.0,-27.648,0.0,0.0,0.0,0.0,0.0,0.0,Optimal,3567.354144099998,3742376.15534414
2761,,80.0,30.0,0.0,74.372831,0.0,30.0,30.0,0.0,0.0,0.0,0.0,0.0,0.0,Optimal,3567.354144099998,3742376.15534414
2762,,77.36,0.0,7.6401325,66.41436,7.6401325,0.0,-7.6401325,0.0,0.0,0.0,0.0,0.0,0.0,Optimal,3567.354144099998,3742376.15534414
2763,,75.52,0.0,30.0,35.16436,30.0,0.0,-30.0,0.0,0.0,0.0,0.0,0.0,0.0,Optimal,3567.354144099998,3742376.15534414
2764,,74.4,0.0,30.0,3.9143595,30.0,0.0,-30.0,0.0,0.0,0.0,0.0,0.0,0.0,Optimal,3567.354144099998,3742376.15534414
2765,,83.69,0.0,0.0,3.9143595,0.0,0.0,0.0,0.0,0.0,0.0,0.0,0.0,0.0,Optimal,3567.354144099998,3742376.15534414
2766,,100.57,13.394241,0.0,16.772831,0.0,13.394241,13.394241,0.0,0.0,0.0,0.0,0.0,0.0,Optimal,3567.354144099998,3742376.15534414
2767,,126.0,30.0,0.0,45.572831,0.0,30.0,30.0,0.0,0.0,0.0,0.0,0.0,0.0,Optimal,3567.354144099998,3742376.15534414
2768,,112.01,30.0,0.0,74.372831,0.0,30.0,30.0,0.0,0.0,0.0,0.0,0.0,0.0,Optimal,3567.354144099998,3742376.15534414
2769,,92.1,0.0,0.0,74.372831,0.0,0.0,0.0,0.0,0.0,0.0,0.0,0.0,0.0,Optimal,3567.354144099998,3742376.15534414
2770,,80.01,0.0,30.0,43.122831,30.0,0.0,-30.0,0.0,0.0,0.0,0.0,0.0,0.0,Optimal,3567.354144099998,3742376.15534414
2771,,78.2,30.0,0.0,71.922831,0.0,30.0,30.0,0.0,0.0,0.0,0.0,0.0,0.0,Optimal,3567.354144099998,3742376.15534414
2772,,73.92,2.5520833,0.0,74.372831,0.0,2.5520833,2.5520833,0.0,0.0,0.0,0.0,0.0,0.0,Optimal,3567.354144099998,3742376.15534414
2773,,67.3,0.0,30.0,43.122831,30.0,0.0,-30.0,0.0,0.0,0.0,0.0,0.0,0.0,Optimal,3567.354144099998,3742376.15534414
2774,,64.68,0.0,30.0,11.872831,30.0,0.0,-30.0,0.0,0.0,0.0,0.0,0.0,0.0,Optimal,3567.354144099998,3742376.15534414
2775,,67.64,24.262009,0.0,35.16436,0.0,24.262009,24.262009,0.0,0.0,0.0,0.0,0.0,0.0,Optimal,3567.354144099998,3742376.15534414
2776,,71.54,0.0,30.0,3.9143595,30.0,0.0,-30.0,0.0,0.0,0.0,0.0,0.0,0.0,Optimal,3567.354144099998,3742376.15534414
2777,,78.92,0.0,0.0,3.9143595,0.0,0.0,0.0,0.0,0.0,0.0,0.0,0.0,0.0,Optimal,3567.354144099998,3742376.15534414
2778,,94.69,0.0,0.0,3.9143595,0.0,0.0,0.0,0.0,0.0,0.0,0.0,0.0,0.0,Optimal,3567.354144099998,3742376.15534414
2779,,121.7,30.0,0.0,32.71436,0.0,30.0,30.0,0.0,0.0,0.0,0.0,0.0,0.0,Optimal,3567.354144099998,3742376.15534414
2780,,140.93,30.0,0.0,61.51436,0.0,30.0,30.0,0.0,0.0,0.0,0.0,0.0,0.0,Optimal,3567.354144099998,3742376.15534414
2781,,113.43,13.394241,0.0,74.372831,0.0,13.394241,13.394241,0.0,0.0,0.0,0.0,0.0,0.0,Optimal,3567.354144099998,3742376.15534414
2782,,91.35,0.0,0.0,74.372831,0.0,0.0,0.0,0.0,0.0,0.0,0.0,0.0,0.0,Optimal,3567.354144099998,3742376.15534414
2783,,79.74,0.0,30.0,43.122831,30.0,0.0,-30.0,0.0,0.0,0.0,0.0,0.0,0.0,Optimal,3567.354144099998,3742376.15534414
2784,,79.87,30.0,0.0,71.922831,0.0,30.0,30.0,0.0,0.0,0.0,0.0,0.0,0.0,Optimal,3567.354144099998,3742376.15534414
2785,,74.0,0.0,30.0,40.672831,30.0,0.0,-30.0,0.0,0.0,0.0,0.0,0.0,0.0,Optimal,3567.354144099998,3742376.15534414
2786,,74.2,26.814092,0.0,66.41436,0.0,26.814092,26.814092,0.0,0.0,0.0,0.0,0.0,0.0,Optimal,3567.354144099998,3742376.15534414
2787,,74.07,0.0,30.0,35.16436,30.0,0.0,-30.0,0.0,0.0,0.0,0.0,0.0,0.0,Optimal,3567.354144099998,3742376.15534414
2788,,77.1,0.0,30.0,3.9143595,30.0,0.0,-30.0,0.0,0.0,0.0,0.0,0.0,0.0,Optimal,3567.354144099998,3742376.15534414
2789,,82.98,0.0,0.0,3.9143595,0.0,0.0,0.0,0.0,0.0,0.0,0.0,0.0,0.0,Optimal,3567.354144099998,3742376.15534414
2790,,93.51,13.394241,0.0,16.772831,0.0,13.394241,13.394241,0.0,0.0,0.0,0.0,0.0,0.0,Optimal,3567.354144099998,3742376.15534414
2791,,104.06,30.0,0.0,45.572831,0.0,30.0,30.0,0.0,0.0,0.0,0.0,0.0,0.0,Optimal,3567.354144099998,3742376.15534414
2792,,96.06,30.0,0.0,74.372831,0.0,30.0,30.0,0.0,0.0,0.0,0.0,0.0,0.0,Optimal,3567.354144099998,3742376.15534414
2793,,81.08,0.0,27.648,45.572831,27.648,0.0,-27.648,0.0,0.0,0.0,0.0,0.0,0.0,Optimal,3567.354144099998,3742376.15534414
2794,,80.26,30.0,0.0,74.372831,0.0,30.0,30.0,0.0,0.0,0.0,0.0,0.0,0.0,Optimal,3567.354144099998,3742376.15534414
2795,,72.95,0.0,30.0,43.122831,30.0,0.0,-30.0,0.0,0.0,0.0,0.0,0.0,0.0,Optimal,3567.354144099998,3742376.15534414
2796,,70.35,30.0,0.0,71.922831,0.0,30.0,30.0,0.0,0.0,0.0,0.0,0.0,0.0,Optimal,3567.354144099998,3742376.15534414
2797,,68.74,0.0,30.0,40.672831,30.0,0.0,-30.0,0.0,0.0,0.0,0.0,0.0,0.0,Optimal,3567.354144099998,3742376.15534414
2798,,65.37,0.0,30.0,9.4228309,30.0,0.0,-30.0,0.0,0.0,0.0,0.0,0.0,0.0,Optimal,3567.354144099998,3742376.15534414
2799,,69.92,26.814092,0.0,35.16436,0.0,26.814092,26.814092,0.0,0.0,0.0,0.0,0.0,0.0,Optimal,3567.354144099998,3742376.15534414
2800,,71.73,0.0,30.0,3.9143595,30.0,0.0,-30.0,0.0,0.0,0.0,0.0,0.0,0.0,Optimal,3567.354144099998,3742376.15534414
2801,,80.23,0.0,0.0,3.9143595,0.0,0.0,0.0,0.0,0.0,0.0,0.0,0.0,0.0,Optimal,3567.354144099998,3742376.15534414
2802,,93.37,0.0,0.0,3.9143595,0.0,0.0,0.0,0.0,0.0,0.0,0.0,0.0,0.0,Optimal,3567.354144099998,3742376.15534414
2803,,128.61,30.0,0.0,32.71436,0.0,30.0,30.0,0.0,0.0,0.0,0.0,0.0,0.0,Optimal,3567.354144099998,3742376.15534414
2804,,136.56,30.0,0.0,61.51436,0.0,30.0,30.0,0.0,0.0,0.0,0.0,0.0,0.0,Optimal,3567.354144099998,3742376.15534414
2805,,108.61,13.394241,0.0,74.372831,0.0,13.394241,13.394241,0.0,0.0,0.0,0.0,0.0,0.0,Optimal,3567.354144099998,3742376.15534414
2806,,91.91,0.0,25.296,48.022831,25.296,0.0,-25.296,0.0,0.0,0.0,0.0,0.0,0.0,Optimal,3567.354144099998,3742376.15534414
2807,,88.26,0.0,30.0,16.772831,30.0,0.0,-30.0,0.0,0.0,0.0,0.0,0.0,0.0,Optimal,3567.354144099998,3742376.15534414
2808,,90.29,30.0,0.0,45.572831,0.0,30.0,30.0,0.0,0.0,0.0,0.0,0.0,0.0,Optimal,3567.354144099998,3742376.15534414
2809,,88.47,30.0,0.0,74.372831,0.0,30.0,30.0,0.0,0.0,0.0,0.0,0.0,0.0,Optimal,3567.354144099998,3742376.15534414
2810,,85.5,0.0,27.648,45.572831,27.648,0.0,-27.648,0.0,0.0,0.0,0.0,0.0,0.0,Optimal,3567.354144099998,3742376.15534414
2811,,86.86,30.0,0.0,74.372831,0.0,30.0,30.0,0.0,0.0,0.0,0.0,0.0,0.0,Optimal,3567.354144099998,3742376.15534414
2812,,84.14,0.0,25.296,48.022831,25.296,0.0,-25.296,0.0,0.0,0.0,0.0,0.0,0.0,Optimal,3567.354144099998,3742376.15534414
2813,,82.49,0.0,30.0,16.772831,30.0,0.0,-30.0,0.0,0.0,0.0,0.0,0.0,0.0,Optimal,3567.354144099998,3742376.15534414
2814,,86.08,30.0,0.0,45.572831,0.0,30.0,30.0,0.0,0.0,0.0,0.0,0.0,0.0,Optimal,3567.354144099998,3742376.15534414
2815,,79.04,30.0,0.0,74.372831,0.0,30.0,30.0,0.0,0.0,0.0,0.0,0.0,0.0,Optimal,3567.354144099998,3742376.15534414
2816,,69.84,0.0,0.0,74.372831,0.0,0.0,0.0,0.0,0.0,0.0,0.0,0.0,0.0,Optimal,3567.354144099998,3742376.15534414
2817,,61.26,0.0,0.0,74.372831,0.0,0.0,0.0,0.0,0.0,0.0,0.0,0.0,0.0,Optimal,3567.354144099998,3742376.15534414
2818,,36.02,0.0,0.0,74.372831,0.0,0.0,0.0,0.0,0.0,0.0,0.0,0.0,0.0,Optimal,3567.354144099998,3742376.15534414
2819,,8.43,0.0,0.0,74.372831,0.0,0.0,0.0,0.0,0.0,0.0,0.0,0.0,0.0,Optimal,3567.354144099998,3742376.15534414
2820,,0.03,0.0,0.0,74.372831,0.0,0.0,0.0,0.0,0.0,0.0,0.0,0.0,0.0,Optimal,3567.354144099998,3742376.15534414
2821,,-0.02,0.0,30.0,43.122831,30.0,0.0,-30.0,0.0,0.0,0.0,0.0,0.0,0.0,Optimal,3567.354144099998,3742376.15534414
2822,,0.0,0.0,30.0,11.872831,30.0,0.0,-30.0,0.0,0.0,0.0,0.0,0.0,0.0,Optimal,3567.354144099998,3742376.15534414
2823,,0.0,0.0,7.6401325,3.9143595,7.6401325,0.0,-7.6401325,0.0,0.0,0.0,0.0,0.0,0.0,Optimal,3567.354144099998,3742376.15534414
2824,,22.0,0.0,0.0,3.9143595,0.0,0.0,0.0,0.0,0.0,0.0,0.0,0.0,0.0,Optimal,3567.354144099998,3742376.15534414
2825,,71.67,0.0,0.0,3.9143595,0.0,0.0,0.0,0.0,0.0,0.0,0.0,0.0,0.0,Optimal,3567.354144099998,3742376.15534414
2826,,90.63,13.394241,0.0,16.772831,0.0,13.394241,13.394241,0.0,0.0,0.0,0.0,0.0,0.0,Optimal,3567.354144099998,3742376.15534414
2827,,119.9,30.0,0.0,45.572831,0.0,30.0,30.0,0.0,0.0,0.0,0.0,0.0,0.0,Optimal,3567.354144099998,3742376.15534414
2828,,112.27,30.0,0.0,74.372831,0.0,30.0,30.0,0.0,0.0,0.0,0.0,0.0,0.0,Optimal,3567.354144099998,3742376.15534414
2829,,85.0,0.0,0.0,74.372831,0.0,0.0,0.0,0.0,0.0,0.0,0.0,0.0,0.0,Optimal,3567.354144099998,3742376.15534414
2830,,75.9,0.0,0.0,74.372831,0.0,0.0,0.0,0.0,0.0,0.0,0.0,0.0,0.0,Optimal,3567.354144099998,3742376.15534414
2831,,65.23,0.0,0.0,74.372831,0.0,0.0,0.0,0.0,0.0,0.0,0.0,0.0,0.0,Optimal,3567.354144099998,3742376.15534414
2832,,56.39,0.0,0.0,74.372831,0.0,0.0,0.0,0.0,0.0,0.0,0.0,0.0,0.0,Optimal,3567.354144099998,3742376.15534414
2833,,46.14,0.0,0.0,74.372831,0.0,0.0,0.0,0.0,0.0,0.0,0.0,0.0,0.0,Optimal,3567.354144099998,3742376.15534414
2834,,39.6,0.0,0.0,74.372831,0.0,0.0,0.0,0.0,0.0,0.0,0.0,0.0,0.0,Optimal,3567.354144099998,3742376.15534414
2835,,31.55,0.0,0.0,74.372831,0.0,0.0,0.0,0.0,0.0,0.0,0.0,0.0,0.0,Optimal,3567.354144099998,3742376.15534414
2836,,27.58,0.0,27.648,45.572831,27.648,0.0,-27.648,0.0,0.0,0.0,0.0,0.0,0.0,Optimal,3567.354144099998,3742376.15534414
2837,,25.96,30.0,0.0,74.372831,0.0,30.0,30.0,0.0,0.0,0.0,0.0,0.0,0.0,Optimal,3567.354144099998,3742376.15534414
2838,,9.92,0.0,0.0,74.372831,0.0,0.0,0.0,0.0,0.0,0.0,0.0,0.0,0.0,Optimal,3567.354144099998,3742376.15534414
2839,,0.1,0.0,0.0,74.372831,0.0,0.0,0.0,0.0,0.0,0.0,0.0,0.0,0.0,Optimal,3567.354144099998,3742376.15534414
2840,,-0.07,0.0,0.0,74.372831,0.0,0.0,0.0,0.0,0.0,0.0,0.0,0.0,0.0,Optimal,3567.354144099998,3742376.15534414
2841,,-1.02,0.0,0.0,74.372831,0.0,0.0,0.0,0.0,0.0,0.0,0.0,0.0,0.0,Optimal,3567.354144099998,3742376.15534414
2842,,-16.64,0.0,0.0,74.372831,0.0,0.0,0.0,0.0,0.0,0.0,0.0,0.0,0.0,Optimal,3567.354144099998,3742376.15534414
2843,,-36.72,0.0,0.0,74.372831,0.0,0.0,0.0,0.0,0.0,0.0,0.0,0.0,0.0,Optimal,3567.354144099998,3742376.15534414
2844,,-62.2,0.0,7.6401325,66.41436,7.6401325,0.0,-7.6401325,0.0,0.0,0.0,0.0,0.0,0.0,Optimal,3567.354144099998,3742376.15534414
2845,,-63.89,0.0,30.0,35.16436,30.0,0.0,-30.0,0.0,0.0,0.0,0.0,0.0,0.0,Optimal,3567.354144099998,3742376.15534414
2846,,-65.06,0.0,30.0,3.9143595,30.0,0.0,-30.0,0.0,0.0,0.0,0.0,0.0,0.0,Optimal,3567.354144099998,3742376.15534414
2847,,-52.43,0.0,0.0,3.9143595,0.0,0.0,0.0,0.0,0.0,0.0,0.0,0.0,0.0,Optimal,3567.354144099998,3742376.15534414
2848,,-23.42,0.0,0.0,3.9143595,0.0,0.0,0.0,0.0,0.0,0.0,0.0,0.0,0.0,Optimal,3567.354144099998,3742376.15534414
2849,,-0.02,0.0,0.0,3.9143595,0.0,0.0,0.0,0.0,0.0,0.0,0.0,0.0,0.0,Optimal,3567.354144099998,3742376.15534414
2850,,24.78,0.0,0.0,3.9143595,0.0,0.0,0.0,0.0,0.0,0.0,0.0,0.0,0.0,Optimal,3567.354144099998,3742376.15534414
2851,,68.52,0.0,0.0,3.9143595,0.0,0.0,0.0,0.0,0.0,0.0,0.0,0.0,0.0,Optimal,3567.354144099998,3742376.15534414
2852,,77.08,30.0,0.0,32.71436,0.0,30.0,30.0,0.0,0.0,0.0,0.0,0.0,0.0,Optimal,3567.354144099998,3742376.15534414
2853,,78.56,30.0,0.0,61.51436,0.0,30.0,30.0,0.0,0.0,0.0,0.0,0.0,0.0,Optimal,3567.354144099998,3742376.15534414
2854,,72.21,13.394241,0.0,74.372831,0.0,13.394241,13.394241,0.0,0.0,0.0,0.0,0.0,0.0,Optimal,3567.354144099998,3742376.15534414
2855,,66.94,0.0,27.648,45.572831,27.648,0.0,-27.648,0.0,0.0,0.0,0.0,0.0,0.0,Optimal,3567.354144099998,3742376.15534414
2856,,63.15,30.0,0.0,74.372831,0.0,30.0,30.0,0.0,0.0,0.0,0.0,0.0,0.0,Optimal,3567.354144099998,3742376.15534414
2857,,60.05,0.0,30.0,43.122831,30.0,0.0,-30.0,0.0,0.0,0.0,0.0,0.0,0.0,Optimal,3567.354144099998,3742376.15534414
2858,,58.93,0.0,30.0,11.872831,30.0,0.0,-30.0,0.0,0.0,0.0,0.0,0.0,0.0,Optimal,3567.354144099998,3742376.15534414
2859,,62.08,0.0,7.6401325,3.9143595,7.6401325,0.0,-7.6401325,0.0,0.0,0.0,0.0,0.0,0.0,Optimal,3567.354144099998,3742376.15534414
2860,,74.78,0.0,0.0,3.9143595,0.0,0.0,0.0,0.0,0.0,0.0,0.0,0.0,0.0,Optimal,3567.354144099998,3742376.15534414
2861,,82.13,0.0,0.0,3.9143595,0.0,0.0,0.0,0.0,0.0,0.0,0.0,0.0,0.0,Optimal,3567.354144099998,3742376.15534414
2862,,99.07,13.394241,0.0,16.772831,0.0,13.394241,13.394241,0.0,0.0,0.0,0.0,0.0,0.0,Optimal,3567.354144099998,3742376.15534414
2863,,113.7,30.0,0.0,45.572831,0.0,30.0,30.0,0.0,0.0,0.0,0.0,0.0,0.0,Optimal,3567.354144099998,3742376.15534414
2864,,100.51,30.0,0.0,74.372831,0.0,30.0,30.0,0.0,0.0,0.0,0.0,0.0,0.0,Optimal,3567.354144099998,3742376.15534414
2865,,75.02,0.0,0.0,74.372831,0.0,0.0,0.0,0.0,0.0,0.0,0.0,0.0,0.0,Optimal,3567.354144099998,3742376.15534414
2866,,58.17,0.0,0.0,74.372831,0.0,0.0,0.0,0.0,0.0,0.0,0.0,0.0,0.0,Optimal,3567.354144099998,3742376.15534414
2867,,36.16,0.0,27.648,45.572831,27.648,0.0,-27.648,0.0,0.0,0.0,0.0,0.0,0.0,Optimal,3567.354144099998,3742376.15534414
2868,,34.9,30.0,0.0,74.372831,0.0,30.0,30.0,0.0,0.0,0.0,0.0,0.0,0.0,Optimal,3567.354144099998,3742376.15534414
2869,,28.0,0.0,30.0,43.122831,30.0,0.0,-30.0,0.0,0.0,0.0,0.0,0.0,0.0,Optimal,3567.354144099998,3742376.15534414
2870,,32.28,0.0,30.0,11.872831,30.0,0.0,-30.0,0.0,0.0,0.0,0.0,0.0,0.0,Optimal,3567.354144099998,3742376.15534414
2871,,35.55,0.0,7.6401325,3.9143595,7.6401325,0.0,-7.6401325,0.0,0.0,0.0,0.0,0.0,0.0,Optimal,3567.354144099998,3742376.15534414
2872,,47.68,0.0,0.0,3.9143595,0.0,0.0,0.0,0.0,0.0,0.0,0.0,0.0,0.0,Optimal,3567.354144099998,3742376.15534414
2873,,69.21,0.0,0.0,3.9143595,0.0,0.0,0.0,0.0,0.0,0.0,0.0,0.0,0.0,Optimal,3567.354144099998,3742376.15534414
2874,,82.5,0.0,0.0,3.9143595,0.0,0.0,0.0,0.0,0.0,0.0,0.0,0.0,0.0,Optimal,3567.354144099998,3742376.15534414
2875,,150.0,30.0,0.0,32.71436,0.0,30.0,30.0,0.0,0.0,0.0,0.0,0.0,0.0,Optimal,3567.354144099998,3742376.15534414
2876,,185.41,30.0,0.0,61.51436,0.0,30.0,30.0,0.0,0.0,0.0,0.0,0.0,0.0,Optimal,3567.354144099998,3742376.15534414
2877,,106.81,13.394241,0.0,74.372831,0.0,13.394241,13.394241,0.0,0.0,0.0,0.0,0.0,0.0,Optimal,3567.354144099998,3742376.15534414
2878,,86.86,0.0,0.0,74.372831,0.0,0.0,0.0,0.0,0.0,0.0,0.0,0.0,0.0,Optimal,3567.354144099998,3742376.15534414
2879,,79.96,0.0,27.648,45.572831,27.648,0.0,-27.648,0.0,0.0,0.0,0.0,0.0,0.0,Optimal,3567.354144099998,3742376.15534414
2880,,75.9,30.0,0.0,74.372831,0.0,30.0,30.0,0.0,0.0,0.0,0.0,0.0,0.0,Optimal,3567.354144099998,3742376.15534414
2881,,71.6,0.0,30.0,43.122831,30.0,0.0,-30.0,0.0,0.0,0.0,0.0,0.0,0.0,Optimal,3567.354144099998,3742376.15534414
2882,,70.05,24.262009,0.0,66.41436,0.0,24.262009,24.262009,0.0,0.0,0.0,0.0,0.0,0.0,Optimal,3567.354144099998,3742376.15534414
2883,,69.85,0.0,30.0,35.16436,30.0,0.0,-30.0,0.0,0.0,0.0,0.0,0.0,0.0,Optimal,3567.354144099998,3742376.15534414
2884,,69.43,0.0,30.0,3.9143595,30.0,0.0,-30.0,0.0,0.0,0.0,0.0,0.0,0.0,Optimal,3567.354144099998,3742376.15534414
2885,,78.63,0.0,0.0,3.9143595,0.0,0.0,0.0,0.0,0.0,0.0,0.0,0.0,0.0,Optimal,3567.354144099998,3742376.15534414
2886,,93.89,30.0,0.0,32.71436,0.0,30.0,30.0,0.0,0.0,0.0,0.0,0.0,0.0,Optimal,3567.354144099998,3742376.15534414
2887,,101.66,30.0,0.0,61.51436,0.0,30.0,30.0,0.0,0.0,0.0,0.0,0.0,0.0,Optimal,3567.354144099998,3742376.15534414
2888,,93.2,13.394241,0.0,74.372831,0.0,13.394241,13.394241,0.0,0.0,0.0,0.0,0.0,0.0,Optimal,3567.354144099998,3742376.15534414
2889,,77.71,0.0,0.0,74.372831,0.0,0.0,0.0,0.0,0.0,0.0,0.0,0.0,0.0,Optimal,3567.354144099998,3742376.15534414
2890,,62.06,0.0,0.0,74.372831,0.0,0.0,0.0,0.0,0.0,0.0,0.0,0.0,0.0,Optimal,3567.354144099998,3742376.15534414
2891,,44.89,0.0,0.0,74.372831,0.0,0.0,0.0,0.0,0.0,0.0,0.0,0.0,0.0,Optimal,3567.354144099998,3742376.15534414
2892,,28.01,0.0,0.0,74.372831,0.0,0.0,0.0,0.0,0.0,0.0,0.0,0.0,0.0,Optimal,3567.354144099998,3742376.15534414
2893,,14.08,0.0,30.0,43.122831,30.0,0.0,-30.0,0.0,0.0,0.0,0.0,0.0,0.0,Optimal,3567.354144099998,3742376.15534414
2894,,12.81,0.0,30.0,11.872831,30.0,0.0,-30.0,0.0,0.0,0.0,0.0,0.0,0.0,Optimal,3567.354144099998,3742376.15534414
2895,,19.14,0.0,7.6401325,3.9143595,7.6401325,0.0,-7.6401325,0.0,0.0,0.0,0.0,0.0,0.0,Optimal,3567.354144099998,3742376.15534414
2896,,44.14,0.0,0.0,3.9143595,0.0,0.0,0.0,0.0,0.0,0.0,0.0,0.0,0.0,Optimal,3567.354144099998,3742376.15534414
2897,,65.52,0.0,0.0,3.9143595,0.0,0.0,0.0,0.0,0.0,0.0,0.0,0.0,0.0,Optimal,3567.354144099998,3742376.15534414
2898,,86.2,0.0,0.0,3.9143595,0.0,0.0,0.0,0.0,0.0,0.0,0.0,0.0,0.0,Optimal,3567.354144099998,3742376.15534414
2899,,116.72,30.0,0.0,32.71436,0.0,30.0,30.0,0.0,0.0,0.0,0.0,0.0,0.0,Optimal,3567.354144099998,3742376.15534414
2900,,128.93,30.0,0.0,61.51436,0.0,30.0,30.0,0.0,0.0,0.0,0.0,0.0,0.0,Optimal,3567.354144099998,3742376.15534414
2901,,88.15,13.394241,0.0,74.372831,0.0,13.394241,13.394241,0.0,0.0,0.0,0.0,0.0,0.0,Optimal,3567.354144099998,3742376.15534414
2902,,80.0,0.0,30.0,43.122831,30.0,0.0,-30.0,0.0,0.0,0.0,0.0,0.0,0.0,Optimal,3567.354144099998,3742376.15534414
2903,,81.8,30.0,0.0,71.922831,0.0,30.0,30.0,0.0,0.0,0.0,0.0,0.0,0.0,Optimal,3567.354144099998,3742376.15534414
2904,,76.77,0.0,30.0,40.672831,30.0,0.0,-30.0,0.0,0.0,0.0,0.0,0.0,0.0,Optimal,3567.354144099998,3742376.15534414
2905,,79.89,0.0,30.0,9.4228309,30.0,0.0,-30.0,0.0,0.0,0.0,0.0,0.0,0.0,Optimal,3567.354144099998,3742376.15534414
2906,,81.1,30.0,0.0,38.222831,0.0,30.0,30.0,0.0,0.0,0.0,0.0,0.0,0.0,Optimal,3567.354144099998,3742376.15534414
2907,,80.1,30.0,0.0,67.022831,0.0,30.0,30.0,0.0,0.0,0.0,0.0,0.0,0.0,Optimal,3567.354144099998,3742376.15534414
2908,,68.0,0.0,30.0,35.772831,30.0,0.0,-30.0,0.0,0.0,0.0,0.0,0.0,0.0,Optimal,3567.354144099998,3742376.15534414
2909,,75.0,0.0,30.0,4.5228309,30.0,0.0,-30.0,0.0,0.0,0.0,0.0,0.0,0.0,Optimal,3567.354144099998,3742376.15534414
2910,,80.1,30.0,0.0,33.322831,0.0,30.0,30.0,0.0,0.0,0.0,0.0,0.0,0.0,Optimal,3567.354144099998,3742376.15534414
2911,,100.0,30.0,0.0,62.122831,0.0,30.0,30.0,0.0,0.0,0.0,0.0,0.0,0.0,Optimal,3567.354144099998,3742376.15534414
2912,,80.0,12.760417,0.0,74.372831,0.0,12.760417,12.760417,0.0,0.0,0.0,0.0,0.0,0.0,Optimal,3567.354144099998,3742376.15534414
2913,,16.7,0.0,0.0,74.372831,0.0,0.0,0.0,0.0,0.0,0.0,0.0,0.0,0.0,Optimal,3567.354144099998,3742376.15534414
2914,,-1.0,0.0,0.0,74.372831,0.0,0.0,0.0,0.0,0.0,0.0,0.0,0.0,0.0,Optimal,3567.354144099998,3742376.15534414
2915,,-44.75,0.0,0.0,74.372831,0.0,0.0,0.0,0.0,0.0,0.0,0.0,0.0,0.0,Optimal,3567.354144099998,3742376.15534414
2916,,-102.66,0.0,7.6401325,66.41436,7.6401325,0.0,-7.6401325,0.0,0.0,0.0,0.0,0.0,0.0,Optimal,3567.354144099998,3742376.15534414
2917,,-200.0,0.0,30.0,35.16436,30.0,0.0,-30.0,0.0,0.0,0.0,0.0,0.0,0.0,Optimal,3567.354144099998,3742376.15534414
2918,,-200.0,0.0,30.0,3.9143595,30.0,0.0,-30.0,0.0,0.0,0.0,0.0,0.0,0.0,Optimal,3567.354144099998,3742376.15534414
2919,,-92.0,0.0,0.0,3.9143595,0.0,0.0,0.0,0.0,0.0,0.0,0.0,0.0,0.0,Optimal,3567.354144099998,3742376.15534414
2920,,-28.8,0.0,0.0,3.9143595,0.0,0.0,0.0,0.0,0.0,0.0,0.0,0.0,0.0,Optimal,3567.354144099998,3742376.15534414
2921,,2.39,0.0,0.0,3.9143595,0.0,0.0,0.0,0.0,0.0,0.0,0.0,0.0,0.0,Optimal,3567.354144099998,3742376.15534414
2922,,60.0,0.0,0.0,3.9143595,0.0,0.0,0.0,0.0,0.0,0.0,0.0,0.0,0.0,Optimal,3567.354144099998,3742376.15534414
2923,,106.0,30.0,0.0,32.71436,0.0,30.0,30.0,0.0,0.0,0.0,0.0,0.0,0.0,Optimal,3567.354144099998,3742376.15534414
2924,,130.3,30.0,0.0,61.51436,0.0,30.0,30.0,0.0,0.0,0.0,0.0,0.0,0.0,Optimal,3567.354144099998,3742376.15534414
2925,,100.0,13.394241,0.0,74.372831,0.0,13.394241,13.394241,0.0,0.0,0.0,0.0,0.0,0.0,Optimal,3567.354144099998,3742376.15534414
2926,,81.1,0.0,27.648,45.572831,27.648,0.0,-27.648,0.0,0.0,0.0,0.0,0.0,0.0,Optimal,3567.354144099998,3742376.15534414
2927,,76.0,30.0,0.0,74.372831,0.0,30.0,30.0,0.0,0.0,0.0,0.0,0.0,0.0,Optimal,3567.354144099998,3742376.15534414
2928,,61.0,0.0,0.0,74.372831,0.0,0.0,0.0,0.0,0.0,0.0,0.0,0.0,0.0,Optimal,3567.354144099998,3742376.15534414
2929,,51.1,0.0,0.0,74.372831,0.0,0.0,0.0,0.0,0.0,0.0,0.0,0.0,0.0,Optimal,3567.354144099998,3742376.15534414
2930,,40.0,0.0,30.0,43.122831,30.0,0.0,-30.0,0.0,0.0,0.0,0.0,0.0,0.0,Optimal,3567.354144099998,3742376.15534414
2931,,39.4,24.262009,0.0,66.41436,0.0,24.262009,24.262009,0.0,0.0,0.0,0.0,0.0,0.0,Optimal,3567.354144099998,3742376.15534414
2932,,34.3,0.0,30.0,35.16436,30.0,0.0,-30.0,0.0,0.0,0.0,0.0,0.0,0.0,Optimal,3567.354144099998,3742376.15534414
2933,,37.8,0.0,30.0,3.9143595,30.0,0.0,-30.0,0.0,0.0,0.0,0.0,0.0,0.0,Optimal,3567.354144099998,3742376.15534414
2934,,68.98,13.394241,0.0,16.772831,0.0,13.394241,13.394241,0.0,0.0,0.0,0.0,0.0,0.0,Optimal,3567.354144099998,3742376.15534414
2935,,80.0,30.0,0.0,45.572831,0.0,30.0,30.0,0.0,0.0,0.0,0.0,0.0,0.0,Optimal,3567.354144099998,3742376.15534414
2936,,84.0,30.0,0.0,74.372831,0.0,30.0,30.0,0.0,0.0,0.0,0.0,0.0,0.0,Optimal,3567.354144099998,3742376.15534414
2937,,31.45,0.0,0.0,74.372831,0.0,0.0,0.0,0.0,0.0,0.0,0.0,0.0,0.0,Optimal,3567.354144099998,3742376.15534414
2938,,-10.0,0.0,0.0,74.372831,0.0,0.0,0.0,0.0,0.0,0.0,0.0,0.0,0.0,Optimal,3567.354144099998,3742376.15534414
2939,,-20.0,0.0,30.0,43.122831,30.0,0.0,-30.0,0.0,0.0,0.0,0.0,0.0,0.0,Optimal,3567.354144099998,3742376.15534414
2940,,-16.79,0.0,7.6401325,35.16436,7.6401325,0.0,-7.6401325,0.0,0.0,0.0,0.0,0.0,0.0,Optimal,3567.354144099998,3742376.15534414
2941,,-20.06,0.0,30.0,3.9143595,30.0,0.0,-30.0,0.0,0.0,0.0,0.0,0.0,0.0,Optimal,3567.354144099998,3742376.15534414
2942,,-0.1,0.0,0.0,3.9143595,0.0,0.0,0.0,0.0,0.0,0.0,0.0,0.0,0.0,Optimal,3567.354144099998,3742376.15534414
2943,,-0.01,0.0,0.0,3.9143595,0.0,0.0,0.0,0.0,0.0,0.0,0.0,0.0,0.0,Optimal,3567.354144099998,3742376.15534414
2944,,5.49,0.0,0.0,3.9143595,0.0,0.0,0.0,0.0,0.0,0.0,0.0,0.0,0.0,Optimal,3567.354144099998,3742376.15534414
2945,,70.0,0.0,0.0,3.9143595,0.0,0.0,0.0,0.0,0.0,0.0,0.0,0.0,0.0,Optimal,3567.354144099998,3742376.15534414
2946,,89.77,0.0,0.0,3.9143595,0.0,0.0,0.0,0.0,0.0,0.0,0.0,0.0,0.0,Optimal,3567.354144099998,3742376.15534414
2947,,104.4,30.0,0.0,32.71436,0.0,30.0,30.0,0.0,0.0,0.0,0.0,0.0,0.0,Optimal,3567.354144099998,3742376.15534414
2948,,120.0,30.0,0.0,61.51436,0.0,30.0,30.0,0.0,0.0,0.0,0.0,0.0,0.0,Optimal,3567.354144099998,3742376.15534414
2949,,96.0,13.394241,0.0,74.372831,0.0,13.394241,13.394241,0.0,0.0,0.0,0.0,0.0,0.0,Optimal,3567.354144099998,3742376.15534414
2950,,89.0,0.0,25.296,48.022831,25.296,0.0,-25.296,0.0,0.0,0.0,0.0,0.0,0.0,Optimal,3567.354144099998,3742376.15534414
2951,,88.0,0.0,30.0,16.772831,30.0,0.0,-30.0,0.0,0.0,0.0,0.0,0.0,0.0,Optimal,3567.354144099998,3742376.15534414
2952,,95.0,30.0,0.0,45.572831,0.0,30.0,30.0,0.0,0.0,0.0,0.0,0.0,0.0,Optimal,3567.354144099998,3742376.15534414
2953,,83.94,30.0,0.0,74.372831,0.0,30.0,30.0,0.0,0.0,0.0,0.0,0.0,0.0,Optimal,3567.354144099998,3742376.15534414
2954,,80.0,0.0,27.648,45.572831,27.648,0.0,-27.648,0.0,0.0,0.0,0.0,0.0,0.0,Optimal,3567.354144099998,3742376.15534414
2955,,78.0,30.0,0.0,74.372831,0.0,30.0,30.0,0.0,0.0,0.0,0.0,0.0,0.0,Optimal,3567.354144099998,3742376.15534414
2956,,68.0,0.0,30.0,43.122831,30.0,0.0,-30.0,0.0,0.0,0.0,0.0,0.0,0.0,Optimal,3567.354144099998,3742376.15534414
2957,,67.0,0.0,30.0,11.872831,30.0,0.0,-30.0,0.0,0.0,0.0,0.0,0.0,0.0,Optimal,3567.354144099998,3742376.15534414
2958,,76.32,0.0,7.6401325,3.9143595,7.6401325,0.0,-7.6401325,0.0,0.0,0.0,0.0,0.0,0.0,Optimal,3567.354144099998,3742376.15534414
2959,,82.39,13.394241,0.0,16.772831,0.0,13.394241,13.394241,0.0,0.0,0.0,0.0,0.0,0.0,Optimal,3567.354144099998,3742376.15534414
2960,,92.31,30.0,0.0,45.572831,0.0,30.0,30.0,0.0,0.0,0.0,0.0,0.0,0.0,Optimal,3567.354144099998,3742376.15534414
2961,,100.0,30.0,0.0,74.372831,0.0,30.0,30.0,0.0,0.0,0.0,0.0,0.0,0.0,Optimal,3567.354144099998,3742376.15534414
2962,,73.95,0.0,27.648,45.572831,27.648,0.0,-27.648,0.0,0.0,0.0,0.0,0.0,0.0,Optimal,3567.354144099998,3742376.15534414
2963,,69.13,30.0,0.0,74.372831,0.0,30.0,30.0,0.0,0.0,0.0,0.0,0.0,0.0,Optimal,3567.354144099998,3742376.15534414
2964,,61.0,0.0,7.6401325,66.41436,7.6401325,0.0,-7.6401325,0.0,0.0,0.0,0.0,0.0,0.0,Optimal,3567.354144099998,3742376.15534414
2965,,56.64,0.0,30.0,35.16436,30.0,0.0,-30.0,0.0,0.0,0.0,0.0,0.0,0.0,Optimal,3567.354144099998,3742376.15534414
2966,,57.05,0.0,30.0,3.9143595,30.0,0.0,-30.0,0.0,0.0,0.0,0.0,0.0,0.0,Optimal,3567.354144099998,3742376.15534414
2967,,60.72,30.0,0.0,32.71436,0.0,30.0,30.0,0.0,0.0,0.0,0.0,0.0,0.0,Optimal,3567.354144099998,3742376.15534414
2968,,64.01,0.0,27.648,3.9143595,27.648,0.0,-27.648,0.0,0.0,0.0,0.0,0.0,0.0,Optimal,3567.354144099998,3742376.15534414
2969,,69.82,0.0,0.0,3.9143595,0.0,0.0,0.0,0.0,0.0,0.0,0.0,0.0,0.0,Optimal,3567.354144099998,3742376.15534414
2970,,80.45,0.0,0.0,3.9143595,0.0,0.0,0.0,0.0,0.0,0.0,0.0,0.0,0.0,Optimal,3567.354144099998,3742376.15534414
2971,,97.0,13.394241,0.0,16.772831,0.0,13.394241,13.394241,0.0,0.0,0.0,0.0,0.0,0.0,Optimal,3567.354144099998,3742376.15534414
2972,,110.02,30.0,0.0,45.572831,0.0,30.0,30.0,0.0,0.0,0.0,0.0,0.0,0.0,Optimal,3567.354144099998,3742376.15534414
2973,,105.27,30.0,0.0,74.372831,0.0,30.0,30.0,0.0,0.0,0.0,0.0,0.0,0.0,Optimal,3567.354144099998,3742376.15534414
2974,,90.11,0.0,0.0,74.372831,0.0,0.0,0.0,0.0,0.0,0.0,0.0,0.0,0.0,Optimal,3567.354144099998,3742376.15534414
2975,,82.92,0.0,30.0,43.122831,30.0,0.0,-30.0,0.0,0.0,0.0,0.0,0.0,0.0,Optimal,3567.354144099998,3742376.15534414
2976,,88.17,30.0,0.0,71.922831,0.0,30.0,30.0,0.0,0.0,0.0,0.0,0.0,0.0,Optimal,3567.354144099998,3742376.15534414
2977,,83.08,0.0,30.0,40.672831,30.0,0.0,-30.0,0.0,0.0,0.0,0.0,0.0,0.0,Optimal,3567.354144099998,3742376.15534414
2978,,80.58,0.0,30.0,9.4228309,30.0,0.0,-30.0,0.0,0.0,0.0,0.0,0.0,0.0,Optimal,3567.354144099998,3742376.15534414
2979,,81.04,26.814092,0.0,35.16436,0.0,26.814092,26.814092,0.0,0.0,0.0,0.0,0.0,0.0,Optimal,3567.354144099998,3742376.15534414
2980,,83.3,0.0,30.0,3.9143595,30.0,0.0,-30.0,0.0,0.0,0.0,0.0,0.0,0.0,Optimal,3567.354144099998,3742376.15534414
2981,,90.93,30.0,0.0,32.71436,0.0,30.0,30.0,0.0,0.0,0.0,0.0,0.0,0.0,Optimal,3567.354144099998,3742376.15534414
2982,,86.0,30.0,0.0,61.51436,0.0,30.0,30.0,0.0,0.0,0.0,0.0,0.0,0.0,Optimal,3567.354144099998,3742376.15534414
2983,,84.67,13.394241,0.0,74.372831,0.0,13.394241,13.394241,0.0,0.0,0.0,0.0,0.0,0.0,Optimal,3567.354144099998,3742376.15534414
2984,,76.06,0.0,0.0,74.372831,0.0,0.0,0.0,0.0,0.0,0.0,0.0,0.0,0.0,Optimal,3567.354144099998,3742376.15534414
2985,,62.33,0.0,0.0,74.372831,0.0,0.0,0.0,0.0,0.0,0.0,0.0,0.0,0.0,Optimal,3567.354144099998,3742376.15534414
2986,,41.17,0.0,0.0,74.372831,0.0,0.0,0.0,0.0,0.0,0.0,0.0,0.0,0.0,Optimal,3567.354144099998,3742376.15534414
2987,,31.18,0.0,0.0,74.372831,0.0,0.0,0.0,0.0,0.0,0.0,0.0,0.0,0.0,Optimal,3567.354144099998,3742376.15534414
2988,,24.9,0.0,7.6401325,66.41436,7.6401325,0.0,-7.6401325,0.0,0.0,0.0,0.0,0.0,0.0,Optimal,3567.354144099998,3742376.15534414
2989,,14.51,0.0,30.0,35.16436,30.0,0.0,-30.0,0.0,0.0,0.0,0.0,0.0,0.0,Optimal,3567.354144099998,3742376.15534414
2990,,13.34,0.0,30.0,3.9143595,30.0,0.0,-30.0,0.0,0.0,0.0,0.0,0.0,0.0,Optimal,3567.354144099998,3742376.15534414
2991,,26.15,0.0,0.0,3.9143595,0.0,0.0,0.0,0.0,0.0,0.0,0.0,0.0,0.0,Optimal,3567.354144099998,3742376.15534414
2992,,61.7,0.0,0.0,3.9143595,0.0,0.0,0.0,0.0,0.0,0.0,0.0,0.0,0.0,Optimal,3567.354144099998,3742376.15534414
2993,,83.2,0.0,0.0,3.9143595,0.0,0.0,0.0,0.0,0.0,0.0,0.0,0.0,0.0,Optimal,3567.354144099998,3742376.15534414
2994,,97.34,0.0,0.0,3.9143595,0.0,0.0,0.0,0.0,0.0,0.0,0.0,0.0,0.0,Optimal,3567.354144099998,3742376.15534414
2995,,118.16,30.0,0.0,32.71436,0.0,30.0,30.0,0.0,0.0,0.0,0.0,0.0,0.0,Optimal,3567.354144099998,3742376.15534414
2996,,131.89,30.0,0.0,61.51436,0.0,30.0,30.0,0.0,0.0,0.0,0.0,0.0,0.0,Optimal,3567.354144099998,3742376.15534414
2997,,106.29,13.394241,0.0,74.372831,0.0,13.394241,13.394241,0.0,0.0,0.0,0.0,0.0,0.0,Optimal,3567.354144099998,3742376.15534414
2998,,93.26,0.0,25.296,48.022831,25.296,0.0,-25.296,0.0,0.0,0.0,0.0,0.0,0.0,Optimal,3567.354144099998,3742376.15534414
2999,,87.62,0.0,30.0,16.772831,30.0,0.0,-30.0,0.0,0.0,0.0,0.0,0.0,0.0,Optimal,3567.354144099998,3742376.15534414
3000,,97.86,30.0,0.0,45.572831,0.0,30.0,30.0,0.0,0.0,0.0,0.0,0.0,0.0,Optimal,3567.354144099998,3742376.15534414
3001,,93.47,30.0,0.0,74.372831,0.0,30.0,30.0,0.0,0.0,0.0,0.0,0.0,0.0,Optimal,3567.354144099998,3742376.15534414
3002,,90.54,0.0,27.648,45.572831,27.648,0.0,-27.648,0.0,0.0,0.0,0.0,0.0,0.0,Optimal,3567.354144099998,3742376.15534414
3003,,88.67,30.0,0.0,74.372831,0.0,30.0,30.0,0.0,0.0,0.0,0.0,0.0,0.0,Optimal,3567.354144099998,3742376.15534414
3004,,85.1,0.0,30.0,43.122831,30.0,0.0,-30.0,0.0,0.0,0.0,0.0,0.0,0.0,Optimal,3567.354144099998,3742376.15534414
3005,,85.5,30.0,0.0,71.922831,0.0,30.0,30.0,0.0,0.0,0.0,0.0,0.0,0.0,Optimal,3567.354144099998,3742376.15534414
3006,,80.29,2.5520833,0.0,74.372831,0.0,2.5520833,2.5520833,0.0,0.0,0.0,0.0,0.0,0.0,Optimal,3567.354144099998,3742376.15534414
3007,,74.1,0.0,0.0,74.372831,0.0,0.0,0.0,0.0,0.0,0.0,0.0,0.0,0.0,Optimal,3567.354144099998,3742376.15534414
3008,,49.89,0.0,0.0,74.372831,0.0,0.0,0.0,0.0,0.0,0.0,0.0,0.0,0.0,Optimal,3567.354144099998,3742376.15534414
3009,,26.21,0.0,0.0,74.372831,0.0,0.0,0.0,0.0,0.0,0.0,0.0,0.0,0.0,Optimal,3567.354144099998,3742376.15534414
3010,,8.85,0.0,0.0,74.372831,0.0,0.0,0.0,0.0,0.0,0.0,0.0,0.0,0.0,Optimal,3567.354144099998,3742376.15534414
3011,,0.44,0.0,0.0,74.372831,0.0,0.0,0.0,0.0,0.0,0.0,0.0,0.0,0.0,Optimal,3567.354144099998,3742376.15534414
3012,,0.0,0.0,0.0,74.372831,0.0,0.0,0.0,0.0,0.0,0.0,0.0,0.0,0.0,Optimal,3567.354144099998,3742376.15534414
3013,,-0.04,0.0,7.6401325,66.41436,7.6401325,0.0,-7.6401325,0.0,0.0,0.0,0.0,0.0,0.0,Optimal,3567.354144099998,3742376.15534414
3014,,-0.97,0.0,30.0,35.16436,30.0,0.0,-30.0,0.0,0.0,0.0,0.0,0.0,0.0,Optimal,3567.354144099998,3742376.15534414
3015,,-0.1,0.0,30.0,3.9143595,30.0,0.0,-30.0,0.0,0.0,0.0,0.0,0.0,0.0,Optimal,3567.354144099998,3742376.15534414
3016,,0.0,0.0,0.0,3.9143595,0.0,0.0,0.0,0.0,0.0,0.0,0.0,0.0,0.0,Optimal,3567.354144099998,3742376.15534414
3017,,32.0,0.0,0.0,3.9143595,0.0,0.0,0.0,0.0,0.0,0.0,0.0,0.0,0.0,Optimal,3567.354144099998,3742376.15534414
3018,,92.56,0.0,0.0,3.9143595,0.0,0.0,0.0,0.0,0.0,0.0,0.0,0.0,0.0,Optimal,3567.354144099998,3742376.15534414
3019,,102.26,0.0,0.0,3.9143595,0.0,0.0,0.0,0.0,0.0,0.0,0.0,0.0,0.0,Optimal,3567.354144099998,3742376.15534414
3020,,121.13,30.0,0.0,32.71436,0.0,30.0,30.0,0.0,0.0,0.0,0.0,0.0,0.0,Optimal,3567.354144099998,3742376.15534414
3021,,115.5,30.0,0.0,61.51436,0.0,30.0,30.0,0.0,0.0,0.0,0.0,0.0,0.0,Optimal,3567.354144099998,3742376.15534414
3022,,106.5,13.394241,0.0,74.372831,0.0,13.394241,13.394241,0.0,0.0,0.0,0.0,0.0,0.0,Optimal,3567.354144099998,3742376.15534414
3023,,93.5,0.0,0.0,74.372831,0.0,0.0,0.0,0.0,0.0,0.0,0.0,0.0,0.0,Optimal,3567.354144099998,3742376.15534414
3024,,82.86,0.0,30.0,43.122831,30.0,0.0,-30.0,0.0,0.0,0.0,0.0,0.0,0.0,Optimal,3567.354144099998,3742376.15534414
3025,,82.7,0.0,30.0,11.872831,30.0,0.0,-30.0,0.0,0.0,0.0,0.0,0.0,0.0,Optimal,3567.354144099998,3742376.15534414
3026,,84.18,30.0,0.0,40.672831,0.0,30.0,30.0,0.0,0.0,0.0,0.0,0.0,0.0,Optimal,3567.354144099998,3742376.15534414
3027,,83.47,26.814092,0.0,66.41436,0.0,26.814092,26.814092,0.0,0.0,0.0,0.0,0.0,0.0,Optimal,3567.354144099998,3742376.15534414
3028,,82.43,0.0,30.0,35.16436,30.0,0.0,-30.0,0.0,0.0,0.0,0.0,0.0,0.0,Optimal,3567.354144099998,3742376.15534414
3029,,87.51,0.0,30.0,3.9143595,30.0,0.0,-30.0,0.0,0.0,0.0,0.0,0.0,0.0,Optimal,3567.354144099998,3742376.15534414
3030,,113.12,30.0,0.0,32.71436,0.0,30.0,30.0,0.0,0.0,0.0,0.0,0.0,0.0,Optimal,3567.354144099998,3742376.15534414
3031,,132.09,30.0,0.0,61.51436,0.0,30.0,30.0,0.0,0.0,0.0,0.0,0.0,0.0,Optimal,3567.354144099998,3742376.15534414
3032,,101.54,13.394241,0.0,74.372831,0.0,13.394241,13.394241,0.0,0.0,0.0,0.0,0.0,0.0,Optimal,3567.354144099998,3742376.15534414
3033,,89.19,0.0,0.0,74.372831,0.0,0.0,0.0,0.0,0.0,0.0,0.0,0.0,0.0,Optimal,3567.354144099998,3742376.15534414
3034,,81.0,0.0,0.0,74.372831,0.0,0.0,0.0,0.0,0.0,0.0,0.0,0.0,0.0,Optimal,3567.354144099998,3742376.15534414
3035,,72.02,0.0,30.0,43.122831,30.0,0.0,-30.0,0.0,0.0,0.0,0.0,0.0,0.0,Optimal,3567.354144099998,3742376.15534414
3036,,68.51,0.0,30.0,11.872831,30.0,0.0,-30.0,0.0,0.0,0.0,0.0,0.0,0.0,Optimal,3567.354144099998,3742376.15534414
3037,,72.79,24.262009,0.0,35.16436,0.0,24.262009,24.262009,0.0,0.0,0.0,0.0,0.0,0.0,Optimal,3567.354144099998,3742376.15534414
3038,,76.8,0.0,30.0,3.9143595,30.0,0.0,-30.0,0.0,0.0,0.0,0.0,0.0,0.0,Optimal,3567.354144099998,3742376.15534414
3039,,84.78,30.0,0.0,32.71436,0.0,30.0,30.0,0.0,0.0,0.0,0.0,0.0,0.0,Optimal,3567.354144099998,3742376.15534414
3040,,80.33,0.0,27.648,3.9143595,27.648,0.0,-27.648,0.0,0.0,0.0,0.0,0.0,0.0,Optimal,3567.354144099998,3742376.15534414
3041,,98.0,0.0,0.0,3.9143595,0.0,0.0,0.0,0.0,0.0,0.0,0.0,0.0,0.0,Optimal,3567.354144099998,3742376.15534414
3042,,114.2,13.394241,0.0,16.772831,0.0,13.394241,13.394241,0.0,0.0,0.0,0.0,0.0,0.0,Optimal,3567.354144099998,3742376.15534414
3043,,137.17,30.0,0.0,45.572831,0.0,30.0,30.0,0.0,0.0,0.0,0.0,0.0,0.0,Optimal,3567.354144099998,3742376.15534414
3044,,137.95,30.0,0.0,74.372831,0.0,30.0,30.0,0.0,0.0,0.0,0.0,0.0,0.0,Optimal,3567.354144099998,3742376.15534414
3045,,109.34,0.0,0.0,74.372831,0.0,0.0,0.0,0.0,0.0,0.0,0.0,0.0,0.0,Optimal,3567.354144099998,3742376.15534414
3046,,94.58,0.0,0.0,74.372831,0.0,0.0,0.0,0.0,0.0,0.0,0.0,0.0,0.0,Optimal,3567.354144099998,3742376.15534414
3047,,84.42,0.0,30.0,43.122831,30.0,0.0,-30.0,0.0,0.0,0.0,0.0,0.0,0.0,Optimal,3567.354144099998,3742376.15534414
3048,,81.73,26.814092,0.0,68.86436,0.0,26.814092,26.814092,0.0,0.0,0.0,0.0,0.0,0.0,Optimal,3567.354144099998,3742376.15534414
3049,,79.37,0.0,30.0,37.61436,30.0,0.0,-30.0,0.0,0.0,0.0,0.0,0.0,0.0,Optimal,3567.354144099998,3742376.15534414
3050,,77.31,0.0,30.0,6.3643595,30.0,0.0,-30.0,0.0,0.0,0.0,0.0,0.0,0.0,Optimal,3567.354144099998,3742376.15534414
3051,,81.46,0.0,0.0,6.3643595,0.0,0.0,0.0,0.0,0.0,0.0,0.0,0.0,0.0,Optimal,3567.354144099998,3742376.15534414
3052,,81.73,30.0,0.0,35.16436,0.0,30.0,30.0,0.0,0.0,0.0,0.0,0.0,0.0,Optimal,3567.354144099998,3742376.15534414
3053,,80.44,0.0,30.0,3.9143595,30.0,0.0,-30.0,0.0,0.0,0.0,0.0,0.0,0.0,Optimal,3567.354144099998,3742376.15534414
3054,,95.99,13.394241,0.0,16.772831,0.0,13.394241,13.394241,0.0,0.0,0.0,0.0,0.0,0.0,Optimal,3567.354144099998,3742376.15534414
3055,,118.21,30.0,0.0,45.572831,0.0,30.0,30.0,0.0,0.0,0.0,0.0,0.0,0.0,Optimal,3567.354144099998,3742376.15534414
3056,,112.66,30.0,0.0,74.372831,0.0,30.0,30.0,0.0,0.0,0.0,0.0,0.0,0.0,Optimal,3567.354144099998,3742376.15534414
3057,,91.75,0.0,0.0,74.372831,0.0,0.0,0.0,0.0,0.0,0.0,0.0,0.0,0.0,Optimal,3567.354144099998,3742376.15534414
3058,,84.0,0.0,0.0,74.372831,0.0,0.0,0.0,0.0,0.0,0.0,0.0,0.0,0.0,Optimal,3567.354144099998,3742376.15534414
3059,,75.39,0.0,0.0,74.372831,0.0,0.0,0.0,0.0,0.0,0.0,0.0,0.0,0.0,Optimal,3567.354144099998,3742376.15534414
3060,,56.91,0.0,0.0,74.372831,0.0,0.0,0.0,0.0,0.0,0.0,0.0,0.0,0.0,Optimal,3567.354144099998,3742376.15534414
3061,,51.75,0.0,7.6401325,66.41436,7.6401325,0.0,-7.6401325,0.0,0.0,0.0,0.0,0.0,0.0,Optimal,3567.354144099998,3742376.15534414
3062,,47.89,0.0,30.0,35.16436,30.0,0.0,-30.0,0.0,0.0,0.0,0.0,0.0,0.0,Optimal,3567.354144099998,3742376.15534414
3063,,48.81,0.0,30.0,3.9143595,30.0,0.0,-30.0,0.0,0.0,0.0,0.0,0.0,0.0,Optimal,3567.354144099998,3742376.15534414
3064,,75.6,0.0,0.0,3.9143595,0.0,0.0,0.0,0.0,0.0,0.0,0.0,0.0,0.0,Optimal,3567.354144099998,3742376.15534414
3065,,83.93,0.0,0.0,3.9143595,0.0,0.0,0.0,0.0,0.0,0.0,0.0,0.0,0.0,Optimal,3567.354144099998,3742376.15534414
3066,,99.85,0.0,0.0,3.9143595,0.0,0.0,0.0,0.0,0.0,0.0,0.0,0.0,0.0,Optimal,3567.354144099998,3742376.15534414
3067,,120.61,13.394241,0.0,16.772831,0.0,13.394241,13.394241,0.0,0.0,0.0,0.0,0.0,0.0,Optimal,3567.354144099998,3742376.15534414
3068,,138.01,30.0,0.0,45.572831,0.0,30.0,30.0,0.0,0.0,0.0,0.0,0.0,0.0,Optimal,3567.354144099998,3742376.15534414
3069,,122.04,30.0,0.0,74.372831,0.0,30.0,30.0,0.0,0.0,0.0,0.0,0.0,0.0,Optimal,3567.354144099998,3742376.15534414
3070,,101.7,0.0,0.0,74.372831,0.0,0.0,0.0,0.0,0.0,0.0,0.0,0.0,0.0,Optimal,3567.354144099998,3742376.15534414
3071,,83.01,0.0,30.0,43.122831,30.0,0.0,-30.0,0.0,0.0,0.0,0.0,0.0,0.0,Optimal,3567.354144099998,3742376.15534414
3072,,89.85,30.0,0.0,71.922831,0.0,30.0,30.0,0.0,0.0,0.0,0.0,0.0,0.0,Optimal,3567.354144099998,3742376.15534414
3073,,87.41,0.0,25.296,45.572831,25.296,0.0,-25.296,0.0,0.0,0.0,0.0,0.0,0.0,Optimal,3567.354144099998,3742376.15534414
3074,,87.31,30.0,0.0,74.372831,0.0,30.0,30.0,0.0,0.0,0.0,0.0,0.0,0.0,Optimal,3567.354144099998,3742376.15534414
3075,,85.64,0.0,7.6401325,66.41436,7.6401325,0.0,-7.6401325,0.0,0.0,0.0,0.0,0.0,0.0,Optimal,3567.354144099998,3742376.15534414
3076,,80.17,0.0,30.0,35.16436,30.0,0.0,-30.0,0.0,0.0,0.0,0.0,0.0,0.0,Optimal,3567.354144099998,3742376.15534414
3077,,80.0,0.0,30.0,3.9143595,30.0,0.0,-30.0,0.0,0.0,0.0,0.0,0.0,0.0,Optimal,3567.354144099998,3742376.15534414
3078,,108.68,13.394241,0.0,16.772831,0.0,13.394241,13.394241,0.0,0.0,0.0,0.0,0.0,0.0,Optimal,3567.354144099998,3742376.15534414
3079,,121.3,30.0,0.0,45.572831,0.0,30.0,30.0,0.0,0.0,0.0,0.0,0.0,0.0,Optimal,3567.354144099998,3742376.15534414
3080,,118.47,30.0,0.0,74.372831,0.0,30.0,30.0,0.0,0.0,0.0,0.0,0.0,0.0,Optimal,3567.354144099998,3742376.15534414
3081,,100.5,0.0,0.0,74.372831,0.0,0.0,0.0,0.0,0.0,0.0,0.0,0.0,0.0,Optimal,3567.354144099998,3742376.15534414
3082,,93.03,0.0,27.648,45.572831,27.648,0.0,-27.648,0.0,0.0,0.0,0.0,0.0,0.0,Optimal,3567.354144099998,3742376.15534414
3083,,87.35,30.0,0.0,74.372831,0.0,30.0,30.0,0.0,0.0,0.0,0.0,0.0,0.0,Optimal,3567.354144099998,3742376.15534414
3084,,66.06,0.0,0.0,74.372831,0.0,0.0,0.0,0.0,0.0,0.0,0.0,0.0,0.0,Optimal,3567.354144099998,3742376.15534414
3085,,61.93,0.0,30.0,43.122831,30.0,0.0,-30.0,0.0,0.0,0.0,0.0,0.0,0.0,Optimal,3567.354144099998,3742376.15534414
3086,,62.09,0.0,7.6401325,35.16436,7.6401325,0.0,-7.6401325,0.0,0.0,0.0,0.0,0.0,0.0,Optimal,3567.354144099998,3742376.15534414
3087,,59.89,0.0,30.0,3.9143595,30.0,0.0,-30.0,0.0,0.0,0.0,0.0,0.0,0.0,Optimal,3567.354144099998,3742376.15534414
3088,,68.27,0.0,0.0,3.9143595,0.0,0.0,0.0,0.0,0.0,0.0,0.0,0.0,0.0,Optimal,3567.354144099998,3742376.15534414
3089,,79.74,0.0,0.0,3.9143595,0.0,0.0,0.0,0.0,0.0,0.0,0.0,0.0,0.0,Optimal,3567.354144099998,3742376.15534414
3090,,94.78,0.0,0.0,3.9143595,0.0,0.0,0.0,0.0,0.0,0.0,0.0,0.0,0.0,Optimal,3567.354144099998,3742376.15534414
3091,,120.52,13.394241,0.0,16.772831,0.0,13.394241,13.394241,0.0,0.0,0.0,0.0,0.0,0.0,Optimal,3567.354144099998,3742376.15534414
3092,,138.38,30.0,0.0,45.572831,0.0,30.0,30.0,0.0,0.0,0.0,0.0,0.0,0.0,Optimal,3567.354144099998,3742376.15534414
3093,,122.66,30.0,0.0,74.372831,0.0,30.0,30.0,0.0,0.0,0.0,0.0,0.0,0.0,Optimal,3567.354144099998,3742376.15534414
3094,,98.4,0.0,27.648,45.572831,27.648,0.0,-27.648,0.0,0.0,0.0,0.0,0.0,0.0,Optimal,3567.354144099998,3742376.15534414
3095,,92.09,30.0,0.0,74.372831,0.0,30.0,30.0,0.0,0.0,0.0,0.0,0.0,0.0,Optimal,3567.354144099998,3742376.15534414
3096,,87.6,0.0,27.648,45.572831,27.648,0.0,-27.648,0.0,0.0,0.0,0.0,0.0,0.0,Optimal,3567.354144099998,3742376.15534414
3097,,88.06,30.0,0.0,74.372831,0.0,30.0,30.0,0.0,0.0,0.0,0.0,0.0,0.0,Optimal,3567.354144099998,3742376.15534414
3098,,85.0,0.0,27.648,45.572831,27.648,0.0,-27.648,0.0,0.0,0.0,0.0,0.0,0.0,Optimal,3567.354144099998,3742376.15534414
3099,,81.61,30.0,0.0,74.372831,0.0,30.0,30.0,0.0,0.0,0.0,0.0,0.0,0.0,Optimal,3567.354144099998,3742376.15534414
3100,,75.51,0.0,30.0,43.122831,30.0,0.0,-30.0,0.0,0.0,0.0,0.0,0.0,0.0,Optimal,3567.354144099998,3742376.15534414
3101,,76.56,0.0,25.296,16.772831,25.296,0.0,-25.296,0.0,0.0,0.0,0.0,0.0,0.0,Optimal,3567.354144099998,3742376.15534414
3102,,84.0,30.0,0.0,45.572831,0.0,30.0,30.0,0.0,0.0,0.0,0.0,0.0,0.0,Optimal,3567.354144099998,3742376.15534414
3103,,84.6,30.0,0.0,74.372831,0.0,30.0,30.0,0.0,0.0,0.0,0.0,0.0,0.0,Optimal,3567.354144099998,3742376.15534414
3104,,61.64,0.0,0.0,74.372831,0.0,0.0,0.0,0.0,0.0,0.0,0.0,0.0,0.0,Optimal,3567.354144099998,3742376.15534414
3105,,23.47,0.0,0.0,74.372831,0.0,0.0,0.0,0.0,0.0,0.0,0.0,0.0,0.0,Optimal,3567.354144099998,3742376.15534414
3106,,5.31,0.0,0.0,74.372831,0.0,0.0,0.0,0.0,0.0,0.0,0.0,0.0,0.0,Optimal,3567.354144099998,3742376.15534414
3107,,-0.3,0.0,0.0,74.372831,0.0,0.0,0.0,0.0,0.0,0.0,0.0,0.0,0.0,Optimal,3567.354144099998,3742376.15534414
3108,,-0.65,0.0,0.0,74.372831,0.0,0.0,0.0,0.0,0.0,0.0,0.0,0.0,0.0,Optimal,3567.354144099998,3742376.15534414
3109,,-1.14,0.0,30.0,43.122831,30.0,0.0,-30.0,0.0,0.0,0.0,0.0,0.0,0.0,Optimal,3567.354144099998,3742376.15534414
3110,,-1.8,0.0,30.0,11.872831,30.0,0.0,-30.0,0.0,0.0,0.0,0.0,0.0,0.0,Optimal,3567.354144099998,3742376.15534414
3111,,-0.69,0.0,7.6401325,3.9143595,7.6401325,0.0,-7.6401325,0.0,0.0,0.0,0.0,0.0,0.0,Optimal,3567.354144099998,3742376.15534414
3112,,0.91,0.0,0.0,3.9143595,0.0,0.0,0.0,0.0,0.0,0.0,0.0,0.0,0.0,Optimal,3567.354144099998,3742376.15534414
3113,,58.34,0.0,0.0,3.9143595,0.0,0.0,0.0,0.0,0.0,0.0,0.0,0.0,0.0,Optimal,3567.354144099998,3742376.15534414
3114,,80.0,0.0,0.0,3.9143595,0.0,0.0,0.0,0.0,0.0,0.0,0.0,0.0,0.0,Optimal,3567.354144099998,3742376.15534414
3115,,96.92,13.394241,0.0,16.772831,0.0,13.394241,13.394241,0.0,0.0,0.0,0.0,0.0,0.0,Optimal,3567.354144099998,3742376.15534414
3116,,120.66,30.0,0.0,45.572831,0.0,30.0,30.0,0.0,0.0,0.0,0.0,0.0,0.0,Optimal,3567.354144099998,3742376.15534414
3117,,114.83,30.0,0.0,74.372831,0.0,30.0,30.0,0.0,0.0,0.0,0.0,0.0,0.0,Optimal,3567.354144099998,3742376.15534414
3118,,92.41,0.0,25.296,48.022831,25.296,0.0,-25.296,0.0,0.0,0.0,0.0,0.0,0.0,Optimal,3567.354144099998,3742376.15534414
3119,,90.0,0.0,30.0,16.772831,30.0,0.0,-30.0,0.0,0.0,0.0,0.0,0.0,0.0,Optimal,3567.354144099998,3742376.15534414
3120,,97.89,30.0,0.0,45.572831,0.0,30.0,30.0,0.0,0.0,0.0,0.0,0.0,0.0,Optimal,3567.354144099998,3742376.15534414
3121,,92.09,30.0,0.0,74.372831,0.0,30.0,30.0,0.0,0.0,0.0,0.0,0.0,0.0,Optimal,3567.354144099998,3742376.15534414
3122,,85.79,0.0,7.6401325,66.41436,7.6401325,0.0,-7.6401325,0.0,0.0,0.0,0.0,0.0,0.0,Optimal,3567.354144099998,3742376.15534414
3123,,83.0,0.0,30.0,35.16436,30.0,0.0,-30.0,0.0,0.0,0.0,0.0,0.0,0.0,Optimal,3567.354144099998,3742376.15534414
3124,,82.16,0.0,30.0,3.9143595,30.0,0.0,-30.0,0.0,0.0,0.0,0.0,0.0,0.0,Optimal,3567.354144099998,3742376.15534414
3125,,89.4,0.0,0.0,3.9143595,0.0,0.0,0.0,0.0,0.0,0.0,0.0,0.0,0.0,Optimal,3567.354144099998,3742376.15534414
3126,,98.92,30.0,0.0,32.71436,0.0,30.0,30.0,0.0,0.0,0.0,0.0,0.0,0.0,Optimal,3567.354144099998,3742376.15534414
3127,,97.48,30.0,0.0,61.51436,0.0,30.0,30.0,0.0,0.0,0.0,0.0,0.0,0.0,Optimal,3567.354144099998,3742376.15534414
3128,,95.6,13.394241,0.0,74.372831,0.0,13.394241,13.394241,0.0,0.0,0.0,0.0,0.0,0.0,Optimal,3567.354144099998,3742376.15534414
3129,,61.3,0.0,0.0,74.372831,0.0,0.0,0.0,0.0,0.0,0.0,0.0,0.0,0.0,Optimal,3567.354144099998,3742376.15534414
3130,,20.12,0.0,0.0,74.372831,0.0,0.0,0.0,0.0,0.0,0.0,0.0,0.0,0.0,Optimal,3567.354144099998,3742376.15534414
3131,,2.91,0.0,0.0,74.372831,0.0,0.0,0.0,0.0,0.0,0.0,0.0,0.0,0.0,Optimal,3567.354144099998,3742376.15534414
3132,,0.58,0.0,7.6401325,66.41436,7.6401325,0.0,-7.6401325,0.0,0.0,0.0,0.0,0.0,0.0,Optimal,3567.354144099998,3742376.15534414
3133,,0.1,0.0,30.0,35.16436,30.0,0.0,-30.0,0.0,0.0,0.0,0.0,0.0,0.0,Optimal,3567.354144099998,3742376.15534414
3134,,0.08,0.0,30.0,3.9143595,30.0,0.0,-30.0,0.0,0.0,0.0,0.0,0.0,0.0,Optimal,3567.354144099998,3742376.15534414
3135,,18.63,0.0,0.0,3.9143595,0.0,0.0,0.0,0.0,0.0,0.0,0.0,0.0,0.0,Optimal,3567.354144099998,3742376.15534414
3136,,59.71,0.0,0.0,3.9143595,0.0,0.0,0.0,0.0,0.0,0.0,0.0,0.0,0.0,Optimal,3567.354144099998,3742376.15534414
3137,,78.5,0.0,0.0,3.9143595,0.0,0.0,0.0,0.0,0.0,0.0,0.0,0.0,0.0,Optimal,3567.354144099998,3742376.15534414
3138,,93.25,0.0,0.0,3.9143595,0.0,0.0,0.0,0.0,0.0,0.0,0.0,0.0,0.0,Optimal,3567.354144099998,3742376.15534414
3139,,111.13,13.394241,0.0,16.772831,0.0,13.394241,13.394241,0.0,0.0,0.0,0.0,0.0,0.0,Optimal,3567.354144099998,3742376.15534414
3140,,159.9,30.0,0.0,45.572831,0.0,30.0,30.0,0.0,0.0,0.0,0.0,0.0,0.0,Optimal,3567.354144099998,3742376.15534414
3141,,132.31,30.0,0.0,74.372831,0.0,30.0,30.0,0.0,0.0,0.0,0.0,0.0,0.0,Optimal,3567.354144099998,3742376.15534414
3142,,104.87,0.0,0.0,74.372831,0.0,0.0,0.0,0.0,0.0,0.0,0.0,0.0,0.0,Optimal,3567.354144099998,3742376.15534414
3143,,90.31,0.0,27.648,45.572831,27.648,0.0,-27.648,0.0,0.0,0.0,0.0,0.0,0.0,Optimal,3567.354144099998,3742376.15534414
3144,,85.99,30.0,0.0,74.372831,0.0,30.0,30.0,0.0,0.0,0.0,0.0,0.0,0.0,Optimal,3567.354144099998,3742376.15534414
3145,,80.84,0.0,22.944,50.472831,22.944,0.0,-22.944,0.0,0.0,0.0,0.0,0.0,0.0,Optimal,3567.354144099998,3742376.15534414
3146,,79.1,0.0,30.0,19.222831,30.0,0.0,-30.0,0.0,0.0,0.0,0.0,0.0,0.0,Optimal,3567.354144099998,3742376.15534414
3147,,82.51,30.0,0.0,48.022831,0.0,30.0,30.0,0.0,0.0,0.0,0.0,0.0,0.0,Optimal,3567.354144099998,3742376.15534414
3148,,79.04,0.0,30.0,16.772831,30.0,0.0,-30.0,0.0,0.0,0.0,0.0,0.0,0.0,Optimal,3567.354144099998,3742376.15534414
3149,,79.14,30.0,0.0,45.572831,0.0,30.0,30.0,0.0,0.0,0.0,0.0,0.0,0.0,Optimal,3567.354144099998,3742376.15534414
3150,,78.0,30.0,0.0,74.372831,0.0,30.0,30.0,0.0,0.0,0.0,0.0,0.0,0.0,Optimal,3567.354144099998,3742376.15534414
3151,,68.07,0.0,0.0,74.372831,0.0,0.0,0.0,0.0,0.0,0.0,0.0,0.0,0.0,Optimal,3567.354144099998,3742376.15534414
3152,,47.66,0.0,0.0,74.372831,0.0,0.0,0.0,0.0,0.0,0.0,0.0,0.0,0.0,Optimal,3567.354144099998,3742376.15534414
3153,,6.72,0.0,0.0,74.372831,0.0,0.0,0.0,0.0,0.0,0.0,0.0,0.0,0.0,Optimal,3567.354144099998,3742376.15534414
3154,,0.0,0.0,0.0,74.372831,0.0,0.0,0.0,0.0,0.0,0.0,0.0,0.0,0.0,Optimal,3567.354144099998,3742376.15534414
3155,,-11.48,0.0,0.0,74.372831,0.0,0.0,0.0,0.0,0.0,0.0,0.0,0.0,0.0,Optimal,3567.354144099998,3742376.15534414
3156,,-26.7,0.0,7.6401325,66.41436,7.6401325,0.0,-7.6401325,0.0,0.0,0.0,0.0,0.0,0.0,Optimal,3567.354144099998,3742376.15534414
3157,,-65.0,0.0,30.0,35.16436,30.0,0.0,-30.0,0.0,0.0,0.0,0.0,0.0,0.0,Optimal,3567.354144099998,3742376.15534414
3158,,-50.0,0.0,30.0,3.9143595,30.0,0.0,-30.0,0.0,0.0,0.0,0.0,0.0,0.0,Optimal,3567.354144099998,3742376.15534414
3159,,-25.0,0.0,0.0,3.9143595,0.0,0.0,0.0,0.0,0.0,0.0,0.0,0.0,0.0,Optimal,3567.354144099998,3742376.15534414
3160,,-0.42,0.0,0.0,3.9143595,0.0,0.0,0.0,0.0,0.0,0.0,0.0,0.0,0.0,Optimal,3567.354144099998,3742376.15534414
3161,,29.76,0.0,0.0,3.9143595,0.0,0.0,0.0,0.0,0.0,0.0,0.0,0.0,0.0,Optimal,3567.354144099998,3742376.15534414
3162,,69.49,0.0,0.0,3.9143595,0.0,0.0,0.0,0.0,0.0,0.0,0.0,0.0,0.0,Optimal,3567.354144099998,3742376.15534414
3163,,86.02,13.394241,0.0,16.772831,0.0,13.394241,13.394241,0.0,0.0,0.0,0.0,0.0,0.0,Optimal,3567.354144099998,3742376.15534414
3164,,108.0,30.0,0.0,45.572831,0.0,30.0,30.0,0.0,0.0,0.0,0.0,0.0,0.0,Optimal,3567.354144099998,3742376.15534414
3165,,90.31,30.0,0.0,74.372831,0.0,30.0,30.0,0.0,0.0,0.0,0.0,0.0,0.0,Optimal,3567.354144099998,3742376.15534414
3166,,78.28,0.0,0.0,74.372831,0.0,0.0,0.0,0.0,0.0,0.0,0.0,0.0,0.0,Optimal,3567.354144099998,3742376.15534414
3167,,64.57,0.0,27.648,45.572831,27.648,0.0,-27.648,0.0,0.0,0.0,0.0,0.0,0.0,Optimal,3567.354144099998,3742376.15534414
3168,,63.0,30.0,0.0,74.372831,0.0,30.0,30.0,0.0,0.0,0.0,0.0,0.0,0.0,Optimal,3567.354144099998,3742376.15534414
3169,,51.36,0.0,0.0,74.372831,0.0,0.0,0.0,0.0,0.0,0.0,0.0,0.0,0.0,Optimal,3567.354144099998,3742376.15534414
3170,,42.72,0.0,0.0,74.372831,0.0,0.0,0.0,0.0,0.0,0.0,0.0,0.0,0.0,Optimal,3567.354144099998,3742376.15534414
3171,,39.0,0.0,30.0,43.122831,30.0,0.0,-30.0,0.0,0.0,0.0,0.0,0.0,0.0,Optimal,3567.354144099998,3742376.15534414
3172,,43.1,30.0,0.0,71.922831,0.0,30.0,30.0,0.0,0.0,0.0,0.0,0.0,0.0,Optimal,3567.354144099998,3742376.15534414
3173,,38.78,2.5520833,0.0,74.372831,0.0,2.5520833,2.5520833,0.0,0.0,0.0,0.0,0.0,0.0,Optimal,3567.354144099998,3742376.15534414
3174,,17.61,0.0,0.0,74.372831,0.0,0.0,0.0,0.0,0.0,0.0,0.0,0.0,0.0,Optimal,3567.354144099998,3742376.15534414
3175,,4.79,0.0,0.0,74.372831,0.0,0.0,0.0,0.0,0.0,0.0,0.0,0.0,0.0,Optimal,3567.354144099998,3742376.15534414
3176,,2.35,0.0,0.0,74.372831,0.0,0.0,0.0,0.0,0.0,0.0,0.0,0.0,0.0,Optimal,3567.354144099998,3742376.15534414
3177,,-2.8,0.0,0.0,74.372831,0.0,0.0,0.0,0.0,0.0,0.0,0.0,0.0,0.0,Optimal,3567.354144099998,3742376.15534414
3178,,-26.29,0.0,0.0,74.372831,0.0,0.0,0.0,0.0,0.0,0.0,0.0,0.0,0.0,Optimal,3567.354144099998,3742376.15534414
3179,,-89.1,0.0,0.0,74.372831,0.0,0.0,0.0,0.0,0.0,0.0,0.0,0.0,0.0,Optimal,3567.354144099998,3742376.15534414
3180,,-165.1,0.0,7.6401325,66.41436,7.6401325,0.0,-7.6401325,0.0,0.0,0.0,0.0,0.0,0.0,Optimal,3567.354144099998,3742376.15534414
3181,,-200.0,0.0,30.0,35.16436,30.0,0.0,-30.0,0.0,0.0,0.0,0.0,0.0,0.0,Optimal,3567.354144099998,3742376.15534414
3182,,-186.72,0.0,30.0,3.9143595,30.0,0.0,-30.0,0.0,0.0,0.0,0.0,0.0,0.0,Optimal,3567.354144099998,3742376.15534414
3183,,-108.92,0.0,0.0,3.9143595,0.0,0.0,0.0,0.0,0.0,0.0,0.0,0.0,0.0,Optimal,3567.354144099998,3742376.15534414
3184,,-30.1,0.0,0.0,3.9143595,0.0,0.0,0.0,0.0,0.0,0.0,0.0,0.0,0.0,Optimal,3567.354144099998,3742376.15534414
3185,,-1.05,0.0,0.0,3.9143595,0.0,0.0,0.0,0.0,0.0,0.0,0.0,0.0,0.0,Optimal,3567.354144099998,3742376.15534414
3186,,24.84,0.0,0.0,3.9143595,0.0,0.0,0.0,0.0,0.0,0.0,0.0,0.0,0.0,Optimal,3567.354144099998,3742376.15534414
3187,,67.52,30.0,0.0,32.71436,0.0,30.0,30.0,0.0,0.0,0.0,0.0,0.0,0.0,Optimal,3567.354144099998,3742376.15534414
3188,,83.74,30.0,0.0,61.51436,0.0,30.0,30.0,0.0,0.0,0.0,0.0,0.0,0.0,Optimal,3567.354144099998,3742376.15534414
3189,,60.02,13.394241,0.0,74.372831,0.0,13.394241,13.394241,0.0,0.0,0.0,0.0,0.0,0.0,Optimal,3567.354144099998,3742376.15534414
3190,,46.76,0.0,0.0,74.372831,0.0,0.0,0.0,0.0,0.0,0.0,0.0,0.0,0.0,Optimal,3567.354144099998,3742376.15534414
3191,,37.42,0.0,0.0,74.372831,0.0,0.0,0.0,0.0,0.0,0.0,0.0,0.0,0.0,Optimal,3567.354144099998,3742376.15534414
3192,,27.12,0.0,30.0,43.122831,30.0,0.0,-30.0,0.0,0.0,0.0,0.0,0.0,0.0,Optimal,3567.354144099998,3742376.15534414
3193,,26.08,30.0,0.0,71.922831,0.0,30.0,30.0,0.0,0.0,0.0,0.0,0.0,0.0,Optimal,3567.354144099998,3742376.15534414
3194,,25.84,0.0,30.0,40.672831,30.0,0.0,-30.0,0.0,0.0,0.0,0.0,0.0,0.0,Optimal,3567.354144099998,3742376.15534414
3195,,24.91,0.0,30.0,9.4228309,30.0,0.0,-30.0,0.0,0.0,0.0,0.0,0.0,0.0,Optimal,3567.354144099998,3742376.15534414
3196,,27.23,0.0,5.2881325,3.9143595,5.2881325,0.0,-5.2881325,0.0,0.0,0.0,0.0,0.0,0.0,Optimal,3567.354144099998,3742376.15534414
3197,,42.0,0.0,0.0,3.9143595,0.0,0.0,0.0,0.0,0.0,0.0,0.0,0.0,0.0,Optimal,3567.354144099998,3742376.15534414
3198,,76.92,13.394241,0.0,16.772831,0.0,13.394241,13.394241,0.0,0.0,0.0,0.0,0.0,0.0,Optimal,3567.354144099998,3742376.15534414
3199,,100.95,30.0,0.0,45.572831,0.0,30.0,30.0,0.0,0.0,0.0,0.0,0.0,0.0,Optimal,3567.354144099998,3742376.15534414
3200,,84.19,30.0,0.0,74.372831,0.0,30.0,30.0,0.0,0.0,0.0,0.0,0.0,0.0,Optimal,3567.354144099998,3742376.15534414
3201,,44.89,0.0,0.0,74.372831,0.0,0.0,0.0,0.0,0.0,0.0,0.0,0.0,0.0,Optimal,3567.354144099998,3742376.15534414
3202,,11.1,0.0,0.0,74.372831,0.0,0.0,0.0,0.0,0.0,0.0,0.0,0.0,0.0,Optimal,3567.354144099998,3742376.15534414
3203,,-0.35,0.0,0.0,74.372831,0.0,0.0,0.0,0.0,0.0,0.0,0.0,0.0,0.0,Optimal,3567.354144099998,3742376.15534414
3204,,-1.89,0.0,30.0,43.122831,30.0,0.0,-30.0,0.0,0.0,0.0,0.0,0.0,0.0,Optimal,3567.354144099998,3742376.15534414
3205,,-1.55,0.0,7.6401325,35.16436,7.6401325,0.0,-7.6401325,0.0,0.0,0.0,0.0,0.0,0.0,Optimal,3567.354144099998,3742376.15534414
3206,,-1.69,0.0,30.0,3.9143595,30.0,0.0,-30.0,0.0,0.0,0.0,0.0,0.0,0.0,Optimal,3567.354144099998,3742376.15534414
3207,,-0.1,0.0,0.0,3.9143595,0.0,0.0,0.0,0.0,0.0,0.0,0.0,0.0,0.0,Optimal,3567.354144099998,3742376.15534414
3208,,1.09,0.0,0.0,3.9143595,0.0,0.0,0.0,0.0,0.0,0.0,0.0,0.0,0.0,Optimal,3567.354144099998,3742376.15534414
3209,,66.63,0.0,0.0,3.9143595,0.0,0.0,0.0,0.0,0.0,0.0,0.0,0.0,0.0,Optimal,3567.354144099998,3742376.15534414
3210,,96.73,0.0,0.0,3.9143595,0.0,0.0,0.0,0.0,0.0,0.0,0.0,0.0,0.0,Optimal,3567.354144099998,3742376.15534414
3211,,153.78,30.0,0.0,32.71436,0.0,30.0,30.0,0.0,0.0,0.0,0.0,0.0,0.0,Optimal,3567.354144099998,3742376.15534414
3212,,149.39,30.0,0.0,61.51436,0.0,30.0,30.0,0.0,0.0,0.0,0.0,0.0,0.0,Optimal,3567.354144099998,3742376.15534414
3213,,100.0,13.394241,0.0,74.372831,0.0,13.394241,13.394241,0.0,0.0,0.0,0.0,0.0,0.0,Optimal,3567.354144099998,3742376.15534414
3214,,84.41,0.0,0.0,74.372831,0.0,0.0,0.0,0.0,0.0,0.0,0.0,0.0,0.0,Optimal,3567.354144099998,3742376.15534414
3215,,60.1,0.0,27.648,45.572831,27.648,0.0,-27.648,0.0,0.0,0.0,0.0,0.0,0.0,Optimal,3567.354144099998,3742376.15534414
3216,,63.6,30.0,0.0,74.372831,0.0,30.0,30.0,0.0,0.0,0.0,0.0,0.0,0.0,Optimal,3567.354144099998,3742376.15534414
3217,,55.3,0.0,0.0,74.372831,0.0,0.0,0.0,0.0,0.0,0.0,0.0,0.0,0.0,Optimal,3567.354144099998,3742376.15534414
3218,,45.0,0.0,7.6401325,66.41436,7.6401325,0.0,-7.6401325,0.0,0.0,0.0,0.0,0.0,0.0,Optimal,3567.354144099998,3742376.15534414
3219,,42.65,0.0,30.0,35.16436,30.0,0.0,-30.0,0.0,0.0,0.0,0.0,0.0,0.0,Optimal,3567.354144099998,3742376.15534414
3220,,37.6,0.0,30.0,3.9143595,30.0,0.0,-30.0,0.0,0.0,0.0,0.0,0.0,0.0,Optimal,3567.354144099998,3742376.15534414
3221,,46.6,13.394241,0.0,16.772831,0.0,13.394241,13.394241,0.0,0.0,0.0,0.0,0.0,0.0,Optimal,3567.354144099998,3742376.15534414
3222,,75.68,30.0,0.0,45.572831,0.0,30.0,30.0,0.0,0.0,0.0,0.0,0.0,0.0,Optimal,3567.354144099998,3742376.15534414
3223,,72.37,30.0,0.0,74.372831,0.0,30.0,30.0,0.0,0.0,0.0,0.0,0.0,0.0,Optimal,3567.354144099998,3742376.15534414
3224,,46.15,0.0,0.0,74.372831,0.0,0.0,0.0,0.0,0.0,0.0,0.0,0.0,0.0,Optimal,3567.354144099998,3742376.15534414
3225,,5.78,0.0,0.0,74.372831,0.0,0.0,0.0,0.0,0.0,0.0,0.0,0.0,0.0,Optimal,3567.354144099998,3742376.15534414
3226,,-2.47,0.0,0.0,74.372831,0.0,0.0,0.0,0.0,0.0,0.0,0.0,0.0,0.0,Optimal,3567.354144099998,3742376.15534414
3227,,-20.06,0.0,0.0,74.372831,0.0,0.0,0.0,0.0,0.0,0.0,0.0,0.0,0.0,Optimal,3567.354144099998,3742376.15534414
3228,,-50.01,0.0,7.6401325,66.41436,7.6401325,0.0,-7.6401325,0.0,0.0,0.0,0.0,0.0,0.0,Optimal,3567.354144099998,3742376.15534414
3229,,-70.0,0.0,30.0,35.16436,30.0,0.0,-30.0,0.0,0.0,0.0,0.0,0.0,0.0,Optimal,3567.354144099998,3742376.15534414
3230,,-57.02,0.0,30.0,3.9143595,30.0,0.0,-30.0,0.0,0.0,0.0,0.0,0.0,0.0,Optimal,3567.354144099998,3742376.15534414
3231,,-35.0,0.0,0.0,3.9143595,0.0,0.0,0.0,0.0,0.0,0.0,0.0,0.0,0.0,Optimal,3567.354144099998,3742376.15534414
3232,,-2.5,0.0,0.0,3.9143595,0.0,0.0,0.0,0.0,0.0,0.0,0.0,0.0,0.0,Optimal,3567.354144099998,3742376.15534414
3233,,0.76,0.0,0.0,3.9143595,0.0,0.0,0.0,0.0,0.0,0.0,0.0,0.0,0.0,Optimal,3567.354144099998,3742376.15534414
3234,,64.95,0.0,0.0,3.9143595,0.0,0.0,0.0,0.0,0.0,0.0,0.0,0.0,0.0,Optimal,3567.354144099998,3742376.15534414
3235,,96.45,0.0,0.0,3.9143595,0.0,0.0,0.0,0.0,0.0,0.0,0.0,0.0,0.0,Optimal,3567.354144099998,3742376.15534414
3236,,112.0,30.0,0.0,32.71436,0.0,30.0,30.0,0.0,0.0,0.0,0.0,0.0,0.0,Optimal,3567.354144099998,3742376.15534414
3237,,100.1,30.0,0.0,61.51436,0.0,30.0,30.0,0.0,0.0,0.0,0.0,0.0,0.0,Optimal,3567.354144099998,3742376.15534414
3238,,89.23,0.0,30.0,30.26436,30.0,0.0,-30.0,0.0,0.0,0.0,0.0,0.0,0.0,Optimal,3567.354144099998,3742376.15534414
3239,,100.0,15.946324,0.0,45.572831,0.0,15.946324,15.946324,0.0,0.0,0.0,0.0,0.0,0.0,Optimal,3567.354144099998,3742376.15534414
3240,,109.89,30.0,0.0,74.372831,0.0,30.0,30.0,0.0,0.0,0.0,0.0,0.0,0.0,Optimal,3567.354144099998,3742376.15534414
3241,,85.3,0.0,0.0,74.372831,0.0,0.0,0.0,0.0,0.0,0.0,0.0,0.0,0.0,Optimal,3567.354144099998,3742376.15534414
3242,,82.1,0.0,25.296,48.022831,25.296,0.0,-25.296,0.0,0.0,0.0,0.0,0.0,0.0,Optimal,3567.354144099998,3742376.15534414
3243,,74.0,0.0,30.0,16.772831,30.0,0.0,-30.0,0.0,0.0,0.0,0.0,0.0,0.0,Optimal,3567.354144099998,3742376.15534414
3244,,83.0,30.0,0.0,45.572831,0.0,30.0,30.0,0.0,0.0,0.0,0.0,0.0,0.0,Optimal,3567.354144099998,3742376.15534414
3245,,81.1,30.0,0.0,74.372831,0.0,30.0,30.0,0.0,0.0,0.0,0.0,0.0,0.0,Optimal,3567.354144099998,3742376.15534414
3246,,77.8,0.0,30.0,43.122831,30.0,0.0,-30.0,0.0,0.0,0.0,0.0,0.0,0.0,Optimal,3567.354144099998,3742376.15534414
3247,,80.03,30.0,0.0,71.922831,0.0,30.0,30.0,0.0,0.0,0.0,0.0,0.0,0.0,Optimal,3567.354144099998,3742376.15534414
3248,,75.6,2.5520833,0.0,74.372831,0.0,2.5520833,2.5520833,0.0,0.0,0.0,0.0,0.0,0.0,Optimal,3567.354144099998,3742376.15534414
3249,,43.52,0.0,0.0,74.372831,0.0,0.0,0.0,0.0,0.0,0.0,0.0,0.0,0.0,Optimal,3567.354144099998,3742376.15534414
3250,,8.6,0.0,0.0,74.372831,0.0,0.0,0.0,0.0,0.0,0.0,0.0,0.0,0.0,Optimal,3567.354144099998,3742376.15534414
3251,,5.92,0.0,0.0,74.372831,0.0,0.0,0.0,0.0,0.0,0.0,0.0,0.0,0.0,Optimal,3567.354144099998,3742376.15534414
3252,,0.0,0.0,7.6401325,66.41436,7.6401325,0.0,-7.6401325,0.0,0.0,0.0,0.0,0.0,0.0,Optimal,3567.354144099998,3742376.15534414
3253,,-1.31,0.0,30.0,35.16436,30.0,0.0,-30.0,0.0,0.0,0.0,0.0,0.0,0.0,Optimal,3567.354144099998,3742376.15534414
3254,,-0.95,0.0,30.0,3.9143595,30.0,0.0,-30.0,0.0,0.0,0.0,0.0,0.0,0.0,Optimal,3567.354144099998,3742376.15534414
3255,,3.34,0.0,0.0,3.9143595,0.0,0.0,0.0,0.0,0.0,0.0,0.0,0.0,0.0,Optimal,3567.354144099998,3742376.15534414
3256,,10.0,0.0,0.0,3.9143595,0.0,0.0,0.0,0.0,0.0,0.0,0.0,0.0,0.0,Optimal,3567.354144099998,3742376.15534414
3257,,101.91,30.0,0.0,32.71436,0.0,30.0,30.0,0.0,0.0,0.0,0.0,0.0,0.0,Optimal,3567.354144099998,3742376.15534414
3258,,87.8,0.0,27.648,3.9143595,27.648,0.0,-27.648,0.0,0.0,0.0,0.0,0.0,0.0,Optimal,3567.354144099998,3742376.15534414
3259,,111.0,30.0,0.0,32.71436,0.0,30.0,30.0,0.0,0.0,0.0,0.0,0.0,0.0,Optimal,3567.354144099998,3742376.15534414
3260,,115.86,30.0,0.0,61.51436,0.0,30.0,30.0,0.0,0.0,0.0,0.0,0.0,0.0,Optimal,3567.354144099998,3742376.15534414
3261,,100.0,0.0,15.303867,45.572831,15.303867,0.0,-15.303867,0.0,0.0,0.0,0.0,0.0,0.0,Optimal,3567.354144099998,3742376.15534414
3262,,97.3,30.0,0.0,74.372831,0.0,30.0,30.0,0.0,0.0,0.0,0.0,0.0,0.0,Optimal,3567.354144099998,3742376.15534414
3263,,93.4,0.0,27.648,45.572831,27.648,0.0,-27.648,0.0,0.0,0.0,0.0,0.0,0.0,Optimal,3567.354144099998,3742376.15534414
3264,,98.0,30.0,0.0,74.372831,0.0,30.0,30.0,0.0,0.0,0.0,0.0,0.0,0.0,Optimal,3567.354144099998,3742376.15534414
3265,,85.6,0.0,0.0,74.372831,0.0,0.0,0.0,0.0,0.0,0.0,0.0,0.0,0.0,Optimal,3567.354144099998,3742376.15534414
3266,,71.2,0.0,7.6401325,66.41436,7.6401325,0.0,-7.6401325,0.0,0.0,0.0,0.0,0.0,0.0,Optimal,3567.354144099998,3742376.15534414
3267,,69.75,0.0,30.0,35.16436,30.0,0.0,-30.0,0.0,0.0,0.0,0.0,0.0,0.0,Optimal,3567.354144099998,3742376.15534414
3268,,64.0,0.0,30.0,3.9143595,30.0,0.0,-30.0,0.0,0.0,0.0,0.0,0.0,0.0,Optimal,3567.354144099998,3742376.15534414
3269,,75.0,0.0,0.0,3.9143595,0.0,0.0,0.0,0.0,0.0,0.0,0.0,0.0,0.0,Optimal,3567.354144099998,3742376.15534414
3270,,81.06,13.394241,0.0,16.772831,0.0,13.394241,13.394241,0.0,0.0,0.0,0.0,0.0,0.0,Optimal,3567.354144099998,3742376.15534414
3271,,87.21,30.0,0.0,45.572831,0.0,30.0,30.0,0.0,0.0,0.0,0.0,0.0,0.0,Optimal,3567.354144099998,3742376.15534414
3272,,111.94,30.0,0.0,74.372831,0.0,30.0,30.0,0.0,0.0,0.0,0.0,0.0,0.0,Optimal,3567.354144099998,3742376.15534414
3273,,80.34,0.0,0.0,74.372831,0.0,0.0,0.0,0.0,0.0,0.0,0.0,0.0,0.0,Optimal,3567.354144099998,3742376.15534414
3274,,43.92,0.0,0.0,74.372831,0.0,0.0,0.0,0.0,0.0,0.0,0.0,0.0,0.0,Optimal,3567.354144099998,3742376.15534414
3275,,16.0,0.0,0.0,74.372831,0.0,0.0,0.0,0.0,0.0,0.0,0.0,0.0,0.0,Optimal,3567.354144099998,3742376.15534414
3276,,4.89,0.0,0.0,74.372831,0.0,0.0,0.0,0.0,0.0,0.0,0.0,0.0,0.0,Optimal,3567.354144099998,3742376.15534414
3277,,0.44,0.0,30.0,43.122831,30.0,0.0,-30.0,0.0,0.0,0.0,0.0,0.0,0.0,Optimal,3567.354144099998,3742376.15534414
3278,,1.38,0.0,30.0,11.872831,30.0,0.0,-30.0,0.0,0.0,0.0,0.0,0.0,0.0,Optimal,3567.354144099998,3742376.15534414
3279,,2.24,0.0,7.6401325,3.9143595,7.6401325,0.0,-7.6401325,0.0,0.0,0.0,0.0,0.0,0.0,Optimal,3567.354144099998,3742376.15534414
3280,,61.0,0.0,0.0,3.9143595,0.0,0.0,0.0,0.0,0.0,0.0,0.0,0.0,0.0,Optimal,3567.354144099998,3742376.15534414
3281,,100.0,30.0,0.0,32.71436,0.0,30.0,30.0,0.0,0.0,0.0,0.0,0.0,0.0,Optimal,3567.354144099998,3742376.15534414
3282,,100.0,0.0,27.648,3.9143595,27.648,0.0,-27.648,0.0,0.0,0.0,0.0,0.0,0.0,Optimal,3567.354144099998,3742376.15534414
3283,,104.0,30.0,0.0,32.71436,0.0,30.0,30.0,0.0,0.0,0.0,0.0,0.0,0.0,Optimal,3567.354144099998,3742376.15534414
3284,,119.0,30.0,0.0,61.51436,0.0,30.0,30.0,0.0,0.0,0.0,0.0,0.0,0.0,Optimal,3567.354144099998,3742376.15534414
3285,,99.73,13.394241,0.0,74.372831,0.0,13.394241,13.394241,0.0,0.0,0.0,0.0,0.0,0.0,Optimal,3567.354144099998,3742376.15534414
3286,,83.0,0.0,30.0,43.122831,30.0,0.0,-30.0,0.0,0.0,0.0,0.0,0.0,0.0,Optimal,3567.354144099998,3742376.15534414
3287,,74.52,0.0,30.0,11.872831,30.0,0.0,-30.0,0.0,0.0,0.0,0.0,0.0,0.0,Optimal,3567.354144099998,3742376.15534414
3288,,100.0,30.0,0.0,40.672831,0.0,30.0,30.0,0.0,0.0,0.0,0.0,0.0,0.0,Optimal,3567.354144099998,3742376.15534414
3289,,92.54,30.0,0.0,69.472831,0.0,30.0,30.0,0.0,0.0,0.0,0.0,0.0,0.0,Optimal,3567.354144099998,3742376.15534414
3290,,90.1,0.0,0.58413254,68.86436,0.58413254,0.0,-0.58413254,0.0,0.0,0.0,0.0,0.0,0.0,Optimal,3567.354144099998,3742376.15534414
3291,,81.38,0.0,30.0,37.61436,30.0,0.0,-30.0,0.0,0.0,0.0,0.0,0.0,0.0,Optimal,3567.354144099998,3742376.15534414
3292,,80.0,0.0,30.0,6.3643595,30.0,0.0,-30.0,0.0,0.0,0.0,0.0,0.0,0.0,Optimal,3567.354144099998,3742376.15534414
3293,,90.1,30.0,0.0,35.16436,0.0,30.0,30.0,0.0,0.0,0.0,0.0,0.0,0.0,Optimal,3567.354144099998,3742376.15534414
3294,,89.64,0.0,30.0,3.9143595,30.0,0.0,-30.0,0.0,0.0,0.0,0.0,0.0,0.0,Optimal,3567.354144099998,3742376.15534414
3295,,99.26,30.0,0.0,32.71436,0.0,30.0,30.0,0.0,0.0,0.0,0.0,0.0,0.0,Optimal,3567.354144099998,3742376.15534414
3296,,97.64,13.394241,0.0,45.572831,0.0,13.394241,13.394241,0.0,0.0,0.0,0.0,0.0,0.0,Optimal,3567.354144099998,3742376.15534414
3297,,106.9,30.0,0.0,74.372831,0.0,30.0,30.0,0.0,0.0,0.0,0.0,0.0,0.0,Optimal,3567.354144099998,3742376.15534414
3298,,82.2,0.0,0.0,74.372831,0.0,0.0,0.0,0.0,0.0,0.0,0.0,0.0,0.0,Optimal,3567.354144099998,3742376.15534414
3299,,57.0,0.0,0.0,74.372831,0.0,0.0,0.0,0.0,0.0,0.0,0.0,0.0,0.0,Optimal,3567.354144099998,3742376.15534414
3300,,37.86,0.0,30.0,43.122831,30.0,0.0,-30.0,0.0,0.0,0.0,0.0,0.0,0.0,Optimal,3567.354144099998,3742376.15534414
3301,,34.36,0.0,30.0,11.872831,30.0,0.0,-30.0,0.0,0.0,0.0,0.0,0.0,0.0,Optimal,3567.354144099998,3742376.15534414
3302,,43.73,0.0,7.6401325,3.9143595,7.6401325,0.0,-7.6401325,0.0,0.0,0.0,0.0,0.0,0.0,Optimal,3567.354144099998,3742376.15534414
3303,,55.0,0.0,0.0,3.9143595,0.0,0.0,0.0,0.0,0.0,0.0,0.0,0.0,0.0,Optimal,3567.354144099998,3742376.15534414
3304,,85.5,30.0,0.0,32.71436,0.0,30.0,30.0,0.0,0.0,0.0,0.0,0.0,0.0,Optimal,3567.354144099998,3742376.15534414
3305,,87.0,0.0,27.648,3.9143595,27.648,0.0,-27.648,0.0,0.0,0.0,0.0,0.0,0.0,Optimal,3567.354144099998,3742376.15534414
3306,,90.0,0.0,0.0,3.9143595,0.0,0.0,0.0,0.0,0.0,0.0,0.0,0.0,0.0,Optimal,3567.354144099998,3742376.15534414
3307,,108.0,30.0,0.0,32.71436,0.0,30.0,30.0,0.0,0.0,0.0,0.0,0.0,0.0,Optimal,3567.354144099998,3742376.15534414
3308,,112.0,30.0,0.0,61.51436,0.0,30.0,30.0,0.0,0.0,0.0,0.0,0.0,0.0,Optimal,3567.354144099998,3742376.15534414
3309,,101.5,13.394241,0.0,74.372831,0.0,13.394241,13.394241,0.0,0.0,0.0,0.0,0.0,0.0,Optimal,3567.354144099998,3742376.15534414
3310,,90.0,0.0,0.0,74.372831,0.0,0.0,0.0,0.0,0.0,0.0,0.0,0.0,0.0,Optimal,3567.354144099998,3742376.15534414
3311,,83.0,0.0,27.648,45.572831,27.648,0.0,-27.648,0.0,0.0,0.0,0.0,0.0,0.0,Optimal,3567.354144099998,3742376.15534414
3312,,83.66,30.0,0.0,74.372831,0.0,30.0,30.0,0.0,0.0,0.0,0.0,0.0,0.0,Optimal,3567.354144099998,3742376.15534414
3313,,63.57,0.0,30.0,43.122831,30.0,0.0,-30.0,0.0,0.0,0.0,0.0,0.0,0.0,Optimal,3567.354144099998,3742376.15534414
3314,,69.7,30.0,0.0,71.922831,0.0,30.0,30.0,0.0,0.0,0.0,0.0,0.0,0.0,Optimal,3567.354144099998,3742376.15534414
3315,,59.34,0.0,30.0,40.672831,30.0,0.0,-30.0,0.0,0.0,0.0,0.0,0.0,0.0,Optimal,3567.354144099998,3742376.15534414
3316,,62.5,0.0,30.0,9.4228309,30.0,0.0,-30.0,0.0,0.0,0.0,0.0,0.0,0.0,Optimal,3567.354144099998,3742376.15534414
3317,,64.58,30.0,0.0,38.222831,0.0,30.0,30.0,0.0,0.0,0.0,0.0,0.0,0.0,Optimal,3567.354144099998,3742376.15534414
3318,,64.8,30.0,0.0,67.022831,0.0,30.0,30.0,0.0,0.0,0.0,0.0,0.0,0.0,Optimal,3567.354144099998,3742376.15534414
3319,,64.31,7.65625,0.0,74.372831,0.0,7.65625,7.65625,0.0,0.0,0.0,0.0,0.0,0.0,Optimal,3567.354144099998,3742376.15534414
3320,,58.29,0.0,0.0,74.372831,0.0,0.0,0.0,0.0,0.0,0.0,0.0,0.0,0.0,Optimal,3567.354144099998,3742376.15534414
3321,,42.69,0.0,0.0,74.372831,0.0,0.0,0.0,0.0,0.0,0.0,0.0,0.0,0.0,Optimal,3567.354144099998,3742376.15534414
3322,,9.43,0.0,0.0,74.372831,0.0,0.0,0.0,0.0,0.0,0.0,0.0,0.0,0.0,Optimal,3567.354144099998,3742376.15534414
3323,,0.71,0.0,0.0,74.372831,0.0,0.0,0.0,0.0,0.0,0.0,0.0,0.0,0.0,Optimal,3567.354144099998,3742376.15534414
3324,,-0.03,0.0,0.0,74.372831,0.0,0.0,0.0,0.0,0.0,0.0,0.0,0.0,0.0,Optimal,3567.354144099998,3742376.15534414
3325,,-1.29,0.0,7.6401325,66.41436,7.6401325,0.0,-7.6401325,0.0,0.0,0.0,0.0,0.0,0.0,Optimal,3567.354144099998,3742376.15534414
3326,,-2.79,0.0,30.0,35.16436,30.0,0.0,-30.0,0.0,0.0,0.0,0.0,0.0,0.0,Optimal,3567.354144099998,3742376.15534414
3327,,-1.92,0.0,30.0,3.9143595,30.0,0.0,-30.0,0.0,0.0,0.0,0.0,0.0,0.0,Optimal,3567.354144099998,3742376.15534414
3328,,-0.03,0.0,0.0,3.9143595,0.0,0.0,0.0,0.0,0.0,0.0,0.0,0.0,0.0,Optimal,3567.354144099998,3742376.15534414
3329,,42.75,0.0,0.0,3.9143595,0.0,0.0,0.0,0.0,0.0,0.0,0.0,0.0,0.0,Optimal,3567.354144099998,3742376.15534414
3330,,70.0,0.0,0.0,3.9143595,0.0,0.0,0.0,0.0,0.0,0.0,0.0,0.0,0.0,Optimal,3567.354144099998,3742376.15534414
3331,,102.33,13.394241,0.0,16.772831,0.0,13.394241,13.394241,0.0,0.0,0.0,0.0,0.0,0.0,Optimal,3567.354144099998,3742376.15534414
3332,,124.11,30.0,0.0,45.572831,0.0,30.0,30.0,0.0,0.0,0.0,0.0,0.0,0.0,Optimal,3567.354144099998,3742376.15534414
3333,,113.88,30.0,0.0,74.372831,0.0,30.0,30.0,0.0,0.0,0.0,0.0,0.0,0.0,Optimal,3567.354144099998,3742376.15534414
3334,,95.4,0.0,0.0,74.372831,0.0,0.0,0.0,0.0,0.0,0.0,0.0,0.0,0.0,Optimal,3567.354144099998,3742376.15534414
3335,,86.6,0.0,30.0,43.122831,30.0,0.0,-30.0,0.0,0.0,0.0,0.0,0.0,0.0,Optimal,3567.354144099998,3742376.15534414
3336,,94.89,30.0,0.0,71.922831,0.0,30.0,30.0,0.0,0.0,0.0,0.0,0.0,0.0,Optimal,3567.354144099998,3742376.15534414
3337,,89.33,0.0,25.296,45.572831,25.296,0.0,-25.296,0.0,0.0,0.0,0.0,0.0,0.0,Optimal,3567.354144099998,3742376.15534414
3338,,90.0,30.0,0.0,74.372831,0.0,30.0,30.0,0.0,0.0,0.0,0.0,0.0,0.0,Optimal,3567.354144099998,3742376.15534414
3339,,84.75,0.0,27.648,45.572831,27.648,0.0,-27.648,0.0,0.0,0.0,0.0,0.0,0.0,Optimal,3567.354144099998,3742376.15534414
3340,,86.95,30.0,0.0,74.372831,0.0,30.0,30.0,0.0,0.0,0.0,0.0,0.0,0.0,Optimal,3567.354144099998,3742376.15534414
3341,,80.76,0.0,27.648,45.572831,27.648,0.0,-27.648,0.0,0.0,0.0,0.0,0.0,0.0,Optimal,3567.354144099998,3742376.15534414
3342,,75.36,30.0,0.0,74.372831,0.0,30.0,30.0,0.0,0.0,0.0,0.0,0.0,0.0,Optimal,3567.354144099998,3742376.15534414
3343,,68.37,0.0,0.0,74.372831,0.0,0.0,0.0,0.0,0.0,0.0,0.0,0.0,0.0,Optimal,3567.354144099998,3742376.15534414
3344,,49.89,0.0,0.0,74.372831,0.0,0.0,0.0,0.0,0.0,0.0,0.0,0.0,0.0,Optimal,3567.354144099998,3742376.15534414
3345,,5.82,0.0,0.0,74.372831,0.0,0.0,0.0,0.0,0.0,0.0,0.0,0.0,0.0,Optimal,3567.354144099998,3742376.15534414
3346,,-4.31,0.0,0.0,74.372831,0.0,0.0,0.0,0.0,0.0,0.0,0.0,0.0,0.0,Optimal,3567.354144099998,3742376.15534414
3347,,-50.0,0.0,0.0,74.372831,0.0,0.0,0.0,0.0,0.0,0.0,0.0,0.0,0.0,Optimal,3567.354144099998,3742376.15534414
3348,,-64.07,0.0,7.6401325,66.41436,7.6401325,0.0,-7.6401325,0.0,0.0,0.0,0.0,0.0,0.0,Optimal,3567.354144099998,3742376.15534414
3349,,-80.0,0.0,30.0,35.16436,30.0,0.0,-30.0,0.0,0.0,0.0,0.0,0.0,0.0,Optimal,3567.354144099998,3742376.15534414
3350,,-70.0,0.0,30.0,3.9143595,30.0,0.0,-30.0,0.0,0.0,0.0,0.0,0.0,0.0,Optimal,3567.354144099998,3742376.15534414
3351,,-49.9,0.0,0.0,3.9143595,0.0,0.0,0.0,0.0,0.0,0.0,0.0,0.0,0.0,Optimal,3567.354144099998,3742376.15534414
3352,,-13.6,0.0,0.0,3.9143595,0.0,0.0,0.0,0.0,0.0,0.0,0.0,0.0,0.0,Optimal,3567.354144099998,3742376.15534414
3353,,-0.09,0.0,0.0,3.9143595,0.0,0.0,0.0,0.0,0.0,0.0,0.0,0.0,0.0,Optimal,3567.354144099998,3742376.15534414
3354,,59.42,0.0,0.0,3.9143595,0.0,0.0,0.0,0.0,0.0,0.0,0.0,0.0,0.0,Optimal,3567.354144099998,3742376.15534414
3355,,83.4,0.0,0.0,3.9143595,0.0,0.0,0.0,0.0,0.0,0.0,0.0,0.0,0.0,Optimal,3567.354144099998,3742376.15534414
3356,,106.32,30.0,0.0,32.71436,0.0,30.0,30.0,0.0,0.0,0.0,0.0,0.0,0.0,Optimal,3567.354144099998,3742376.15534414
3357,,114.76,30.0,0.0,61.51436,0.0,30.0,30.0,0.0,0.0,0.0,0.0,0.0,0.0,Optimal,3567.354144099998,3742376.15534414
3358,,91.02,13.394241,0.0,74.372831,0.0,13.394241,13.394241,0.0,0.0,0.0,0.0,0.0,0.0,Optimal,3567.354144099998,3742376.15534414
3359,,83.05,0.0,30.0,43.122831,30.0,0.0,-30.0,0.0,0.0,0.0,0.0,0.0,0.0,Optimal,3567.354144099998,3742376.15534414
3360,,82.75,30.0,0.0,71.922831,0.0,30.0,30.0,0.0,0.0,0.0,0.0,0.0,0.0,Optimal,3567.354144099998,3742376.15534414
3361,,71.05,0.0,30.0,40.672831,30.0,0.0,-30.0,0.0,0.0,0.0,0.0,0.0,0.0,Optimal,3567.354144099998,3742376.15534414
3362,,78.05,26.814092,0.0,66.41436,0.0,26.814092,26.814092,0.0,0.0,0.0,0.0,0.0,0.0,Optimal,3567.354144099998,3742376.15534414
3363,,71.85,0.0,30.0,35.16436,30.0,0.0,-30.0,0.0,0.0,0.0,0.0,0.0,0.0,Optimal,3567.354144099998,3742376.15534414
3364,,73.5,0.0,30.0,3.9143595,30.0,0.0,-30.0,0.0,0.0,0.0,0.0,0.0,0.0,Optimal,3567.354144099998,3742376.15534414
3365,,81.32,13.394241,0.0,16.772831,0.0,13.394241,13.394241,0.0,0.0,0.0,0.0,0.0,0.0,Optimal,3567.354144099998,3742376.15534414
3366,,93.33,30.0,0.0,45.572831,0.0,30.0,30.0,0.0,0.0,0.0,0.0,0.0,0.0,Optimal,3567.354144099998,3742376.15534414
3367,,94.71,30.0,0.0,74.372831,0.0,30.0,30.0,0.0,0.0,0.0,0.0,0.0,0.0,Optimal,3567.354144099998,3742376.15534414
3368,,66.99,0.0,0.0,74.372831,0.0,0.0,0.0,0.0,0.0,0.0,0.0,0.0,0.0,Optimal,3567.354144099998,3742376.15534414
3369,,31.64,0.0,0.0,74.372831,0.0,0.0,0.0,0.0,0.0,0.0,0.0,0.0,0.0,Optimal,3567.354144099998,3742376.15534414
3370,,12.56,0.0,0.0,74.372831,0.0,0.0,0.0,0.0,0.0,0.0,0.0,0.0,0.0,Optimal,3567.354144099998,3742376.15534414
3371,,6.16,0.0,0.0,74.372831,0.0,0.0,0.0,0.0,0.0,0.0,0.0,0.0,0.0,Optimal,3567.354144099998,3742376.15534414
3372,,2.19,0.0,0.0,74.372831,0.0,0.0,0.0,0.0,0.0,0.0,0.0,0.0,0.0,Optimal,3567.354144099998,3742376.15534414
3373,,0.13,0.0,7.6401325,66.41436,7.6401325,0.0,-7.6401325,0.0,0.0,0.0,0.0,0.0,0.0,Optimal,3567.354144099998,3742376.15534414
3374,,-0.18,0.0,30.0,35.16436,30.0,0.0,-30.0,0.0,0.0,0.0,0.0,0.0,0.0,Optimal,3567.354144099998,3742376.15534414
3375,,-0.11,0.0,30.0,3.9143595,30.0,0.0,-30.0,0.0,0.0,0.0,0.0,0.0,0.0,Optimal,3567.354144099998,3742376.15534414
3376,,4.87,0.0,0.0,3.9143595,0.0,0.0,0.0,0.0,0.0,0.0,0.0,0.0,0.0,Optimal,3567.354144099998,3742376.15534414
3377,,55.34,0.0,0.0,3.9143595,0.0,0.0,0.0,0.0,0.0,0.0,0.0,0.0,0.0,Optimal,3567.354144099998,3742376.15534414
3378,,78.94,0.0,0.0,3.9143595,0.0,0.0,0.0,0.0,0.0,0.0,0.0,0.0,0.0,Optimal,3567.354144099998,3742376.15534414
3379,,105.96,13.394241,0.0,16.772831,0.0,13.394241,13.394241,0.0,0.0,0.0,0.0,0.0,0.0,Optimal,3567.354144099998,3742376.15534414
3380,,125.76,30.0,0.0,45.572831,0.0,30.0,30.0,0.0,0.0,0.0,0.0,0.0,0.0,Optimal,3567.354144099998,3742376.15534414
3381,,116.78,30.0,0.0,74.372831,0.0,30.0,30.0,0.0,0.0,0.0,0.0,0.0,0.0,Optimal,3567.354144099998,3742376.15534414
3382,,96.63,0.0,0.0,74.372831,0.0,0.0,0.0,0.0,0.0,0.0,0.0,0.0,0.0,Optimal,3567.354144099998,3742376.15534414
3383,,79.86,0.0,30.0,43.122831,30.0,0.0,-30.0,0.0,0.0,0.0,0.0,0.0,0.0,Optimal,3567.354144099998,3742376.15534414
3384,,89.42,30.0,0.0,71.922831,0.0,30.0,30.0,0.0,0.0,0.0,0.0,0.0,0.0,Optimal,3567.354144099998,3742376.15534414
3385,,83.82,2.5520833,0.0,74.372831,0.0,2.5520833,2.5520833,0.0,0.0,0.0,0.0,0.0,0.0,Optimal,3567.354144099998,3742376.15534414
3386,,77.46,0.0,30.0,43.122831,30.0,0.0,-30.0,0.0,0.0,0.0,0.0,0.0,0.0,Optimal,3567.354144099998,3742376.15534414
3387,,77.06,0.0,30.0,11.872831,30.0,0.0,-30.0,0.0,0.0,0.0,0.0,0.0,0.0,Optimal,3567.354144099998,3742376.15534414
3388,,78.0,0.0,7.6401325,3.9143595,7.6401325,0.0,-7.6401325,0.0,0.0,0.0,0.0,0.0,0.0,Optimal,3567.354144099998,3742376.15534414
3389,,86.6,0.0,0.0,3.9143595,0.0,0.0,0.0,0.0,0.0,0.0,0.0,0.0,0.0,Optimal,3567.354144099998,3742376.15534414
3390,,111.32,30.0,0.0,32.71436,0.0,30.0,30.0,0.0,0.0,0.0,0.0,0.0,0.0,Optimal,3567.354144099998,3742376.15534414
3391,,117.09,30.0,0.0,61.51436,0.0,30.0,30.0,0.0,0.0,0.0,0.0,0.0,0.0,Optimal,3567.354144099998,3742376.15534414
3392,,96.39,13.394241,0.0,74.372831,0.0,13.394241,13.394241,0.0,0.0,0.0,0.0,0.0,0.0,Optimal,3567.354144099998,3742376.15534414
3393,,76.24,0.0,0.0,74.372831,0.0,0.0,0.0,0.0,0.0,0.0,0.0,0.0,0.0,Optimal,3567.354144099998,3742376.15534414
3394,,61.6,0.0,0.0,74.372831,0.0,0.0,0.0,0.0,0.0,0.0,0.0,0.0,0.0,Optimal,3567.354144099998,3742376.15534414
3395,,49.26,0.0,0.0,74.372831,0.0,0.0,0.0,0.0,0.0,0.0,0.0,0.0,0.0,Optimal,3567.354144099998,3742376.15534414
3396,,27.41,0.0,30.0,43.122831,30.0,0.0,-30.0,0.0,0.0,0.0,0.0,0.0,0.0,Optimal,3567.354144099998,3742376.15534414
3397,,29.16,0.0,30.0,11.872831,30.0,0.0,-30.0,0.0,0.0,0.0,0.0,0.0,0.0,Optimal,3567.354144099998,3742376.15534414
3398,,33.21,0.0,7.6401325,3.9143595,7.6401325,0.0,-7.6401325,0.0,0.0,0.0,0.0,0.0,0.0,Optimal,3567.354144099998,3742376.15534414
3399,,60.78,0.0,0.0,3.9143595,0.0,0.0,0.0,0.0,0.0,0.0,0.0,0.0,0.0,Optimal,3567.354144099998,3742376.15534414
3400,,69.12,0.0,0.0,3.9143595,0.0,0.0,0.0,0.0,0.0,0.0,0.0,0.0,0.0,Optimal,3567.354144099998,3742376.15534414
3401,,80.1,0.0,0.0,3.9143595,0.0,0.0,0.0,0.0,0.0,0.0,0.0,0.0,0.0,Optimal,3567.354144099998,3742376.15534414
3402,,107.9,30.0,0.0,32.71436,0.0,30.0,30.0,0.0,0.0,0.0,0.0,0.0,0.0,Optimal,3567.354144099998,3742376.15534414
3403,,115.99,30.0,0.0,61.51436,0.0,30.0,30.0,0.0,0.0,0.0,0.0,0.0,0.0,Optimal,3567.354144099998,3742376.15534414
3404,,106.94,0.0,30.0,30.26436,30.0,0.0,-30.0,0.0,0.0,0.0,0.0,0.0,0.0,Optimal,3567.354144099998,3742376.15534414
3405,,105.84,30.0,0.0,59.06436,0.0,30.0,30.0,0.0,0.0,0.0,0.0,0.0,0.0,Optimal,3567.354144099998,3742376.15534414
3406,,101.4,0.0,30.0,27.81436,30.0,0.0,-30.0,0.0,0.0,0.0,0.0,0.0,0.0,Optimal,3567.354144099998,3742376.15534414
3407,,108.0,30.0,0.0,56.61436,0.0,30.0,30.0,0.0,0.0,0.0,0.0,0.0,0.0,Optimal,3567.354144099998,3742376.15534414
3408,,105.24,18.498408,0.0,74.372831,0.0,18.498408,18.498408,0.0,0.0,0.0,0.0,0.0,0.0,Optimal,3567.354144099998,3742376.15534414
3409,,93.22,0.0,0.0,74.372831,0.0,0.0,0.0,0.0,0.0,0.0,0.0,0.0,0.0,Optimal,3567.354144099998,3742376.15534414
3410,,75.0,0.0,0.0,74.372831,0.0,0.0,0.0,0.0,0.0,0.0,0.0,0.0,0.0,Optimal,3567.354144099998,3742376.15534414
3411,,68.0,0.0,30.0,43.122831,30.0,0.0,-30.0,0.0,0.0,0.0,0.0,0.0,0.0,Optimal,3567.354144099998,3742376.15534414
3412,,70.21,0.0,7.6401325,35.16436,7.6401325,0.0,-7.6401325,0.0,0.0,0.0,0.0,0.0,0.0,Optimal,3567.354144099998,3742376.15534414
3413,,69.92,0.0,30.0,3.9143595,30.0,0.0,-30.0,0.0,0.0,0.0,0.0,0.0,0.0,Optimal,3567.354144099998,3742376.15534414
3414,,85.24,13.394241,0.0,16.772831,0.0,13.394241,13.394241,0.0,0.0,0.0,0.0,0.0,0.0,Optimal,3567.354144099998,3742376.15534414
3415,,95.95,30.0,0.0,45.572831,0.0,30.0,30.0,0.0,0.0,0.0,0.0,0.0,0.0,Optimal,3567.354144099998,3742376.15534414
3416,,90.0,30.0,0.0,74.372831,0.0,30.0,30.0,0.0,0.0,0.0,0.0,0.0,0.0,Optimal,3567.354144099998,3742376.15534414
3417,,74.88,0.0,0.0,74.372831,0.0,0.0,0.0,0.0,0.0,0.0,0.0,0.0,0.0,Optimal,3567.354144099998,3742376.15534414
3418,,63.35,0.0,27.648,45.572831,27.648,0.0,-27.648,0.0,0.0,0.0,0.0,0.0,0.0,Optimal,3567.354144099998,3742376.15534414
3419,,60.72,30.0,0.0,74.372831,0.0,30.0,30.0,0.0,0.0,0.0,0.0,0.0,0.0,Optimal,3567.354144099998,3742376.15534414
3420,,-6.5,0.0,30.0,43.122831,30.0,0.0,-30.0,0.0,0.0,0.0,0.0,0.0,0.0,Optimal,3567.354144099998,3742376.15534414
3421,,-10.01,0.0,30.0,11.872831,30.0,0.0,-30.0,0.0,0.0,0.0,0.0,0.0,0.0,Optimal,3567.354144099998,3742376.15534414
3422,,-4.79,0.0,7.6401325,3.9143595,7.6401325,0.0,-7.6401325,0.0,0.0,0.0,0.0,0.0,0.0,Optimal,3567.354144099998,3742376.15534414
3423,,0.0,0.0,0.0,3.9143595,0.0,0.0,0.0,0.0,0.0,0.0,0.0,0.0,0.0,Optimal,3567.354144099998,3742376.15534414
3424,,14.34,0.0,0.0,3.9143595,0.0,0.0,0.0,0.0,0.0,0.0,0.0,0.0,0.0,Optimal,3567.354144099998,3742376.15534414
3425,,72.31,0.0,0.0,3.9143595,0.0,0.0,0.0,0.0,0.0,0.0,0.0,0.0,0.0,Optimal,3567.354144099998,3742376.15534414
3426,,92.16,0.0,0.0,3.9143595,0.0,0.0,0.0,0.0,0.0,0.0,0.0,0.0,0.0,Optimal,3567.354144099998,3742376.15534414
3427,,99.9,13.394241,0.0,16.772831,0.0,13.394241,13.394241,0.0,0.0,0.0,0.0,0.0,0.0,Optimal,3567.354144099998,3742376.15534414
3428,,136.52,30.0,0.0,45.572831,0.0,30.0,30.0,0.0,0.0,0.0,0.0,0.0,0.0,Optimal,3567.354144099998,3742376.15534414
3429,,117.34,30.0,0.0,74.372831,0.0,30.0,30.0,0.0,0.0,0.0,0.0,0.0,0.0,Optimal,3567.354144099998,3742376.15534414
3430,,99.69,0.0,0.0,74.372831,0.0,0.0,0.0,0.0,0.0,0.0,0.0,0.0,0.0,Optimal,3567.354144099998,3742376.15534414
3431,,87.74,0.0,0.0,74.372831,0.0,0.0,0.0,0.0,0.0,0.0,0.0,0.0,0.0,Optimal,3567.354144099998,3742376.15534414
3432,,75.34,0.0,27.648,45.572831,27.648,0.0,-27.648,0.0,0.0,0.0,0.0,0.0,0.0,Optimal,3567.354144099998,3742376.15534414
3433,,72.07,30.0,0.0,74.372831,0.0,30.0,30.0,0.0,0.0,0.0,0.0,0.0,0.0,Optimal,3567.354144099998,3742376.15534414
3434,,66.47,0.0,30.0,43.122831,30.0,0.0,-30.0,0.0,0.0,0.0,0.0,0.0,0.0,Optimal,3567.354144099998,3742376.15534414
3435,,69.31,0.0,7.6401325,35.16436,7.6401325,0.0,-7.6401325,0.0,0.0,0.0,0.0,0.0,0.0,Optimal,3567.354144099998,3742376.15534414
3436,,68.91,0.0,30.0,3.9143595,30.0,0.0,-30.0,0.0,0.0,0.0,0.0,0.0,0.0,Optimal,3567.354144099998,3742376.15534414
3437,,74.98,0.0,0.0,3.9143595,0.0,0.0,0.0,0.0,0.0,0.0,0.0,0.0,0.0,Optimal,3567.354144099998,3742376.15534414
3438,,94.32,13.394241,0.0,16.772831,0.0,13.394241,13.394241,0.0,0.0,0.0,0.0,0.0,0.0,Optimal,3567.354144099998,3742376.15534414
3439,,111.01,30.0,0.0,45.572831,0.0,30.0,30.0,0.0,0.0,0.0,0.0,0.0,0.0,Optimal,3567.354144099998,3742376.15534414
3440,,95.92,30.0,0.0,74.372831,0.0,30.0,30.0,0.0,0.0,0.0,0.0,0.0,0.0,Optimal,3567.354144099998,3742376.15534414
3441,,75.15,0.0,27.648,45.572831,27.648,0.0,-27.648,0.0,0.0,0.0,0.0,0.0,0.0,Optimal,3567.354144099998,3742376.15534414
3442,,71.03,30.0,0.0,74.372831,0.0,30.0,30.0,0.0,0.0,0.0,0.0,0.0,0.0,Optimal,3567.354144099998,3742376.15534414
3443,,61.02,0.0,0.0,74.372831,0.0,0.0,0.0,0.0,0.0,0.0,0.0,0.0,0.0,Optimal,3567.354144099998,3742376.15534414
3444,,50.0,0.0,30.0,43.122831,30.0,0.0,-30.0,0.0,0.0,0.0,0.0,0.0,0.0,Optimal,3567.354144099998,3742376.15534414
3445,,43.9,0.0,30.0,11.872831,30.0,0.0,-30.0,0.0,0.0,0.0,0.0,0.0,0.0,Optimal,3567.354144099998,3742376.15534414
3446,,53.31,0.0,7.6401325,3.9143595,7.6401325,0.0,-7.6401325,0.0,0.0,0.0,0.0,0.0,0.0,Optimal,3567.354144099998,3742376.15534414
3447,,62.62,0.0,0.0,3.9143595,0.0,0.0,0.0,0.0,0.0,0.0,0.0,0.0,0.0,Optimal,3567.354144099998,3742376.15534414
3448,,75.61,0.0,0.0,3.9143595,0.0,0.0,0.0,0.0,0.0,0.0,0.0,0.0,0.0,Optimal,3567.354144099998,3742376.15534414
3449,,88.29,0.0,0.0,3.9143595,0.0,0.0,0.0,0.0,0.0,0.0,0.0,0.0,0.0,Optimal,3567.354144099998,3742376.15534414
3450,,102.51,0.0,0.0,3.9143595,0.0,0.0,0.0,0.0,0.0,0.0,0.0,0.0,0.0,Optimal,3567.354144099998,3742376.15534414
3451,,130.0,13.394241,0.0,16.772831,0.0,13.394241,13.394241,0.0,0.0,0.0,0.0,0.0,0.0,Optimal,3567.354144099998,3742376.15534414
3452,,165.41,30.0,0.0,45.572831,0.0,30.0,30.0,0.0,0.0,0.0,0.0,0.0,0.0,Optimal,3567.354144099998,3742376.15534414
3453,,147.54,30.0,0.0,74.372831,0.0,30.0,30.0,0.0,0.0,0.0,0.0,0.0,0.0,Optimal,3567.354144099998,3742376.15534414
3454,,123.54,0.0,0.0,74.372831,0.0,0.0,0.0,0.0,0.0,0.0,0.0,0.0,0.0,Optimal,3567.354144099998,3742376.15534414
3455,,103.37,0.0,27.648,45.572831,27.648,0.0,-27.648,0.0,0.0,0.0,0.0,0.0,0.0,Optimal,3567.354144099998,3742376.15534414
3456,,101.43,30.0,0.0,74.372831,0.0,30.0,30.0,0.0,0.0,0.0,0.0,0.0,0.0,Optimal,3567.354144099998,3742376.15534414
3457,,92.73,0.0,7.6401325,66.41436,7.6401325,0.0,-7.6401325,0.0,0.0,0.0,0.0,0.0,0.0,Optimal,3567.354144099998,3742376.15534414
3458,,88.86,0.0,30.0,35.16436,30.0,0.0,-30.0,0.0,0.0,0.0,0.0,0.0,0.0,Optimal,3567.354144099998,3742376.15534414
3459,,89.44,0.0,30.0,3.9143595,30.0,0.0,-30.0,0.0,0.0,0.0,0.0,0.0,0.0,Optimal,3567.354144099998,3742376.15534414
3460,,94.31,30.0,0.0,32.71436,0.0,30.0,30.0,0.0,0.0,0.0,0.0,0.0,0.0,Optimal,3567.354144099998,3742376.15534414
3461,,100.77,0.0,27.648,3.9143595,27.648,0.0,-27.648,0.0,0.0,0.0,0.0,0.0,0.0,Optimal,3567.354144099998,3742376.15534414
3462,,119.32,30.0,0.0,32.71436,0.0,30.0,30.0,0.0,0.0,0.0,0.0,0.0,0.0,Optimal,3567.354144099998,3742376.15534414
3463,,117.43,30.0,0.0,61.51436,0.0,30.0,30.0,0.0,0.0,0.0,0.0,0.0,0.0,Optimal,3567.354144099998,3742376.15534414
3464,,110.78,13.394241,0.0,74.372831,0.0,13.394241,13.394241,0.0,0.0,0.0,0.0,0.0,0.0,Optimal,3567.354144099998,3742376.15534414
3465,,102.0,0.0,0.0,74.372831,0.0,0.0,0.0,0.0,0.0,0.0,0.0,0.0,0.0,Optimal,3567.354144099998,3742376.15534414
3466,,91.28,0.0,0.0,74.372831,0.0,0.0,0.0,0.0,0.0,0.0,0.0,0.0,0.0,Optimal,3567.354144099998,3742376.15534414
3467,,84.14,0.0,30.0,43.122831,30.0,0.0,-30.0,0.0,0.0,0.0,0.0,0.0,0.0,Optimal,3567.354144099998,3742376.15534414
3468,,83.22,26.814092,0.0,68.86436,0.0,26.814092,26.814092,0.0,0.0,0.0,0.0,0.0,0.0,Optimal,3567.354144099998,3742376.15534414
3469,,81.39,0.0,30.0,37.61436,30.0,0.0,-30.0,0.0,0.0,0.0,0.0,0.0,0.0,Optimal,3567.354144099998,3742376.15534414
3470,,81.23,0.0,30.0,6.3643595,30.0,0.0,-30.0,0.0,0.0,0.0,0.0,0.0,0.0,Optimal,3567.354144099998,3742376.15534414
3471,,83.38,30.0,0.0,35.16436,0.0,30.0,30.0,0.0,0.0,0.0,0.0,0.0,0.0,Optimal,3567.354144099998,3742376.15534414
3472,,84.0,0.0,30.0,3.9143595,30.0,0.0,-30.0,0.0,0.0,0.0,0.0,0.0,0.0,Optimal,3567.354144099998,3742376.15534414
3473,,96.0,0.0,0.0,3.9143595,0.0,0.0,0.0,0.0,0.0,0.0,0.0,0.0,0.0,Optimal,3567.354144099998,3742376.15534414
3474,,107.8,0.0,0.0,3.9143595,0.0,0.0,0.0,0.0,0.0,0.0,0.0,0.0,0.0,Optimal,3567.354144099998,3742376.15534414
3475,,123.38,30.0,0.0,32.71436,0.0,30.0,30.0,0.0,0.0,0.0,0.0,0.0,0.0,Optimal,3567.354144099998,3742376.15534414
3476,,120.86,30.0,0.0,61.51436,0.0,30.0,30.0,0.0,0.0,0.0,0.0,0.0,0.0,Optimal,3567.354144099998,3742376.15534414
3477,,115.83,13.394241,0.0,74.372831,0.0,13.394241,13.394241,0.0,0.0,0.0,0.0,0.0,0.0,Optimal,3567.354144099998,3742376.15534414
3478,,109.67,0.0,0.0,74.372831,0.0,0.0,0.0,0.0,0.0,0.0,0.0,0.0,0.0,Optimal,3567.354144099998,3742376.15534414
3479,,99.84,0.0,27.648,45.572831,27.648,0.0,-27.648,0.0,0.0,0.0,0.0,0.0,0.0,Optimal,3567.354144099998,3742376.15534414
3480,,94.88,30.0,0.0,74.372831,0.0,30.0,30.0,0.0,0.0,0.0,0.0,0.0,0.0,Optimal,3567.354144099998,3742376.15534414
3481,,90.87,0.0,27.648,45.572831,27.648,0.0,-27.648,0.0,0.0,0.0,0.0,0.0,0.0,Optimal,3567.354144099998,3742376.15534414
3482,,90.21,30.0,0.0,74.372831,0.0,30.0,30.0,0.0,0.0,0.0,0.0,0.0,0.0,Optimal,3567.354144099998,3742376.15534414
3483,,89.38,0.0,25.296,48.022831,25.296,0.0,-25.296,0.0,0.0,0.0,0.0,0.0,0.0,Optimal,3567.354144099998,3742376.15534414
3484,,89.29,0.0,30.0,16.772831,30.0,0.0,-30.0,0.0,0.0,0.0,0.0,0.0,0.0,Optimal,3567.354144099998,3742376.15534414
3485,,90.0,30.0,0.0,45.572831,0.0,30.0,30.0,0.0,0.0,0.0,0.0,0.0,0.0,Optimal,3567.354144099998,3742376.15534414
3486,,90.68,30.0,0.0,74.372831,0.0,30.0,30.0,0.0,0.0,0.0,0.0,0.0,0.0,Optimal,3567.354144099998,3742376.15534414
3487,,82.69,0.0,0.0,74.372831,0.0,0.0,0.0,0.0,0.0,0.0,0.0,0.0,0.0,Optimal,3567.354144099998,3742376.15534414
3488,,82.12,0.0,27.648,45.572831,27.648,0.0,-27.648,0.0,0.0,0.0,0.0,0.0,0.0,Optimal,3567.354144099998,3742376.15534414
3489,,87.4,30.0,0.0,74.372831,0.0,30.0,30.0,0.0,0.0,0.0,0.0,0.0,0.0,Optimal,3567.354144099998,3742376.15534414
3490,,54.23,0.0,0.0,74.372831,0.0,0.0,0.0,0.0,0.0,0.0,0.0,0.0,0.0,Optimal,3567.354144099998,3742376.15534414
3491,,9.34,0.0,0.0,74.372831,0.0,0.0,0.0,0.0,0.0,0.0,0.0,0.0,0.0,Optimal,3567.354144099998,3742376.15534414
3492,,3.24,0.0,0.0,74.372831,0.0,0.0,0.0,0.0,0.0,0.0,0.0,0.0,0.0,Optimal,3567.354144099998,3742376.15534414
3493,,0.04,0.0,7.6401325,66.41436,7.6401325,0.0,-7.6401325,0.0,0.0,0.0,0.0,0.0,0.0,Optimal,3567.354144099998,3742376.15534414
3494,,0.0,0.0,30.0,35.16436,30.0,0.0,-30.0,0.0,0.0,0.0,0.0,0.0,0.0,Optimal,3567.354144099998,3742376.15534414
3495,,0.02,0.0,30.0,3.9143595,30.0,0.0,-30.0,0.0,0.0,0.0,0.0,0.0,0.0,Optimal,3567.354144099998,3742376.15534414
3496,,12.87,0.0,0.0,3.9143595,0.0,0.0,0.0,0.0,0.0,0.0,0.0,0.0,0.0,Optimal,3567.354144099998,3742376.15534414
3497,,65.22,0.0,0.0,3.9143595,0.0,0.0,0.0,0.0,0.0,0.0,0.0,0.0,0.0,Optimal,3567.354144099998,3742376.15534414
3498,,86.08,0.0,0.0,3.9143595,0.0,0.0,0.0,0.0,0.0,0.0,0.0,0.0,0.0,Optimal,3567.354144099998,3742376.15534414
3499,,105.0,0.0,0.0,3.9143595,0.0,0.0,0.0,0.0,0.0,0.0,0.0,0.0,0.0,Optimal,3567.354144099998,3742376.15534414
3500,,124.36,30.0,0.0,32.71436,0.0,30.0,30.0,0.0,0.0,0.0,0.0,0.0,0.0,Optimal,3567.354144099998,3742376.15534414
3501,,134.79,30.0,0.0,61.51436,0.0,30.0,30.0,0.0,0.0,0.0,0.0,0.0,0.0,Optimal,3567.354144099998,3742376.15534414
3502,,113.32,13.394241,0.0,74.372831,0.0,13.394241,13.394241,0.0,0.0,0.0,0.0,0.0,0.0,Optimal,3567.354144099998,3742376.15534414
3503,,103.23,0.0,30.0,43.122831,30.0,0.0,-30.0,0.0,0.0,0.0,0.0,0.0,0.0,Optimal,3567.354144099998,3742376.15534414
3504,,117.12,30.0,0.0,71.922831,0.0,30.0,30.0,0.0,0.0,0.0,0.0,0.0,0.0,Optimal,3567.354144099998,3742376.15534414
3505,,99.2,2.5520833,0.0,74.372831,0.0,2.5520833,2.5520833,0.0,0.0,0.0,0.0,0.0,0.0,Optimal,3567.354144099998,3742376.15534414
3506,,94.05,0.0,25.296,48.022831,25.296,0.0,-25.296,0.0,0.0,0.0,0.0,0.0,0.0,Optimal,3567.354144099998,3742376.15534414
3507,,90.1,0.0,30.0,16.772831,30.0,0.0,-30.0,0.0,0.0,0.0,0.0,0.0,0.0,Optimal,3567.354144099998,3742376.15534414
3508,,92.15,30.0,0.0,45.572831,0.0,30.0,30.0,0.0,0.0,0.0,0.0,0.0,0.0,Optimal,3567.354144099998,3742376.15534414
3509,,90.02,30.0,0.0,74.372831,0.0,30.0,30.0,0.0,0.0,0.0,0.0,0.0,0.0,Optimal,3567.354144099998,3742376.15534414
3510,,82.07,0.0,0.0,74.372831,0.0,0.0,0.0,0.0,0.0,0.0,0.0,0.0,0.0,Optimal,3567.354144099998,3742376.15534414
3511,,71.9,0.0,0.0,74.372831,0.0,0.0,0.0,0.0,0.0,0.0,0.0,0.0,0.0,Optimal,3567.354144099998,3742376.15534414
3512,,13.25,0.0,0.0,74.372831,0.0,0.0,0.0,0.0,0.0,0.0,0.0,0.0,0.0,Optimal,3567.354144099998,3742376.15534414
3513,,0.02,0.0,0.0,74.372831,0.0,0.0,0.0,0.0,0.0,0.0,0.0,0.0,0.0,Optimal,3567.354144099998,3742376.15534414
3514,,0.0,0.0,0.0,74.372831,0.0,0.0,0.0,0.0,0.0,0.0,0.0,0.0,0.0,Optimal,3567.354144099998,3742376.15534414
3515,,-0.09,0.0,0.0,74.372831,0.0,0.0,0.0,0.0,0.0,0.0,0.0,0.0,0.0,Optimal,3567.354144099998,3742376.15534414
3516,,-2.12,0.0,0.0,74.372831,0.0,0.0,0.0,0.0,0.0,0.0,0.0,0.0,0.0,Optimal,3567.354144099998,3742376.15534414
3517,,-10.66,0.0,30.0,43.122831,30.0,0.0,-30.0,0.0,0.0,0.0,0.0,0.0,0.0,Optimal,3567.354144099998,3742376.15534414
3518,,-23.89,0.0,30.0,11.872831,30.0,0.0,-30.0,0.0,0.0,0.0,0.0,0.0,0.0,Optimal,3567.354144099998,3742376.15534414
3519,,-9.91,0.0,7.6401325,3.9143595,7.6401325,0.0,-7.6401325,0.0,0.0,0.0,0.0,0.0,0.0,Optimal,3567.354144099998,3742376.15534414
3520,,-0.6,0.0,0.0,3.9143595,0.0,0.0,0.0,0.0,0.0,0.0,0.0,0.0,0.0,Optimal,3567.354144099998,3742376.15534414
3521,,55.33,0.0,0.0,3.9143595,0.0,0.0,0.0,0.0,0.0,0.0,0.0,0.0,0.0,Optimal,3567.354144099998,3742376.15534414
3522,,91.17,0.0,0.0,3.9143595,0.0,0.0,0.0,0.0,0.0,0.0,0.0,0.0,0.0,Optimal,3567.354144099998,3742376.15534414
3523,,100.91,13.394241,0.0,16.772831,0.0,13.394241,13.394241,0.0,0.0,0.0,0.0,0.0,0.0,Optimal,3567.354144099998,3742376.15534414
3524,,113.49,30.0,0.0,45.572831,0.0,30.0,30.0,0.0,0.0,0.0,0.0,0.0,0.0,Optimal,3567.354144099998,3742376.15534414
3525,,108.96,30.0,0.0,74.372831,0.0,30.0,30.0,0.0,0.0,0.0,0.0,0.0,0.0,Optimal,3567.354144099998,3742376.15534414
3526,,98.41,0.0,0.0,74.372831,0.0,0.0,0.0,0.0,0.0,0.0,0.0,0.0,0.0,Optimal,3567.354144099998,3742376.15534414
3527,,87.5,0.0,0.0,74.372831,0.0,0.0,0.0,0.0,0.0,0.0,0.0,0.0,0.0,Optimal,3567.354144099998,3742376.15534414
3528,,70.29,0.0,30.0,43.122831,30.0,0.0,-30.0,0.0,0.0,0.0,0.0,0.0,0.0,Optimal,3567.354144099998,3742376.15534414
3529,,68.96,30.0,0.0,71.922831,0.0,30.0,30.0,0.0,0.0,0.0,0.0,0.0,0.0,Optimal,3567.354144099998,3742376.15534414
3530,,67.9,0.0,30.0,40.672831,30.0,0.0,-30.0,0.0,0.0,0.0,0.0,0.0,0.0,Optimal,3567.354144099998,3742376.15534414
3531,,67.87,0.0,30.0,9.4228309,30.0,0.0,-30.0,0.0,0.0,0.0,0.0,0.0,0.0,Optimal,3567.354144099998,3742376.15534414
3532,,70.3,0.0,5.2881325,3.9143595,5.2881325,0.0,-5.2881325,0.0,0.0,0.0,0.0,0.0,0.0,Optimal,3567.354144099998,3742376.15534414
3533,,76.3,0.0,0.0,3.9143595,0.0,0.0,0.0,0.0,0.0,0.0,0.0,0.0,0.0,Optimal,3567.354144099998,3742376.15534414
3534,,97.14,13.394241,0.0,16.772831,0.0,13.394241,13.394241,0.0,0.0,0.0,0.0,0.0,0.0,Optimal,3567.354144099998,3742376.15534414
3535,,110.56,30.0,0.0,45.572831,0.0,30.0,30.0,0.0,0.0,0.0,0.0,0.0,0.0,Optimal,3567.354144099998,3742376.15534414
3536,,105.03,30.0,0.0,74.372831,0.0,30.0,30.0,0.0,0.0,0.0,0.0,0.0,0.0,Optimal,3567.354144099998,3742376.15534414
3537,,91.76,0.0,0.0,74.372831,0.0,0.0,0.0,0.0,0.0,0.0,0.0,0.0,0.0,Optimal,3567.354144099998,3742376.15534414
3538,,80.0,0.0,27.648,45.572831,27.648,0.0,-27.648,0.0,0.0,0.0,0.0,0.0,0.0,Optimal,3567.354144099998,3742376.15534414
3539,,77.3,30.0,0.0,74.372831,0.0,30.0,30.0,0.0,0.0,0.0,0.0,0.0,0.0,Optimal,3567.354144099998,3742376.15534414
3540,,70.11,0.0,7.6401325,66.41436,7.6401325,0.0,-7.6401325,0.0,0.0,0.0,0.0,0.0,0.0,Optimal,3567.354144099998,3742376.15534414
3541,,66.75,0.0,30.0,35.16436,30.0,0.0,-30.0,0.0,0.0,0.0,0.0,0.0,0.0,Optimal,3567.354144099998,3742376.15534414
3542,,64.97,0.0,30.0,3.9143595,30.0,0.0,-30.0,0.0,0.0,0.0,0.0,0.0,0.0,Optimal,3567.354144099998,3742376.15534414
3543,,68.01,30.0,0.0,32.71436,0.0,30.0,30.0,0.0,0.0,0.0,0.0,0.0,0.0,Optimal,3567.354144099998,3742376.15534414
3544,,72.49,0.0,27.648,3.9143595,27.648,0.0,-27.648,0.0,0.0,0.0,0.0,0.0,0.0,Optimal,3567.354144099998,3742376.15534414
3545,,90.8,0.0,0.0,3.9143595,0.0,0.0,0.0,0.0,0.0,0.0,0.0,0.0,0.0,Optimal,3567.354144099998,3742376.15534414
3546,,106.29,0.0,0.0,3.9143595,0.0,0.0,0.0,0.0,0.0,0.0,0.0,0.0,0.0,Optimal,3567.354144099998,3742376.15534414
3547,,130.44,13.394241,0.0,16.772831,0.0,13.394241,13.394241,0.0,0.0,0.0,0.0,0.0,0.0,Optimal,3567.354144099998,3742376.15534414
3548,,154.62,30.0,0.0,45.572831,0.0,30.0,30.0,0.0,0.0,0.0,0.0,0.0,0.0,Optimal,3567.354144099998,3742376.15534414
3549,,141.27,30.0,0.0,74.372831,0.0,30.0,30.0,0.0,0.0,0.0,0.0,0.0,0.0,Optimal,3567.354144099998,3742376.15534414
3550,,114.64,0.0,0.0,74.372831,0.0,0.0,0.0,0.0,0.0,0.0,0.0,0.0,0.0,Optimal,3567.354144099998,3742376.15534414
3551,,97.46,0.0,0.0,74.372831,0.0,0.0,0.0,0.0,0.0,0.0,0.0,0.0,0.0,Optimal,3567.354144099998,3742376.15534414
3552,,93.27,0.0,27.648,45.572831,27.648,0.0,-27.648,0.0,0.0,0.0,0.0,0.0,0.0,Optimal,3567.354144099998,3742376.15534414
3553,,94.0,30.0,0.0,74.372831,0.0,30.0,30.0,0.0,0.0,0.0,0.0,0.0,0.0,Optimal,3567.354144099998,3742376.15534414
3554,,87.64,0.0,30.0,43.122831,30.0,0.0,-30.0,0.0,0.0,0.0,0.0,0.0,0.0,Optimal,3567.354144099998,3742376.15534414
3555,,85.22,24.262009,0.0,66.41436,0.0,24.262009,24.262009,0.0,0.0,0.0,0.0,0.0,0.0,Optimal,3567.354144099998,3742376.15534414
3556,,83.96,0.0,30.0,35.16436,30.0,0.0,-30.0,0.0,0.0,0.0,0.0,0.0,0.0,Optimal,3567.354144099998,3742376.15534414
3557,,88.4,0.0,30.0,3.9143595,30.0,0.0,-30.0,0.0,0.0,0.0,0.0,0.0,0.0,Optimal,3567.354144099998,3742376.15534414
3558,,99.0,30.0,0.0,32.71436,0.0,30.0,30.0,0.0,0.0,0.0,0.0,0.0,0.0,Optimal,3567.354144099998,3742376.15534414
3559,,105.24,30.0,0.0,61.51436,0.0,30.0,30.0,0.0,0.0,0.0,0.0,0.0,0.0,Optimal,3567.354144099998,3742376.15534414
3560,,92.61,13.394241,0.0,74.372831,0.0,13.394241,13.394241,0.0,0.0,0.0,0.0,0.0,0.0,Optimal,3567.354144099998,3742376.15534414
3561,,77.48,0.0,0.0,74.372831,0.0,0.0,0.0,0.0,0.0,0.0,0.0,0.0,0.0,Optimal,3567.354144099998,3742376.15534414
3562,,65.5,0.0,0.0,74.372831,0.0,0.0,0.0,0.0,0.0,0.0,0.0,0.0,0.0,Optimal,3567.354144099998,3742376.15534414
3563,,58.2,0.0,0.0,74.372831,0.0,0.0,0.0,0.0,0.0,0.0,0.0,0.0,0.0,Optimal,3567.354144099998,3742376.15534414
3564,,51.33,0.0,7.6401325,66.41436,7.6401325,0.0,-7.6401325,0.0,0.0,0.0,0.0,0.0,0.0,Optimal,3567.354144099998,3742376.15534414
3565,,46.44,0.0,30.0,35.16436,30.0,0.0,-30.0,0.0,0.0,0.0,0.0,0.0,0.0,Optimal,3567.354144099998,3742376.15534414
3566,,46.53,0.0,30.0,3.9143595,30.0,0.0,-30.0,0.0,0.0,0.0,0.0,0.0,0.0,Optimal,3567.354144099998,3742376.15534414
3567,,54.94,0.0,0.0,3.9143595,0.0,0.0,0.0,0.0,0.0,0.0,0.0,0.0,0.0,Optimal,3567.354144099998,3742376.15534414
3568,,60.89,0.0,0.0,3.9143595,0.0,0.0,0.0,0.0,0.0,0.0,0.0,0.0,0.0,Optimal,3567.354144099998,3742376.15534414
3569,,73.07,0.0,0.0,3.9143595,0.0,0.0,0.0,0.0,0.0,0.0,0.0,0.0,0.0,Optimal,3567.354144099998,3742376.15534414
3570,,87.49,0.0,0.0,3.9143595,0.0,0.0,0.0,0.0,0.0,0.0,0.0,0.0,0.0,Optimal,3567.354144099998,3742376.15534414
3571,,117.65,30.0,0.0,32.71436,0.0,30.0,30.0,0.0,0.0,0.0,0.0,0.0,0.0,Optimal,3567.354144099998,3742376.15534414
3572,,130.03,30.0,0.0,61.51436,0.0,30.0,30.0,0.0,0.0,0.0,0.0,0.0,0.0,Optimal,3567.354144099998,3742376.15534414
3573,,106.67,13.394241,0.0,74.372831,0.0,13.394241,13.394241,0.0,0.0,0.0,0.0,0.0,0.0,Optimal,3567.354144099998,3742376.15534414
3574,,89.76,0.0,0.0,74.372831,0.0,0.0,0.0,0.0,0.0,0.0,0.0,0.0,0.0,Optimal,3567.354144099998,3742376.15534414
3575,,79.56,0.0,0.0,74.372831,0.0,0.0,0.0,0.0,0.0,0.0,0.0,0.0,0.0,Optimal,3567.354144099998,3742376.15534414
3576,,68.1,0.0,0.0,74.372831,0.0,0.0,0.0,0.0,0.0,0.0,0.0,0.0,0.0,Optimal,3567.354144099998,3742376.15534414
3577,,53.1,0.0,27.648,45.572831,27.648,0.0,-27.648,0.0,0.0,0.0,0.0,0.0,0.0,Optimal,3567.354144099998,3742376.15534414
3578,,49.54,30.0,0.0,74.372831,0.0,30.0,30.0,0.0,0.0,0.0,0.0,0.0,0.0,Optimal,3567.354144099998,3742376.15534414
3579,,44.2,0.0,7.6401325,66.41436,7.6401325,0.0,-7.6401325,0.0,0.0,0.0,0.0,0.0,0.0,Optimal,3567.354144099998,3742376.15534414
3580,,42.14,0.0,30.0,35.16436,30.0,0.0,-30.0,0.0,0.0,0.0,0.0,0.0,0.0,Optimal,3567.354144099998,3742376.15534414
3581,,41.87,0.0,30.0,3.9143595,30.0,0.0,-30.0,0.0,0.0,0.0,0.0,0.0,0.0,Optimal,3567.354144099998,3742376.15534414
3582,,59.4,0.0,0.0,3.9143595,0.0,0.0,0.0,0.0,0.0,0.0,0.0,0.0,0.0,Optimal,3567.354144099998,3742376.15534414
3583,,80.05,30.0,0.0,32.71436,0.0,30.0,30.0,0.0,0.0,0.0,0.0,0.0,0.0,Optimal,3567.354144099998,3742376.15534414
3584,,85.64,30.0,0.0,61.51436,0.0,30.0,30.0,0.0,0.0,0.0,0.0,0.0,0.0,Optimal,3567.354144099998,3742376.15534414
3585,,64.49,13.394241,0.0,74.372831,0.0,13.394241,13.394241,0.0,0.0,0.0,0.0,0.0,0.0,Optimal,3567.354144099998,3742376.15534414
3586,,49.9,0.0,0.0,74.372831,0.0,0.0,0.0,0.0,0.0,0.0,0.0,0.0,0.0,Optimal,3567.354144099998,3742376.15534414
3587,,41.59,0.0,0.0,74.372831,0.0,0.0,0.0,0.0,0.0,0.0,0.0,0.0,0.0,Optimal,3567.354144099998,3742376.15534414
3588,,35.16,0.0,7.6401325,66.41436,7.6401325,0.0,-7.6401325,0.0,0.0,0.0,0.0,0.0,0.0,Optimal,3567.354144099998,3742376.15534414
3589,,33.1,0.0,30.0,35.16436,30.0,0.0,-30.0,0.0,0.0,0.0,0.0,0.0,0.0,Optimal,3567.354144099998,3742376.15534414
3590,,32.21,0.0,30.0,3.9143595,30.0,0.0,-30.0,0.0,0.0,0.0,0.0,0.0,0.0,Optimal,3567.354144099998,3742376.15534414
3591,,43.2,0.0,0.0,3.9143595,0.0,0.0,0.0,0.0,0.0,0.0,0.0,0.0,0.0,Optimal,3567.354144099998,3742376.15534414
3592,,63.47,0.0,0.0,3.9143595,0.0,0.0,0.0,0.0,0.0,0.0,0.0,0.0,0.0,Optimal,3567.354144099998,3742376.15534414
3593,,81.77,30.0,0.0,32.71436,0.0,30.0,30.0,0.0,0.0,0.0,0.0,0.0,0.0,Optimal,3567.354144099998,3742376.15534414
3594,,84.95,0.0,27.648,3.9143595,27.648,0.0,-27.648,0.0,0.0,0.0,0.0,0.0,0.0,Optimal,3567.354144099998,3742376.15534414
3595,,99.0,0.0,0.0,3.9143595,0.0,0.0,0.0,0.0,0.0,0.0,0.0,0.0,0.0,Optimal,3567.354144099998,3742376.15534414
3596,,126.92,30.0,0.0,32.71436,0.0,30.0,30.0,0.0,0.0,0.0,0.0,0.0,0.0,Optimal,3567.354144099998,3742376.15534414
3597,,133.5,30.0,0.0,61.51436,0.0,30.0,30.0,0.0,0.0,0.0,0.0,0.0,0.0,Optimal,3567.354144099998,3742376.15534414
3598,,113.3,13.394241,0.0,74.372831,0.0,13.394241,13.394241,0.0,0.0,0.0,0.0,0.0,0.0,Optimal,3567.354144099998,3742376.15534414
3599,,101.83,0.0,0.0,74.372831,0.0,0.0,0.0,0.0,0.0,0.0,0.0,0.0,0.0,Optimal,3567.354144099998,3742376.15534414
3600,,98.45,0.0,27.648,45.572831,27.648,0.0,-27.648,0.0,0.0,0.0,0.0,0.0,0.0,Optimal,3567.354144099998,3742376.15534414
3601,,96.3,30.0,0.0,74.372831,0.0,30.0,30.0,0.0,0.0,0.0,0.0,0.0,0.0,Optimal,3567.354144099998,3742376.15534414
3602,,84.03,0.0,30.0,43.122831,30.0,0.0,-30.0,0.0,0.0,0.0,0.0,0.0,0.0,Optimal,3567.354144099998,3742376.15534414
3603,,89.5,30.0,0.0,71.922831,0.0,30.0,30.0,0.0,0.0,0.0,0.0,0.0,0.0,Optimal,3567.354144099998,3742376.15534414
3604,,83.96,0.0,30.0,40.672831,30.0,0.0,-30.0,0.0,0.0,0.0,0.0,0.0,0.0,Optimal,3567.354144099998,3742376.15534414
3605,,88.63,0.0,22.944,16.772831,22.944,0.0,-22.944,0.0,0.0,0.0,0.0,0.0,0.0,Optimal,3567.354144099998,3742376.15534414
3606,,95.47,30.0,0.0,45.572831,0.0,30.0,30.0,0.0,0.0,0.0,0.0,0.0,0.0,Optimal,3567.354144099998,3742376.15534414
3607,,96.04,30.0,0.0,74.372831,0.0,30.0,30.0,0.0,0.0,0.0,0.0,0.0,0.0,Optimal,3567.354144099998,3742376.15534414
3608,,87.68,0.0,27.648,45.572831,27.648,0.0,-27.648,0.0,0.0,0.0,0.0,0.0,0.0,Optimal,3567.354144099998,3742376.15534414
3609,,82.78,30.0,0.0,74.372831,0.0,30.0,30.0,0.0,0.0,0.0,0.0,0.0,0.0,Optimal,3567.354144099998,3742376.15534414
3610,,72.3,0.0,27.648,45.572831,27.648,0.0,-27.648,0.0,0.0,0.0,0.0,0.0,0.0,Optimal,3567.354144099998,3742376.15534414
3611,,67.13,30.0,0.0,74.372831,0.0,30.0,30.0,0.0,0.0,0.0,0.0,0.0,0.0,Optimal,3567.354144099998,3742376.15534414
3612,,59.47,0.0,0.0,74.372831,0.0,0.0,0.0,0.0,0.0,0.0,0.0,0.0,0.0,Optimal,3567.354144099998,3742376.15534414
3613,,52.2,0.0,30.0,43.122831,30.0,0.0,-30.0,0.0,0.0,0.0,0.0,0.0,0.0,Optimal,3567.354144099998,3742376.15534414
3614,,52.66,0.0,30.0,11.872831,30.0,0.0,-30.0,0.0,0.0,0.0,0.0,0.0,0.0,Optimal,3567.354144099998,3742376.15534414
3615,,56.53,0.0,7.6401325,3.9143595,7.6401325,0.0,-7.6401325,0.0,0.0,0.0,0.0,0.0,0.0,Optimal,3567.354144099998,3742376.15534414
3616,,69.96,30.0,0.0,32.71436,0.0,30.0,30.0,0.0,0.0,0.0,0.0,0.0,0.0,Optimal,3567.354144099998,3742376.15534414
3617,,75.12,0.0,27.648,3.9143595,27.648,0.0,-27.648,0.0,0.0,0.0,0.0,0.0,0.0,Optimal,3567.354144099998,3742376.15534414
3618,,93.9,0.0,0.0,3.9143595,0.0,0.0,0.0,0.0,0.0,0.0,0.0,0.0,0.0,Optimal,3567.354144099998,3742376.15534414
3619,,116.45,13.394241,0.0,16.772831,0.0,13.394241,13.394241,0.0,0.0,0.0,0.0,0.0,0.0,Optimal,3567.354144099998,3742376.15534414
3620,,133.49,30.0,0.0,45.572831,0.0,30.0,30.0,0.0,0.0,0.0,0.0,0.0,0.0,Optimal,3567.354144099998,3742376.15534414
3621,,124.17,30.0,0.0,74.372831,0.0,30.0,30.0,0.0,0.0,0.0,0.0,0.0,0.0,Optimal,3567.354144099998,3742376.15534414
3622,,99.3,0.0,0.0,74.372831,0.0,0.0,0.0,0.0,0.0,0.0,0.0,0.0,0.0,Optimal,3567.354144099998,3742376.15534414
3623,,90.24,0.0,27.648,45.572831,27.648,0.0,-27.648,0.0,0.0,0.0,0.0,0.0,0.0,Optimal,3567.354144099998,3742376.15534414
3624,,92.0,30.0,0.0,74.372831,0.0,30.0,30.0,0.0,0.0,0.0,0.0,0.0,0.0,Optimal,3567.354144099998,3742376.15534414
3625,,78.77,0.0,0.0,74.372831,0.0,0.0,0.0,0.0,0.0,0.0,0.0,0.0,0.0,Optimal,3567.354144099998,3742376.15534414
3626,,66.52,0.0,7.6401325,66.41436,7.6401325,0.0,-7.6401325,0.0,0.0,0.0,0.0,0.0,0.0,Optimal,3567.354144099998,3742376.15534414
3627,,61.7,0.0,30.0,35.16436,30.0,0.0,-30.0,0.0,0.0,0.0,0.0,0.0,0.0,Optimal,3567.354144099998,3742376.15534414
3628,,62.01,0.0,30.0,3.9143595,30.0,0.0,-30.0,0.0,0.0,0.0,0.0,0.0,0.0,Optimal,3567.354144099998,3742376.15534414
3629,,75.19,0.0,0.0,3.9143595,0.0,0.0,0.0,0.0,0.0,0.0,0.0,0.0,0.0,Optimal,3567.354144099998,3742376.15534414
3630,,88.96,13.394241,0.0,16.772831,0.0,13.394241,13.394241,0.0,0.0,0.0,0.0,0.0,0.0,Optimal,3567.354144099998,3742376.15534414
3631,,91.51,30.0,0.0,45.572831,0.0,30.0,30.0,0.0,0.0,0.0,0.0,0.0,0.0,Optimal,3567.354144099998,3742376.15534414
3632,,90.65,30.0,0.0,74.372831,0.0,30.0,30.0,0.0,0.0,0.0,0.0,0.0,0.0,Optimal,3567.354144099998,3742376.15534414
3633,,85.0,0.0,0.0,74.372831,0.0,0.0,0.0,0.0,0.0,0.0,0.0,0.0,0.0,Optimal,3567.354144099998,3742376.15534414
3634,,77.2,0.0,0.0,74.372831,0.0,0.0,0.0,0.0,0.0,0.0,0.0,0.0,0.0,Optimal,3567.354144099998,3742376.15534414
3635,,71.13,0.0,0.0,74.372831,0.0,0.0,0.0,0.0,0.0,0.0,0.0,0.0,0.0,Optimal,3567.354144099998,3742376.15534414
3636,,62.66,0.0,0.0,74.372831,0.0,0.0,0.0,0.0,0.0,0.0,0.0,0.0,0.0,Optimal,3567.354144099998,3742376.15534414
3637,,56.69,0.0,0.0,74.372831,0.0,0.0,0.0,0.0,0.0,0.0,0.0,0.0,0.0,Optimal,3567.354144099998,3742376.15534414
3638,,50.08,0.0,7.6401325,66.41436,7.6401325,0.0,-7.6401325,0.0,0.0,0.0,0.0,0.0,0.0,Optimal,3567.354144099998,3742376.15534414
3639,,41.84,0.0,30.0,35.16436,30.0,0.0,-30.0,0.0,0.0,0.0,0.0,0.0,0.0,Optimal,3567.354144099998,3742376.15534414
3640,,41.48,0.0,30.0,3.9143595,30.0,0.0,-30.0,0.0,0.0,0.0,0.0,0.0,0.0,Optimal,3567.354144099998,3742376.15534414
3641,,65.1,0.0,0.0,3.9143595,0.0,0.0,0.0,0.0,0.0,0.0,0.0,0.0,0.0,Optimal,3567.354144099998,3742376.15534414
3642,,78.0,13.394241,0.0,16.772831,0.0,13.394241,13.394241,0.0,0.0,0.0,0.0,0.0,0.0,Optimal,3567.354144099998,3742376.15534414
3643,,90.84,30.0,0.0,45.572831,0.0,30.0,30.0,0.0,0.0,0.0,0.0,0.0,0.0,Optimal,3567.354144099998,3742376.15534414
3644,,93.03,30.0,0.0,74.372831,0.0,30.0,30.0,0.0,0.0,0.0,0.0,0.0,0.0,Optimal,3567.354144099998,3742376.15534414
3645,,83.14,0.0,27.648,45.572831,27.648,0.0,-27.648,0.0,0.0,0.0,0.0,0.0,0.0,Optimal,3567.354144099998,3742376.15534414
3646,,82.42,30.0,0.0,74.372831,0.0,30.0,30.0,0.0,0.0,0.0,0.0,0.0,0.0,Optimal,3567.354144099998,3742376.15534414
3647,,71.02,0.0,25.296,48.022831,25.296,0.0,-25.296,0.0,0.0,0.0,0.0,0.0,0.0,Optimal,3567.354144099998,3742376.15534414
3648,,67.86,0.0,30.0,16.772831,30.0,0.0,-30.0,0.0,0.0,0.0,0.0,0.0,0.0,Optimal,3567.354144099998,3742376.15534414
3649,,67.77,30.0,0.0,45.572831,0.0,30.0,30.0,0.0,0.0,0.0,0.0,0.0,0.0,Optimal,3567.354144099998,3742376.15534414
3650,,70.3,30.0,0.0,74.372831,0.0,30.0,30.0,0.0,0.0,0.0,0.0,0.0,0.0,Optimal,3567.354144099998,3742376.15534414
3651,,57.93,0.0,30.0,43.122831,30.0,0.0,-30.0,0.0,0.0,0.0,0.0,0.0,0.0,Optimal,3567.354144099998,3742376.15534414
3652,,63.27,0.0,25.296,16.772831,25.296,0.0,-25.296,0.0,0.0,0.0,0.0,0.0,0.0,Optimal,3567.354144099998,3742376.15534414
3653,,65.62,30.0,0.0,45.572831,0.0,30.0,30.0,0.0,0.0,0.0,0.0,0.0,0.0,Optimal,3567.354144099998,3742376.15534414
3654,,65.9,30.0,0.0,74.372831,0.0,30.0,30.0,0.0,0.0,0.0,0.0,0.0,0.0,Optimal,3567.354144099998,3742376.15534414
3655,,61.64,0.0,27.648,45.572831,27.648,0.0,-27.648,0.0,0.0,0.0,0.0,0.0,0.0,Optimal,3567.354144099998,3742376.15534414
3656,,60.0,30.0,0.0,74.372831,0.0,30.0,30.0,0.0,0.0,0.0,0.0,0.0,0.0,Optimal,3567.354144099998,3742376.15534414
3657,,50.85,0.0,0.0,74.372831,0.0,0.0,0.0,0.0,0.0,0.0,0.0,0.0,0.0,Optimal,3567.354144099998,3742376.15534414
3658,,37.97,0.0,0.0,74.372831,0.0,0.0,0.0,0.0,0.0,0.0,0.0,0.0,0.0,Optimal,3567.354144099998,3742376.15534414
3659,,33.74,0.0,0.0,74.372831,0.0,0.0,0.0,0.0,0.0,0.0,0.0,0.0,0.0,Optimal,3567.354144099998,3742376.15534414
3660,,17.1,0.0,0.0,74.372831,0.0,0.0,0.0,0.0,0.0,0.0,0.0,0.0,0.0,Optimal,3567.354144099998,3742376.15534414
3661,,5.96,0.0,7.6401325,66.41436,7.6401325,0.0,-7.6401325,0.0,0.0,0.0,0.0,0.0,0.0,Optimal,3567.354144099998,3742376.15534414
3662,,-0.01,0.0,30.0,35.16436,30.0,0.0,-30.0,0.0,0.0,0.0,0.0,0.0,0.0,Optimal,3567.354144099998,3742376.15534414
3663,,0.0,0.0,30.0,3.9143595,30.0,0.0,-30.0,0.0,0.0,0.0,0.0,0.0,0.0,Optimal,3567.354144099998,3742376.15534414
3664,,10.32,0.0,0.0,3.9143595,0.0,0.0,0.0,0.0,0.0,0.0,0.0,0.0,0.0,Optimal,3567.354144099998,3742376.15534414
3665,,41.89,0.0,0.0,3.9143595,0.0,0.0,0.0,0.0,0.0,0.0,0.0,0.0,0.0,Optimal,3567.354144099998,3742376.15534414
3666,,54.0,0.0,0.0,3.9143595,0.0,0.0,0.0,0.0,0.0,0.0,0.0,0.0,0.0,Optimal,3567.354144099998,3742376.15534414
3667,,64.78,30.0,0.0,32.71436,0.0,30.0,30.0,0.0,0.0,0.0,0.0,0.0,0.0,Optimal,3567.354144099998,3742376.15534414
3668,,66.69,30.0,0.0,61.51436,0.0,30.0,30.0,0.0,0.0,0.0,0.0,0.0,0.0,Optimal,3567.354144099998,3742376.15534414
3669,,63.26,0.0,15.303867,45.572831,15.303867,0.0,-15.303867,0.0,0.0,0.0,0.0,0.0,0.0,Optimal,3567.354144099998,3742376.15534414
3670,,65.31,30.0,0.0,74.372831,0.0,30.0,30.0,0.0,0.0,0.0,0.0,0.0,0.0,Optimal,3567.354144099998,3742376.15534414
3671,,55.62,0.0,0.0,74.372831,0.0,0.0,0.0,0.0,0.0,0.0,0.0,0.0,0.0,Optimal,3567.354144099998,3742376.15534414
3672,,30.62,0.0,0.0,74.372831,0.0,0.0,0.0,0.0,0.0,0.0,0.0,0.0,0.0,Optimal,3567.354144099998,3742376.15534414
3673,,23.92,0.0,0.0,74.372831,0.0,0.0,0.0,0.0,0.0,0.0,0.0,0.0,0.0,Optimal,3567.354144099998,3742376.15534414
3674,,12.03,0.0,0.0,74.372831,0.0,0.0,0.0,0.0,0.0,0.0,0.0,0.0,0.0,Optimal,3567.354144099998,3742376.15534414
3675,,5.0,0.0,30.0,43.122831,30.0,0.0,-30.0,0.0,0.0,0.0,0.0,0.0,0.0,Optimal,3567.354144099998,3742376.15534414
3676,,8.92,30.0,0.0,71.922831,0.0,30.0,30.0,0.0,0.0,0.0,0.0,0.0,0.0,Optimal,3567.354144099998,3742376.15534414
3677,,5.17,0.0,25.296,45.572831,25.296,0.0,-25.296,0.0,0.0,0.0,0.0,0.0,0.0,Optimal,3567.354144099998,3742376.15534414
3678,,4.91,30.0,0.0,74.372831,0.0,30.0,30.0,0.0,0.0,0.0,0.0,0.0,0.0,Optimal,3567.354144099998,3742376.15534414
3679,,4.11,0.0,0.0,74.372831,0.0,0.0,0.0,0.0,0.0,0.0,0.0,0.0,0.0,Optimal,3567.354144099998,3742376.15534414
3680,,0.97,0.0,0.0,74.372831,0.0,0.0,0.0,0.0,0.0,0.0,0.0,0.0,0.0,Optimal,3567.354144099998,3742376.15534414
3681,,-0.04,0.0,0.0,74.372831,0.0,0.0,0.0,0.0,0.0,0.0,0.0,0.0,0.0,Optimal,3567.354144099998,3742376.15534414
3682,,-10.03,0.0,0.0,74.372831,0.0,0.0,0.0,0.0,0.0,0.0,0.0,0.0,0.0,Optimal,3567.354144099998,3742376.15534414
3683,,-20.0,0.0,0.0,74.372831,0.0,0.0,0.0,0.0,0.0,0.0,0.0,0.0,0.0,Optimal,3567.354144099998,3742376.15534414
3684,,-30.0,0.0,0.0,74.372831,0.0,0.0,0.0,0.0,0.0,0.0,0.0,0.0,0.0,Optimal,3567.354144099998,3742376.15534414
3685,,-60.0,0.0,7.6401325,66.41436,7.6401325,0.0,-7.6401325,0.0,0.0,0.0,0.0,0.0,0.0,Optimal,3567.354144099998,3742376.15534414
3686,,-75.0,0.0,30.0,35.16436,30.0,0.0,-30.0,0.0,0.0,0.0,0.0,0.0,0.0,Optimal,3567.354144099998,3742376.15534414
3687,,-81.0,0.0,30.0,3.9143595,30.0,0.0,-30.0,0.0,0.0,0.0,0.0,0.0,0.0,Optimal,3567.354144099998,3742376.15534414
3688,,-35.7,0.0,0.0,3.9143595,0.0,0.0,0.0,0.0,0.0,0.0,0.0,0.0,0.0,Optimal,3567.354144099998,3742376.15534414
3689,,-1.27,0.0,0.0,3.9143595,0.0,0.0,0.0,0.0,0.0,0.0,0.0,0.0,0.0,Optimal,3567.354144099998,3742376.15534414
3690,,10.0,0.0,0.0,3.9143595,0.0,0.0,0.0,0.0,0.0,0.0,0.0,0.0,0.0,Optimal,3567.354144099998,3742376.15534414
3691,,54.76,0.0,0.0,3.9143595,0.0,0.0,0.0,0.0,0.0,0.0,0.0,0.0,0.0,Optimal,3567.354144099998,3742376.15534414
3692,,73.97,0.0,0.0,3.9143595,0.0,0.0,0.0,0.0,0.0,0.0,0.0,0.0,0.0,Optimal,3567.354144099998,3742376.15534414
3693,,96.0,30.0,0.0,32.71436,0.0,30.0,30.0,0.0,0.0,0.0,0.0,0.0,0.0,Optimal,3567.354144099998,3742376.15534414
3694,,93.6,30.0,0.0,61.51436,0.0,30.0,30.0,0.0,0.0,0.0,0.0,0.0,0.0,Optimal,3567.354144099998,3742376.15534414
3695,,85.16,0.0,15.303867,45.572831,15.303867,0.0,-15.303867,0.0,0.0,0.0,0.0,0.0,0.0,Optimal,3567.354144099998,3742376.15534414
3696,,95.2,30.0,0.0,74.372831,0.0,30.0,30.0,0.0,0.0,0.0,0.0,0.0,0.0,Optimal,3567.354144099998,3742376.15534414
3697,,82.55,0.0,27.648,45.572831,27.648,0.0,-27.648,0.0,0.0,0.0,0.0,0.0,0.0,Optimal,3567.354144099998,3742376.15534414
3698,,89.91,30.0,0.0,74.372831,0.0,30.0,30.0,0.0,0.0,0.0,0.0,0.0,0.0,Optimal,3567.354144099998,3742376.15534414
3699,,75.48,0.0,30.0,43.122831,30.0,0.0,-30.0,0.0,0.0,0.0,0.0,0.0,0.0,Optimal,3567.354144099998,3742376.15534414
3700,,71.02,0.0,30.0,11.872831,30.0,0.0,-30.0,0.0,0.0,0.0,0.0,0.0,0.0,Optimal,3567.354144099998,3742376.15534414
3701,,81.7,0.0,7.6401325,3.9143595,7.6401325,0.0,-7.6401325,0.0,0.0,0.0,0.0,0.0,0.0,Optimal,3567.354144099998,3742376.15534414
3702,,114.14,13.394241,0.0,16.772831,0.0,13.394241,13.394241,0.0,0.0,0.0,0.0,0.0,0.0,Optimal,3567.354144099998,3742376.15534414
3703,,160.18,30.0,0.0,45.572831,0.0,30.0,30.0,0.0,0.0,0.0,0.0,0.0,0.0,Optimal,3567.354144099998,3742376.15534414
3704,,142.73,30.0,0.0,74.372831,0.0,30.0,30.0,0.0,0.0,0.0,0.0,0.0,0.0,Optimal,3567.354144099998,3742376.15534414
3705,,110.33,0.0,0.0,74.372831,0.0,0.0,0.0,0.0,0.0,0.0,0.0,0.0,0.0,Optimal,3567.354144099998,3742376.15534414
3706,,85.49,0.0,27.648,45.572831,27.648,0.0,-27.648,0.0,0.0,0.0,0.0,0.0,0.0,Optimal,3567.354144099998,3742376.15534414
3707,,78.8,30.0,0.0,74.372831,0.0,30.0,30.0,0.0,0.0,0.0,0.0,0.0,0.0,Optimal,3567.354144099998,3742376.15534414
3708,,68.27,0.0,0.0,74.372831,0.0,0.0,0.0,0.0,0.0,0.0,0.0,0.0,0.0,Optimal,3567.354144099998,3742376.15534414
3709,,61.7,0.0,7.6401325,66.41436,7.6401325,0.0,-7.6401325,0.0,0.0,0.0,0.0,0.0,0.0,Optimal,3567.354144099998,3742376.15534414
3710,,55.2,0.0,30.0,35.16436,30.0,0.0,-30.0,0.0,0.0,0.0,0.0,0.0,0.0,Optimal,3567.354144099998,3742376.15534414
3711,,58.48,0.0,30.0,3.9143595,30.0,0.0,-30.0,0.0,0.0,0.0,0.0,0.0,0.0,Optimal,3567.354144099998,3742376.15534414
3712,,63.72,0.0,0.0,3.9143595,0.0,0.0,0.0,0.0,0.0,0.0,0.0,0.0,0.0,Optimal,3567.354144099998,3742376.15534414
3713,,89.0,0.0,0.0,3.9143595,0.0,0.0,0.0,0.0,0.0,0.0,0.0,0.0,0.0,Optimal,3567.354144099998,3742376.15534414
3714,,111.38,0.0,0.0,3.9143595,0.0,0.0,0.0,0.0,0.0,0.0,0.0,0.0,0.0,Optimal,3567.354144099998,3742376.15534414
3715,,156.92,13.394241,0.0,16.772831,0.0,13.394241,13.394241,0.0,0.0,0.0,0.0,0.0,0.0,Optimal,3567.354144099998,3742376.15534414
3716,,187.7,30.0,0.0,45.572831,0.0,30.0,30.0,0.0,0.0,0.0,0.0,0.0,0.0,Optimal,3567.354144099998,3742376.15534414
3717,,173.67,30.0,0.0,74.372831,0.0,30.0,30.0,0.0,0.0,0.0,0.0,0.0,0.0,Optimal,3567.354144099998,3742376.15534414
3718,,135.51,0.0,0.0,74.372831,0.0,0.0,0.0,0.0,0.0,0.0,0.0,0.0,0.0,Optimal,3567.354144099998,3742376.15534414
3719,,105.91,0.0,27.648,45.572831,27.648,0.0,-27.648,0.0,0.0,0.0,0.0,0.0,0.0,Optimal,3567.354144099998,3742376.15534414
3720,,105.51,30.0,0.0,74.372831,0.0,30.0,30.0,0.0,0.0,0.0,0.0,0.0,0.0,Optimal,3567.354144099998,3742376.15534414
3721,,97.78,0.0,27.648,45.572831,27.648,0.0,-27.648,0.0,0.0,0.0,0.0,0.0,0.0,Optimal,3567.354144099998,3742376.15534414
3722,,91.89,30.0,0.0,74.372831,0.0,30.0,30.0,0.0,0.0,0.0,0.0,0.0,0.0,Optimal,3567.354144099998,3742376.15534414
3723,,83.88,0.0,30.0,43.122831,30.0,0.0,-30.0,0.0,0.0,0.0,0.0,0.0,0.0,Optimal,3567.354144099998,3742376.15534414
3724,,80.78,0.0,30.0,11.872831,30.0,0.0,-30.0,0.0,0.0,0.0,0.0,0.0,0.0,Optimal,3567.354144099998,3742376.15534414
3725,,94.28,0.0,7.6401325,3.9143595,7.6401325,0.0,-7.6401325,0.0,0.0,0.0,0.0,0.0,0.0,Optimal,3567.354144099998,3742376.15534414
3726,,145.22,30.0,0.0,32.71436,0.0,30.0,30.0,0.0,0.0,0.0,0.0,0.0,0.0,Optimal,3567.354144099998,3742376.15534414
3727,,163.88,30.0,0.0,61.51436,0.0,30.0,30.0,0.0,0.0,0.0,0.0,0.0,0.0,Optimal,3567.354144099998,3742376.15534414
3728,,136.66,13.394241,0.0,74.372831,0.0,13.394241,13.394241,0.0,0.0,0.0,0.0,0.0,0.0,Optimal,3567.354144099998,3742376.15534414
3729,,108.52,0.0,0.0,74.372831,0.0,0.0,0.0,0.0,0.0,0.0,0.0,0.0,0.0,Optimal,3567.354144099998,3742376.15534414
3730,,89.79,0.0,0.0,74.372831,0.0,0.0,0.0,0.0,0.0,0.0,0.0,0.0,0.0,Optimal,3567.354144099998,3742376.15534414
3731,,72.39,0.0,0.0,74.372831,0.0,0.0,0.0,0.0,0.0,0.0,0.0,0.0,0.0,Optimal,3567.354144099998,3742376.15534414
3732,,61.17,0.0,0.0,74.372831,0.0,0.0,0.0,0.0,0.0,0.0,0.0,0.0,0.0,Optimal,3567.354144099998,3742376.15534414
3733,,47.53,0.0,0.0,74.372831,0.0,0.0,0.0,0.0,0.0,0.0,0.0,0.0,0.0,Optimal,3567.354144099998,3742376.15534414
3734,,35.7,0.0,30.0,43.122831,30.0,0.0,-30.0,0.0,0.0,0.0,0.0,0.0,0.0,Optimal,3567.354144099998,3742376.15534414
3735,,38.3,0.0,30.0,11.872831,30.0,0.0,-30.0,0.0,0.0,0.0,0.0,0.0,0.0,Optimal,3567.354144099998,3742376.15534414
3736,,43.4,0.0,7.6401325,3.9143595,7.6401325,0.0,-7.6401325,0.0,0.0,0.0,0.0,0.0,0.0,Optimal,3567.354144099998,3742376.15534414
3737,,57.09,0.0,0.0,3.9143595,0.0,0.0,0.0,0.0,0.0,0.0,0.0,0.0,0.0,Optimal,3567.354144099998,3742376.15534414
3738,,86.2,0.0,0.0,3.9143595,0.0,0.0,0.0,0.0,0.0,0.0,0.0,0.0,0.0,Optimal,3567.354144099998,3742376.15534414
3739,,94.0,0.0,0.0,3.9143595,0.0,0.0,0.0,0.0,0.0,0.0,0.0,0.0,0.0,Optimal,3567.354144099998,3742376.15534414
3740,,105.0,30.0,0.0,32.71436,0.0,30.0,30.0,0.0,0.0,0.0,0.0,0.0,0.0,Optimal,3567.354144099998,3742376.15534414
3741,,112.77,30.0,0.0,61.51436,0.0,30.0,30.0,0.0,0.0,0.0,0.0,0.0,0.0,Optimal,3567.354144099998,3742376.15534414
3742,,96.62,13.394241,0.0,74.372831,0.0,13.394241,13.394241,0.0,0.0,0.0,0.0,0.0,0.0,Optimal,3567.354144099998,3742376.15534414
3743,,70.01,0.0,0.0,74.372831,0.0,0.0,0.0,0.0,0.0,0.0,0.0,0.0,0.0,Optimal,3567.354144099998,3742376.15534414
3744,,57.48,0.0,0.0,74.372831,0.0,0.0,0.0,0.0,0.0,0.0,0.0,0.0,0.0,Optimal,3567.354144099998,3742376.15534414
3745,,45.01,0.0,30.0,43.122831,30.0,0.0,-30.0,0.0,0.0,0.0,0.0,0.0,0.0,Optimal,3567.354144099998,3742376.15534414
3746,,45.67,0.0,30.0,11.872831,30.0,0.0,-30.0,0.0,0.0,0.0,0.0,0.0,0.0,Optimal,3567.354144099998,3742376.15534414
3747,,48.36,24.262009,0.0,35.16436,0.0,24.262009,24.262009,0.0,0.0,0.0,0.0,0.0,0.0,Optimal,3567.354144099998,3742376.15534414
3748,,48.66,0.0,30.0,3.9143595,30.0,0.0,-30.0,0.0,0.0,0.0,0.0,0.0,0.0,Optimal,3567.354144099998,3742376.15534414
3749,,67.26,0.0,0.0,3.9143595,0.0,0.0,0.0,0.0,0.0,0.0,0.0,0.0,0.0,Optimal,3567.354144099998,3742376.15534414
3750,,92.44,13.394241,0.0,16.772831,0.0,13.394241,13.394241,0.0,0.0,0.0,0.0,0.0,0.0,Optimal,3567.354144099998,3742376.15534414
3751,,121.22,30.0,0.0,45.572831,0.0,30.0,30.0,0.0,0.0,0.0,0.0,0.0,0.0,Optimal,3567.354144099998,3742376.15534414
3752,,99.22,30.0,0.0,74.372831,0.0,30.0,30.0,0.0,0.0,0.0,0.0,0.0,0.0,Optimal,3567.354144099998,3742376.15534414
3753,,73.44,0.0,0.0,74.372831,0.0,0.0,0.0,0.0,0.0,0.0,0.0,0.0,0.0,Optimal,3567.354144099998,3742376.15534414
3754,,56.64,0.0,0.0,74.372831,0.0,0.0,0.0,0.0,0.0,0.0,0.0,0.0,0.0,Optimal,3567.354144099998,3742376.15534414
3755,,45.83,0.0,0.0,74.372831,0.0,0.0,0.0,0.0,0.0,0.0,0.0,0.0,0.0,Optimal,3567.354144099998,3742376.15534414
3756,,37.54,0.0,0.0,74.372831,0.0,0.0,0.0,0.0,0.0,0.0,0.0,0.0,0.0,Optimal,3567.354144099998,3742376.15534414
3757,,24.26,0.0,30.0,43.122831,30.0,0.0,-30.0,0.0,0.0,0.0,0.0,0.0,0.0,Optimal,3567.354144099998,3742376.15534414
3758,,20.93,0.0,30.0,11.872831,30.0,0.0,-30.0,0.0,0.0,0.0,0.0,0.0,0.0,Optimal,3567.354144099998,3742376.15534414
3759,,25.0,0.0,7.6401325,3.9143595,7.6401325,0.0,-7.6401325,0.0,0.0,0.0,0.0,0.0,0.0,Optimal,3567.354144099998,3742376.15534414
3760,,49.56,0.0,0.0,3.9143595,0.0,0.0,0.0,0.0,0.0,0.0,0.0,0.0,0.0,Optimal,3567.354144099998,3742376.15534414
3761,,67.36,0.0,0.0,3.9143595,0.0,0.0,0.0,0.0,0.0,0.0,0.0,0.0,0.0,Optimal,3567.354144099998,3742376.15534414
3762,,93.76,0.0,0.0,3.9143595,0.0,0.0,0.0,0.0,0.0,0.0,0.0,0.0,0.0,Optimal,3567.354144099998,3742376.15534414
3763,,118.48,0.0,0.0,3.9143595,0.0,0.0,0.0,0.0,0.0,0.0,0.0,0.0,0.0,Optimal,3567.354144099998,3742376.15534414
3764,,140.28,30.0,0.0,32.71436,0.0,30.0,30.0,0.0,0.0,0.0,0.0,0.0,0.0,Optimal,3567.354144099998,3742376.15534414
3765,,144.45,30.0,0.0,61.51436,0.0,30.0,30.0,0.0,0.0,0.0,0.0,0.0,0.0,Optimal,3567.354144099998,3742376.15534414
3766,,131.54,13.394241,0.0,74.372831,0.0,13.394241,13.394241,0.0,0.0,0.0,0.0,0.0,0.0,Optimal,3567.354144099998,3742376.15534414
3767,,103.65,0.0,0.0,74.372831,0.0,0.0,0.0,0.0,0.0,0.0,0.0,0.0,0.0,Optimal,3567.354144099998,3742376.15534414
3768,,87.18,0.0,27.648,45.572831,27.648,0.0,-27.648,0.0,0.0,0.0,0.0,0.0,0.0,Optimal,3567.354144099998,3742376.15534414
3769,,80.6,30.0,0.0,74.372831,0.0,30.0,30.0,0.0,0.0,0.0,0.0,0.0,0.0,Optimal,3567.354144099998,3742376.15534414
3770,,76.92,0.0,30.0,43.122831,30.0,0.0,-30.0,0.0,0.0,0.0,0.0,0.0,0.0,Optimal,3567.354144099998,3742376.15534414
3771,,74.65,0.0,30.0,11.872831,30.0,0.0,-30.0,0.0,0.0,0.0,0.0,0.0,0.0,Optimal,3567.354144099998,3742376.15534414
3772,,79.83,0.0,7.6401325,3.9143595,7.6401325,0.0,-7.6401325,0.0,0.0,0.0,0.0,0.0,0.0,Optimal,3567.354144099998,3742376.15534414
3773,,89.31,0.0,0.0,3.9143595,0.0,0.0,0.0,0.0,0.0,0.0,0.0,0.0,0.0,Optimal,3567.354144099998,3742376.15534414
3774,,112.0,30.0,0.0,32.71436,0.0,30.0,30.0,0.0,0.0,0.0,0.0,0.0,0.0,Optimal,3567.354144099998,3742376.15534414
3775,,117.3,30.0,0.0,61.51436,0.0,30.0,30.0,0.0,0.0,0.0,0.0,0.0,0.0,Optimal,3567.354144099998,3742376.15534414
3776,,96.83,13.394241,0.0,74.372831,0.0,13.394241,13.394241,0.0,0.0,0.0,0.0,0.0,0.0,Optimal,3567.354144099998,3742376.15534414
3777,,71.24,0.0,0.0,74.372831,0.0,0.0,0.0,0.0,0.0,0.0,0.0,0.0,0.0,Optimal,3567.354144099998,3742376.15534414
3778,,57.8,0.0,0.0,74.372831,0.0,0.0,0.0,0.0,0.0,0.0,0.0,0.0,0.0,Optimal,3567.354144099998,3742376.15534414
3779,,30.3,0.0,0.0,74.372831,0.0,0.0,0.0,0.0,0.0,0.0,0.0,0.0,0.0,Optimal,3567.354144099998,3742376.15534414
3780,,25.2,0.0,7.6401325,66.41436,7.6401325,0.0,-7.6401325,0.0,0.0,0.0,0.0,0.0,0.0,Optimal,3567.354144099998,3742376.15534414
3781,,19.67,0.0,30.0,35.16436,30.0,0.0,-30.0,0.0,0.0,0.0,0.0,0.0,0.0,Optimal,3567.354144099998,3742376.15534414
3782,,20.93,0.0,30.0,3.9143595,30.0,0.0,-30.0,0.0,0.0,0.0,0.0,0.0,0.0,Optimal,3567.354144099998,3742376.15534414
3783,,30.98,0.0,0.0,3.9143595,0.0,0.0,0.0,0.0,0.0,0.0,0.0,0.0,0.0,Optimal,3567.354144099998,3742376.15534414
3784,,53.75,0.0,0.0,3.9143595,0.0,0.0,0.0,0.0,0.0,0.0,0.0,0.0,0.0,Optimal,3567.354144099998,3742376.15534414
3785,,74.62,0.0,0.0,3.9143595,0.0,0.0,0.0,0.0,0.0,0.0,0.0,0.0,0.0,Optimal,3567.354144099998,3742376.15534414
3786,,89.92,0.0,0.0,3.9143595,0.0,0.0,0.0,0.0,0.0,0.0,0.0,0.0,0.0,Optimal,3567.354144099998,3742376.15534414
3787,,111.5,0.0,0.0,3.9143595,0.0,0.0,0.0,0.0,0.0,0.0,0.0,0.0,0.0,Optimal,3567.354144099998,3742376.15534414
3788,,148.44,30.0,0.0,32.71436,0.0,30.0,30.0,0.0,0.0,0.0,0.0,0.0,0.0,Optimal,3567.354144099998,3742376.15534414
3789,,150.02,30.0,0.0,61.51436,0.0,30.0,30.0,0.0,0.0,0.0,0.0,0.0,0.0,Optimal,3567.354144099998,3742376.15534414
3790,,123.77,13.394241,0.0,74.372831,0.0,13.394241,13.394241,0.0,0.0,0.0,0.0,0.0,0.0,Optimal,3567.354144099998,3742376.15534414
3791,,100.0,0.0,27.648,45.572831,27.648,0.0,-27.648,0.0,0.0,0.0,0.0,0.0,0.0,Optimal,3567.354144099998,3742376.15534414
3792,,97.72,30.0,0.0,74.372831,0.0,30.0,30.0,0.0,0.0,0.0,0.0,0.0,0.0,Optimal,3567.354144099998,3742376.15534414
3793,,93.11,0.0,27.648,45.572831,27.648,0.0,-27.648,0.0,0.0,0.0,0.0,0.0,0.0,Optimal,3567.354144099998,3742376.15534414
3794,,91.0,30.0,0.0,74.372831,0.0,30.0,30.0,0.0,0.0,0.0,0.0,0.0,0.0,Optimal,3567.354144099998,3742376.15534414
3795,,90.09,0.0,30.0,43.122831,30.0,0.0,-30.0,0.0,0.0,0.0,0.0,0.0,0.0,Optimal,3567.354144099998,3742376.15534414
3796,,90.11,0.0,7.6401325,35.16436,7.6401325,0.0,-7.6401325,0.0,0.0,0.0,0.0,0.0,0.0,Optimal,3567.354144099998,3742376.15534414
3797,,86.04,0.0,30.0,3.9143595,30.0,0.0,-30.0,0.0,0.0,0.0,0.0,0.0,0.0,Optimal,3567.354144099998,3742376.15534414
3798,,107.96,30.0,0.0,32.71436,0.0,30.0,30.0,0.0,0.0,0.0,0.0,0.0,0.0,Optimal,3567.354144099998,3742376.15534414
3799,,109.36,30.0,0.0,61.51436,0.0,30.0,30.0,0.0,0.0,0.0,0.0,0.0,0.0,Optimal,3567.354144099998,3742376.15534414
3800,,98.6,13.394241,0.0,74.372831,0.0,13.394241,13.394241,0.0,0.0,0.0,0.0,0.0,0.0,Optimal,3567.354144099998,3742376.15534414
3801,,77.4,0.0,0.0,74.372831,0.0,0.0,0.0,0.0,0.0,0.0,0.0,0.0,0.0,Optimal,3567.354144099998,3742376.15534414
3802,,58.56,0.0,0.0,74.372831,0.0,0.0,0.0,0.0,0.0,0.0,0.0,0.0,0.0,Optimal,3567.354144099998,3742376.15534414
3803,,41.39,0.0,0.0,74.372831,0.0,0.0,0.0,0.0,0.0,0.0,0.0,0.0,0.0,Optimal,3567.354144099998,3742376.15534414
3804,,33.91,0.0,0.0,74.372831,0.0,0.0,0.0,0.0,0.0,0.0,0.0,0.0,0.0,Optimal,3567.354144099998,3742376.15534414
3805,,25.36,0.0,7.6401325,66.41436,7.6401325,0.0,-7.6401325,0.0,0.0,0.0,0.0,0.0,0.0,Optimal,3567.354144099998,3742376.15534414
3806,,17.41,0.0,30.0,35.16436,30.0,0.0,-30.0,0.0,0.0,0.0,0.0,0.0,0.0,Optimal,3567.354144099998,3742376.15534414
3807,,14.1,0.0,30.0,3.9143595,30.0,0.0,-30.0,0.0,0.0,0.0,0.0,0.0,0.0,Optimal,3567.354144099998,3742376.15534414
3808,,26.0,0.0,0.0,3.9143595,0.0,0.0,0.0,0.0,0.0,0.0,0.0,0.0,0.0,Optimal,3567.354144099998,3742376.15534414
3809,,60.09,0.0,0.0,3.9143595,0.0,0.0,0.0,0.0,0.0,0.0,0.0,0.0,0.0,Optimal,3567.354144099998,3742376.15534414
3810,,81.13,0.0,0.0,3.9143595,0.0,0.0,0.0,0.0,0.0,0.0,0.0,0.0,0.0,Optimal,3567.354144099998,3742376.15534414
3811,,102.0,0.0,0.0,3.9143595,0.0,0.0,0.0,0.0,0.0,0.0,0.0,0.0,0.0,Optimal,3567.354144099998,3742376.15534414
3812,,119.67,30.0,0.0,32.71436,0.0,30.0,30.0,0.0,0.0,0.0,0.0,0.0,0.0,Optimal,3567.354144099998,3742376.15534414
3813,,133.87,30.0,0.0,61.51436,0.0,30.0,30.0,0.0,0.0,0.0,0.0,0.0,0.0,Optimal,3567.354144099998,3742376.15534414
3814,,112.69,13.394241,0.0,74.372831,0.0,13.394241,13.394241,0.0,0.0,0.0,0.0,0.0,0.0,Optimal,3567.354144099998,3742376.15534414
3815,,90.0,0.0,27.648,45.572831,27.648,0.0,-27.648,0.0,0.0,0.0,0.0,0.0,0.0,Optimal,3567.354144099998,3742376.15534414
3816,,94.35,30.0,0.0,74.372831,0.0,30.0,30.0,0.0,0.0,0.0,0.0,0.0,0.0,Optimal,3567.354144099998,3742376.15534414
3817,,81.15,0.0,0.0,74.372831,0.0,0.0,0.0,0.0,0.0,0.0,0.0,0.0,0.0,Optimal,3567.354144099998,3742376.15534414
3818,,74.02,0.0,30.0,43.122831,30.0,0.0,-30.0,0.0,0.0,0.0,0.0,0.0,0.0,Optimal,3567.354144099998,3742376.15534414
3819,,72.58,30.0,0.0,71.922831,0.0,30.0,30.0,0.0,0.0,0.0,0.0,0.0,0.0,Optimal,3567.354144099998,3742376.15534414
3820,,67.07,0.0,30.0,40.672831,30.0,0.0,-30.0,0.0,0.0,0.0,0.0,0.0,0.0,Optimal,3567.354144099998,3742376.15534414
3821,,69.25,30.0,0.0,69.472831,0.0,30.0,30.0,0.0,0.0,0.0,0.0,0.0,0.0,Optimal,3567.354144099998,3742376.15534414
3822,,68.75,5.1041667,0.0,74.372831,0.0,5.1041667,5.1041667,0.0,0.0,0.0,0.0,0.0,0.0,Optimal,3567.354144099998,3742376.15534414
3823,,53.53,0.0,0.0,74.372831,0.0,0.0,0.0,0.0,0.0,0.0,0.0,0.0,0.0,Optimal,3567.354144099998,3742376.15534414
3824,,38.6,0.0,0.0,74.372831,0.0,0.0,0.0,0.0,0.0,0.0,0.0,0.0,0.0,Optimal,3567.354144099998,3742376.15534414
3825,,12.46,0.0,0.0,74.372831,0.0,0.0,0.0,0.0,0.0,0.0,0.0,0.0,0.0,Optimal,3567.354144099998,3742376.15534414
3826,,0.0,0.0,0.0,74.372831,0.0,0.0,0.0,0.0,0.0,0.0,0.0,0.0,0.0,Optimal,3567.354144099998,3742376.15534414
3827,,-2.25,0.0,0.0,74.372831,0.0,0.0,0.0,0.0,0.0,0.0,0.0,0.0,0.0,Optimal,3567.354144099998,3742376.15534414
3828,,-9.9,0.0,0.0,74.372831,0.0,0.0,0.0,0.0,0.0,0.0,0.0,0.0,0.0,Optimal,3567.354144099998,3742376.15534414
3829,,-23.0,0.0,30.0,43.122831,30.0,0.0,-30.0,0.0,0.0,0.0,0.0,0.0,0.0,Optimal,3567.354144099998,3742376.15534414
3830,,-29.31,0.0,30.0,11.872831,30.0,0.0,-30.0,0.0,0.0,0.0,0.0,0.0,0.0,Optimal,3567.354144099998,3742376.15534414
3831,,-20.0,0.0,7.6401325,3.9143595,7.6401325,0.0,-7.6401325,0.0,0.0,0.0,0.0,0.0,0.0,Optimal,3567.354144099998,3742376.15534414
3832,,-7.46,0.0,0.0,3.9143595,0.0,0.0,0.0,0.0,0.0,0.0,0.0,0.0,0.0,Optimal,3567.354144099998,3742376.15534414
3833,,2.0,0.0,0.0,3.9143595,0.0,0.0,0.0,0.0,0.0,0.0,0.0,0.0,0.0,Optimal,3567.354144099998,3742376.15534414
3834,,44.38,0.0,0.0,3.9143595,0.0,0.0,0.0,0.0,0.0,0.0,0.0,0.0,0.0,Optimal,3567.354144099998,3742376.15534414
3835,,66.37,0.0,0.0,3.9143595,0.0,0.0,0.0,0.0,0.0,0.0,0.0,0.0,0.0,Optimal,3567.354144099998,3742376.15534414
3836,,93.11,13.394241,0.0,16.772831,0.0,13.394241,13.394241,0.0,0.0,0.0,0.0,0.0,0.0,Optimal,3567.354144099998,3742376.15534414
3837,,99.9,30.0,0.0,45.572831,0.0,30.0,30.0,0.0,0.0,0.0,0.0,0.0,0.0,Optimal,3567.354144099998,3742376.15534414
3838,,108.24,30.0,0.0,74.372831,0.0,30.0,30.0,0.0,0.0,0.0,0.0,0.0,0.0,Optimal,3567.354144099998,3742376.15534414
3839,,83.6,0.0,0.0,74.372831,0.0,0.0,0.0,0.0,0.0,0.0,0.0,0.0,0.0,Optimal,3567.354144099998,3742376.15534414
3840,,69.02,0.0,0.0,74.372831,0.0,0.0,0.0,0.0,0.0,0.0,0.0,0.0,0.0,Optimal,3567.354144099998,3742376.15534414
3841,,55.96,0.0,0.0,74.372831,0.0,0.0,0.0,0.0,0.0,0.0,0.0,0.0,0.0,Optimal,3567.354144099998,3742376.15534414
3842,,37.58,0.0,0.0,74.372831,0.0,0.0,0.0,0.0,0.0,0.0,0.0,0.0,0.0,Optimal,3567.354144099998,3742376.15534414
3843,,15.48,0.0,27.648,45.572831,27.648,0.0,-27.648,0.0,0.0,0.0,0.0,0.0,0.0,Optimal,3567.354144099998,3742376.15534414
3844,,17.63,30.0,0.0,74.372831,0.0,30.0,30.0,0.0,0.0,0.0,0.0,0.0,0.0,Optimal,3567.354144099998,3742376.15534414
3845,,12.55,0.0,0.0,74.372831,0.0,0.0,0.0,0.0,0.0,0.0,0.0,0.0,0.0,Optimal,3567.354144099998,3742376.15534414
3846,,9.32,0.0,0.0,74.372831,0.0,0.0,0.0,0.0,0.0,0.0,0.0,0.0,0.0,Optimal,3567.354144099998,3742376.15534414
3847,,3.0,0.0,0.0,74.372831,0.0,0.0,0.0,0.0,0.0,0.0,0.0,0.0,0.0,Optimal,3567.354144099998,3742376.15534414
3848,,0.02,0.0,0.0,74.372831,0.0,0.0,0.0,0.0,0.0,0.0,0.0,0.0,0.0,Optimal,3567.354144099998,3742376.15534414
3849,,-1.97,0.0,0.0,74.372831,0.0,0.0,0.0,0.0,0.0,0.0,0.0,0.0,0.0,Optimal,3567.354144099998,3742376.15534414
3850,,-7.48,0.0,0.0,74.372831,0.0,0.0,0.0,0.0,0.0,0.0,0.0,0.0,0.0,Optimal,3567.354144099998,3742376.15534414
3851,,-15.42,0.0,0.0,74.372831,0.0,0.0,0.0,0.0,0.0,0.0,0.0,0.0,0.0,Optimal,3567.354144099998,3742376.15534414
3852,,-36.21,0.0,7.6401325,66.41436,7.6401325,0.0,-7.6401325,0.0,0.0,0.0,0.0,0.0,0.0,Optimal,3567.354144099998,3742376.15534414
3853,,-46.16,0.0,30.0,35.16436,30.0,0.0,-30.0,0.0,0.0,0.0,0.0,0.0,0.0,Optimal,3567.354144099998,3742376.15534414
3854,,-45.78,0.0,30.0,3.9143595,30.0,0.0,-30.0,0.0,0.0,0.0,0.0,0.0,0.0,Optimal,3567.354144099998,3742376.15534414
3855,,-28.68,0.0,0.0,3.9143595,0.0,0.0,0.0,0.0,0.0,0.0,0.0,0.0,0.0,Optimal,3567.354144099998,3742376.15534414
3856,,-5.38,0.0,0.0,3.9143595,0.0,0.0,0.0,0.0,0.0,0.0,0.0,0.0,0.0,Optimal,3567.354144099998,3742376.15534414
3857,,0.52,0.0,0.0,3.9143595,0.0,0.0,0.0,0.0,0.0,0.0,0.0,0.0,0.0,Optimal,3567.354144099998,3742376.15534414
3858,,40.0,0.0,0.0,3.9143595,0.0,0.0,0.0,0.0,0.0,0.0,0.0,0.0,0.0,Optimal,3567.354144099998,3742376.15534414
3859,,87.29,0.0,0.0,3.9143595,0.0,0.0,0.0,0.0,0.0,0.0,0.0,0.0,0.0,Optimal,3567.354144099998,3742376.15534414
3860,,102.43,13.394241,0.0,16.772831,0.0,13.394241,13.394241,0.0,0.0,0.0,0.0,0.0,0.0,Optimal,3567.354144099998,3742376.15534414
3861,,121.48,30.0,0.0,45.572831,0.0,30.0,30.0,0.0,0.0,0.0,0.0,0.0,0.0,Optimal,3567.354144099998,3742376.15534414
3862,,117.03,30.0,0.0,74.372831,0.0,30.0,30.0,0.0,0.0,0.0,0.0,0.0,0.0,Optimal,3567.354144099998,3742376.15534414
3863,,96.18,0.0,0.0,74.372831,0.0,0.0,0.0,0.0,0.0,0.0,0.0,0.0,0.0,Optimal,3567.354144099998,3742376.15534414
3864,,75.92,0.0,0.0,74.372831,0.0,0.0,0.0,0.0,0.0,0.0,0.0,0.0,0.0,Optimal,3567.354144099998,3742376.15534414
3865,,65.11,0.0,30.0,43.122831,30.0,0.0,-30.0,0.0,0.0,0.0,0.0,0.0,0.0,Optimal,3567.354144099998,3742376.15534414
3866,,66.21,24.262009,0.0,66.41436,0.0,24.262009,24.262009,0.0,0.0,0.0,0.0,0.0,0.0,Optimal,3567.354144099998,3742376.15534414
3867,,61.52,0.0,30.0,35.16436,30.0,0.0,-30.0,0.0,0.0,0.0,0.0,0.0,0.0,Optimal,3567.354144099998,3742376.15534414
3868,,59.57,0.0,30.0,3.9143595,30.0,0.0,-30.0,0.0,0.0,0.0,0.0,0.0,0.0,Optimal,3567.354144099998,3742376.15534414
3869,,74.75,0.0,0.0,3.9143595,0.0,0.0,0.0,0.0,0.0,0.0,0.0,0.0,0.0,Optimal,3567.354144099998,3742376.15534414
3870,,105.27,0.0,0.0,3.9143595,0.0,0.0,0.0,0.0,0.0,0.0,0.0,0.0,0.0,Optimal,3567.354144099998,3742376.15534414
3871,,177.36,30.0,0.0,32.71436,0.0,30.0,30.0,0.0,0.0,0.0,0.0,0.0,0.0,Optimal,3567.354144099998,3742376.15534414
3872,,158.81,30.0,0.0,61.51436,0.0,30.0,30.0,0.0,0.0,0.0,0.0,0.0,0.0,Optimal,3567.354144099998,3742376.15534414
3873,,126.03,13.394241,0.0,74.372831,0.0,13.394241,13.394241,0.0,0.0,0.0,0.0,0.0,0.0,Optimal,3567.354144099998,3742376.15534414
3874,,105.0,0.0,27.648,45.572831,27.648,0.0,-27.648,0.0,0.0,0.0,0.0,0.0,0.0,Optimal,3567.354144099998,3742376.15534414
3875,,101.3,30.0,0.0,74.372831,0.0,30.0,30.0,0.0,0.0,0.0,0.0,0.0,0.0,Optimal,3567.354144099998,3742376.15534414
3876,,88.1,0.0,0.0,74.372831,0.0,0.0,0.0,0.0,0.0,0.0,0.0,0.0,0.0,Optimal,3567.354144099998,3742376.15534414
3877,,70.0,0.0,0.0,74.372831,0.0,0.0,0.0,0.0,0.0,0.0,0.0,0.0,0.0,Optimal,3567.354144099998,3742376.15534414
3878,,59.9,0.0,30.0,43.122831,30.0,0.0,-30.0,0.0,0.0,0.0,0.0,0.0,0.0,Optimal,3567.354144099998,3742376.15534414
3879,,58.11,0.0,30.0,11.872831,30.0,0.0,-30.0,0.0,0.0,0.0,0.0,0.0,0.0,Optimal,3567.354144099998,3742376.15534414
3880,,61.8,0.0,7.6401325,3.9143595,7.6401325,0.0,-7.6401325,0.0,0.0,0.0,0.0,0.0,0.0,Optimal,3567.354144099998,3742376.15534414
3881,,71.8,0.0,0.0,3.9143595,0.0,0.0,0.0,0.0,0.0,0.0,0.0,0.0,0.0,Optimal,3567.354144099998,3742376.15534414
3882,,89.07,0.0,0.0,3.9143595,0.0,0.0,0.0,0.0,0.0,0.0,0.0,0.0,0.0,Optimal,3567.354144099998,3742376.15534414
3883,,109.89,30.0,0.0,32.71436,0.0,30.0,30.0,0.0,0.0,0.0,0.0,0.0,0.0,Optimal,3567.354144099998,3742376.15534414
3884,,113.8,30.0,0.0,61.51436,0.0,30.0,30.0,0.0,0.0,0.0,0.0,0.0,0.0,Optimal,3567.354144099998,3742376.15534414
3885,,104.0,13.394241,0.0,74.372831,0.0,13.394241,13.394241,0.0,0.0,0.0,0.0,0.0,0.0,Optimal,3567.354144099998,3742376.15534414
3886,,97.16,0.0,0.0,74.372831,0.0,0.0,0.0,0.0,0.0,0.0,0.0,0.0,0.0,Optimal,3567.354144099998,3742376.15534414
3887,,77.0,0.0,0.0,74.372831,0.0,0.0,0.0,0.0,0.0,0.0,0.0,0.0,0.0,Optimal,3567.354144099998,3742376.15534414
3888,,60.44,0.0,30.0,43.122831,30.0,0.0,-30.0,0.0,0.0,0.0,0.0,0.0,0.0,Optimal,3567.354144099998,3742376.15534414
3889,,57.12,0.0,30.0,11.872831,30.0,0.0,-30.0,0.0,0.0,0.0,0.0,0.0,0.0,Optimal,3567.354144099998,3742376.15534414
3890,,61.12,30.0,0.0,40.672831,0.0,30.0,30.0,0.0,0.0,0.0,0.0,0.0,0.0,Optimal,3567.354144099998,3742376.15534414
3891,,55.0,0.0,30.0,9.4228309,30.0,0.0,-30.0,0.0,0.0,0.0,0.0,0.0,0.0,Optimal,3567.354144099998,3742376.15534414
3892,,58.07,26.814092,0.0,35.16436,0.0,26.814092,26.814092,0.0,0.0,0.0,0.0,0.0,0.0,Optimal,3567.354144099998,3742376.15534414
3893,,59.17,0.0,30.0,3.9143595,30.0,0.0,-30.0,0.0,0.0,0.0,0.0,0.0,0.0,Optimal,3567.354144099998,3742376.15534414
3894,,77.93,13.394241,0.0,16.772831,0.0,13.394241,13.394241,0.0,0.0,0.0,0.0,0.0,0.0,Optimal,3567.354144099998,3742376.15534414
3895,,97.67,30.0,0.0,45.572831,0.0,30.0,30.0,0.0,0.0,0.0,0.0,0.0,0.0,Optimal,3567.354144099998,3742376.15534414
3896,,87.75,30.0,0.0,74.372831,0.0,30.0,30.0,0.0,0.0,0.0,0.0,0.0,0.0,Optimal,3567.354144099998,3742376.15534414
3897,,68.23,0.0,0.0,74.372831,0.0,0.0,0.0,0.0,0.0,0.0,0.0,0.0,0.0,Optimal,3567.354144099998,3742376.15534414
3898,,48.71,0.0,0.0,74.372831,0.0,0.0,0.0,0.0,0.0,0.0,0.0,0.0,0.0,Optimal,3567.354144099998,3742376.15534414
3899,,33.35,0.0,0.0,74.372831,0.0,0.0,0.0,0.0,0.0,0.0,0.0,0.0,0.0,Optimal,3567.354144099998,3742376.15534414
3900,,13.31,0.0,0.0,74.372831,0.0,0.0,0.0,0.0,0.0,0.0,0.0,0.0,0.0,Optimal,3567.354144099998,3742376.15534414
3901,,1.84,0.0,30.0,43.122831,30.0,0.0,-30.0,0.0,0.0,0.0,0.0,0.0,0.0,Optimal,3567.354144099998,3742376.15534414
3902,,0.86,0.0,30.0,11.872831,30.0,0.0,-30.0,0.0,0.0,0.0,0.0,0.0,0.0,Optimal,3567.354144099998,3742376.15534414
3903,,2.1,0.0,7.6401325,3.9143595,7.6401325,0.0,-7.6401325,0.0,0.0,0.0,0.0,0.0,0.0,Optimal,3567.354144099998,3742376.15534414
3904,,13.14,0.0,0.0,3.9143595,0.0,0.0,0.0,0.0,0.0,0.0,0.0,0.0,0.0,Optimal,3567.354144099998,3742376.15534414
3905,,52.68,0.0,0.0,3.9143595,0.0,0.0,0.0,0.0,0.0,0.0,0.0,0.0,0.0,Optimal,3567.354144099998,3742376.15534414
3906,,72.89,0.0,0.0,3.9143595,0.0,0.0,0.0,0.0,0.0,0.0,0.0,0.0,0.0,Optimal,3567.354144099998,3742376.15534414
3907,,101.05,0.0,0.0,3.9143595,0.0,0.0,0.0,0.0,0.0,0.0,0.0,0.0,0.0,Optimal,3567.354144099998,3742376.15534414
3908,,125.83,30.0,0.0,32.71436,0.0,30.0,30.0,0.0,0.0,0.0,0.0,0.0,0.0,Optimal,3567.354144099998,3742376.15534414
3909,,123.43,30.0,0.0,61.51436,0.0,30.0,30.0,0.0,0.0,0.0,0.0,0.0,0.0,Optimal,3567.354144099998,3742376.15534414
3910,,107.05,13.394241,0.0,74.372831,0.0,13.394241,13.394241,0.0,0.0,0.0,0.0,0.0,0.0,Optimal,3567.354144099998,3742376.15534414
3911,,89.9,0.0,30.0,43.122831,30.0,0.0,-30.0,0.0,0.0,0.0,0.0,0.0,0.0,Optimal,3567.354144099998,3742376.15534414
3912,,85.16,0.0,30.0,11.872831,30.0,0.0,-30.0,0.0,0.0,0.0,0.0,0.0,0.0,Optimal,3567.354144099998,3742376.15534414
3913,,86.03,30.0,0.0,40.672831,0.0,30.0,30.0,0.0,0.0,0.0,0.0,0.0,0.0,Optimal,3567.354144099998,3742376.15534414
3914,,86.0,26.814092,0.0,66.41436,0.0,26.814092,26.814092,0.0,0.0,0.0,0.0,0.0,0.0,Optimal,3567.354144099998,3742376.15534414
3915,,79.74,0.0,30.0,35.16436,30.0,0.0,-30.0,0.0,0.0,0.0,0.0,0.0,0.0,Optimal,3567.354144099998,3742376.15534414
3916,,86.3,0.0,30.0,3.9143595,30.0,0.0,-30.0,0.0,0.0,0.0,0.0,0.0,0.0,Optimal,3567.354144099998,3742376.15534414
3917,,94.18,0.0,0.0,3.9143595,0.0,0.0,0.0,0.0,0.0,0.0,0.0,0.0,0.0,Optimal,3567.354144099998,3742376.15534414
3918,,120.22,30.0,0.0,32.71436,0.0,30.0,30.0,0.0,0.0,0.0,0.0,0.0,0.0,Optimal,3567.354144099998,3742376.15534414
3919,,114.9,30.0,0.0,61.51436,0.0,30.0,30.0,0.0,0.0,0.0,0.0,0.0,0.0,Optimal,3567.354144099998,3742376.15534414
3920,,104.01,13.394241,0.0,74.372831,0.0,13.394241,13.394241,0.0,0.0,0.0,0.0,0.0,0.0,Optimal,3567.354144099998,3742376.15534414
3921,,69.89,0.0,0.0,74.372831,0.0,0.0,0.0,0.0,0.0,0.0,0.0,0.0,0.0,Optimal,3567.354144099998,3742376.15534414
3922,,55.42,0.0,0.0,74.372831,0.0,0.0,0.0,0.0,0.0,0.0,0.0,0.0,0.0,Optimal,3567.354144099998,3742376.15534414
3923,,50.0,0.0,0.0,74.372831,0.0,0.0,0.0,0.0,0.0,0.0,0.0,0.0,0.0,Optimal,3567.354144099998,3742376.15534414
3924,,36.61,0.0,30.0,43.122831,30.0,0.0,-30.0,0.0,0.0,0.0,0.0,0.0,0.0,Optimal,3567.354144099998,3742376.15534414
3925,,37.83,0.0,30.0,11.872831,30.0,0.0,-30.0,0.0,0.0,0.0,0.0,0.0,0.0,Optimal,3567.354144099998,3742376.15534414
3926,,38.04,24.262009,0.0,35.16436,0.0,24.262009,24.262009,0.0,0.0,0.0,0.0,0.0,0.0,Optimal,3567.354144099998,3742376.15534414
3927,,39.89,0.0,30.0,3.9143595,30.0,0.0,-30.0,0.0,0.0,0.0,0.0,0.0,0.0,Optimal,3567.354144099998,3742376.15534414
3928,,54.02,0.0,0.0,3.9143595,0.0,0.0,0.0,0.0,0.0,0.0,0.0,0.0,0.0,Optimal,3567.354144099998,3742376.15534414
3929,,71.42,0.0,0.0,3.9143595,0.0,0.0,0.0,0.0,0.0,0.0,0.0,0.0,0.0,Optimal,3567.354144099998,3742376.15534414
3930,,89.06,0.0,0.0,3.9143595,0.0,0.0,0.0,0.0,0.0,0.0,0.0,0.0,0.0,Optimal,3567.354144099998,3742376.15534414
3931,,119.86,0.0,0.0,3.9143595,0.0,0.0,0.0,0.0,0.0,0.0,0.0,0.0,0.0,Optimal,3567.354144099998,3742376.15534414
3932,,147.69,30.0,0.0,32.71436,0.0,30.0,30.0,0.0,0.0,0.0,0.0,0.0,0.0,Optimal,3567.354144099998,3742376.15534414
3933,,151.86,30.0,0.0,61.51436,0.0,30.0,30.0,0.0,0.0,0.0,0.0,0.0,0.0,Optimal,3567.354144099998,3742376.15534414
3934,,128.3,13.394241,0.0,74.372831,0.0,13.394241,13.394241,0.0,0.0,0.0,0.0,0.0,0.0,Optimal,3567.354144099998,3742376.15534414
3935,,107.07,0.0,27.648,45.572831,27.648,0.0,-27.648,0.0,0.0,0.0,0.0,0.0,0.0,Optimal,3567.354144099998,3742376.15534414
3936,,103.11,30.0,0.0,74.372831,0.0,30.0,30.0,0.0,0.0,0.0,0.0,0.0,0.0,Optimal,3567.354144099998,3742376.15534414
3937,,89.63,0.0,0.0,74.372831,0.0,0.0,0.0,0.0,0.0,0.0,0.0,0.0,0.0,Optimal,3567.354144099998,3742376.15534414
3938,,83.62,0.0,7.6401325,66.41436,7.6401325,0.0,-7.6401325,0.0,0.0,0.0,0.0,0.0,0.0,Optimal,3567.354144099998,3742376.15534414
3939,,80.35,0.0,30.0,35.16436,30.0,0.0,-30.0,0.0,0.0,0.0,0.0,0.0,0.0,Optimal,3567.354144099998,3742376.15534414
3940,,78.68,0.0,30.0,3.9143595,30.0,0.0,-30.0,0.0,0.0,0.0,0.0,0.0,0.0,Optimal,3567.354144099998,3742376.15534414
3941,,92.7,0.0,0.0,3.9143595,0.0,0.0,0.0,0.0,0.0,0.0,0.0,0.0,0.0,Optimal,3567.354144099998,3742376.15534414
3942,,114.03,30.0,0.0,32.71436,0.0,30.0,30.0,0.0,0.0,0.0,0.0,0.0,0.0,Optimal,3567.354144099998,3742376.15534414
3943,,124.25,30.0,0.0,61.51436,0.0,30.0,30.0,0.0,0.0,0.0,0.0,0.0,0.0,Optimal,3567.354144099998,3742376.15534414
3944,,104.17,13.394241,0.0,74.372831,0.0,13.394241,13.394241,0.0,0.0,0.0,0.0,0.0,0.0,Optimal,3567.354144099998,3742376.15534414
3945,,73.79,0.0,0.0,74.372831,0.0,0.0,0.0,0.0,0.0,0.0,0.0,0.0,0.0,Optimal,3567.354144099998,3742376.15534414
3946,,56.95,0.0,0.0,74.372831,0.0,0.0,0.0,0.0,0.0,0.0,0.0,0.0,0.0,Optimal,3567.354144099998,3742376.15534414
3947,,51.02,0.0,0.0,74.372831,0.0,0.0,0.0,0.0,0.0,0.0,0.0,0.0,0.0,Optimal,3567.354144099998,3742376.15534414
3948,,44.15,0.0,7.6401325,66.41436,7.6401325,0.0,-7.6401325,0.0,0.0,0.0,0.0,0.0,0.0,Optimal,3567.354144099998,3742376.15534414
3949,,38.93,0.0,30.0,35.16436,30.0,0.0,-30.0,0.0,0.0,0.0,0.0,0.0,0.0,Optimal,3567.354144099998,3742376.15534414
3950,,35.96,0.0,30.0,3.9143595,30.0,0.0,-30.0,0.0,0.0,0.0,0.0,0.0,0.0,Optimal,3567.354144099998,3742376.15534414
3951,,44.91,0.0,0.0,3.9143595,0.0,0.0,0.0,0.0,0.0,0.0,0.0,0.0,0.0,Optimal,3567.354144099998,3742376.15534414
3952,,67.3,30.0,0.0,32.71436,0.0,30.0,30.0,0.0,0.0,0.0,0.0,0.0,0.0,Optimal,3567.354144099998,3742376.15534414
3953,,70.85,0.0,27.648,3.9143595,27.648,0.0,-27.648,0.0,0.0,0.0,0.0,0.0,0.0,Optimal,3567.354144099998,3742376.15534414
3954,,90.9,0.0,0.0,3.9143595,0.0,0.0,0.0,0.0,0.0,0.0,0.0,0.0,0.0,Optimal,3567.354144099998,3742376.15534414
3955,,121.65,13.394241,0.0,16.772831,0.0,13.394241,13.394241,0.0,0.0,0.0,0.0,0.0,0.0,Optimal,3567.354144099998,3742376.15534414
3956,,166.14,30.0,0.0,45.572831,0.0,30.0,30.0,0.0,0.0,0.0,0.0,0.0,0.0,Optimal,3567.354144099998,3742376.15534414
3957,,139.05,30.0,0.0,74.372831,0.0,30.0,30.0,0.0,0.0,0.0,0.0,0.0,0.0,Optimal,3567.354144099998,3742376.15534414
3958,,99.6,0.0,0.0,74.372831,0.0,0.0,0.0,0.0,0.0,0.0,0.0,0.0,0.0,Optimal,3567.354144099998,3742376.15534414
3959,,80.0,0.0,0.0,74.372831,0.0,0.0,0.0,0.0,0.0,0.0,0.0,0.0,0.0,Optimal,3567.354144099998,3742376.15534414
3960,,69.94,0.0,0.0,74.372831,0.0,0.0,0.0,0.0,0.0,0.0,0.0,0.0,0.0,Optimal,3567.354144099998,3742376.15534414
3961,,58.94,0.0,0.0,74.372831,0.0,0.0,0.0,0.0,0.0,0.0,0.0,0.0,0.0,Optimal,3567.354144099998,3742376.15534414
3962,,53.39,0.0,0.0,74.372831,0.0,0.0,0.0,0.0,0.0,0.0,0.0,0.0,0.0,Optimal,3567.354144099998,3742376.15534414
3963,,50.44,0.0,30.0,43.122831,30.0,0.0,-30.0,0.0,0.0,0.0,0.0,0.0,0.0,Optimal,3567.354144099998,3742376.15534414
3964,,47.29,0.0,30.0,11.872831,30.0,0.0,-30.0,0.0,0.0,0.0,0.0,0.0,0.0,Optimal,3567.354144099998,3742376.15534414
3965,,52.72,0.0,7.6401325,3.9143595,7.6401325,0.0,-7.6401325,0.0,0.0,0.0,0.0,0.0,0.0,Optimal,3567.354144099998,3742376.15534414
3966,,72.22,0.0,0.0,3.9143595,0.0,0.0,0.0,0.0,0.0,0.0,0.0,0.0,0.0,Optimal,3567.354144099998,3742376.15534414
3967,,92.0,13.394241,0.0,16.772831,0.0,13.394241,13.394241,0.0,0.0,0.0,0.0,0.0,0.0,Optimal,3567.354144099998,3742376.15534414
3968,,97.55,30.0,0.0,45.572831,0.0,30.0,30.0,0.0,0.0,0.0,0.0,0.0,0.0,Optimal,3567.354144099998,3742376.15534414
3969,,92.59,30.0,0.0,74.372831,0.0,30.0,30.0,0.0,0.0,0.0,0.0,0.0,0.0,Optimal,3567.354144099998,3742376.15534414
3970,,71.08,0.0,0.0,74.372831,0.0,0.0,0.0,0.0,0.0,0.0,0.0,0.0,0.0,Optimal,3567.354144099998,3742376.15534414
3971,,59.2,0.0,0.0,74.372831,0.0,0.0,0.0,0.0,0.0,0.0,0.0,0.0,0.0,Optimal,3567.354144099998,3742376.15534414
3972,,51.75,0.0,0.0,74.372831,0.0,0.0,0.0,0.0,0.0,0.0,0.0,0.0,0.0,Optimal,3567.354144099998,3742376.15534414
3973,,39.88,0.0,7.6401325,66.41436,7.6401325,0.0,-7.6401325,0.0,0.0,0.0,0.0,0.0,0.0,Optimal,3567.354144099998,3742376.15534414
3974,,34.17,0.0,30.0,35.16436,30.0,0.0,-30.0,0.0,0.0,0.0,0.0,0.0,0.0,Optimal,3567.354144099998,3742376.15534414
3975,,34.39,0.0,30.0,3.9143595,30.0,0.0,-30.0,0.0,0.0,0.0,0.0,0.0,0.0,Optimal,3567.354144099998,3742376.15534414
3976,,48.79,0.0,0.0,3.9143595,0.0,0.0,0.0,0.0,0.0,0.0,0.0,0.0,0.0,Optimal,3567.354144099998,3742376.15534414
3977,,75.0,0.0,0.0,3.9143595,0.0,0.0,0.0,0.0,0.0,0.0,0.0,0.0,0.0,Optimal,3567.354144099998,3742376.15534414
3978,,90.98,0.0,0.0,3.9143595,0.0,0.0,0.0,0.0,0.0,0.0,0.0,0.0,0.0,Optimal,3567.354144099998,3742376.15534414
3979,,113.07,13.394241,0.0,16.772831,0.0,13.394241,13.394241,0.0,0.0,0.0,0.0,0.0,0.0,Optimal,3567.354144099998,3742376.15534414
3980,,127.31,30.0,0.0,45.572831,0.0,30.0,30.0,0.0,0.0,0.0,0.0,0.0,0.0,Optimal,3567.354144099998,3742376.15534414
3981,,119.6,30.0,0.0,74.372831,0.0,30.0,30.0,0.0,0.0,0.0,0.0,0.0,0.0,Optimal,3567.354144099998,3742376.15534414
3982,,111.4,0.0,27.648,45.572831,27.648,0.0,-27.648,0.0,0.0,0.0,0.0,0.0,0.0,Optimal,3567.354144099998,3742376.15534414
3983,,108.0,30.0,0.0,74.372831,0.0,30.0,30.0,0.0,0.0,0.0,0.0,0.0,0.0,Optimal,3567.354144099998,3742376.15534414
3984,,106.85,0.0,27.648,45.572831,27.648,0.0,-27.648,0.0,0.0,0.0,0.0,0.0,0.0,Optimal,3567.354144099998,3742376.15534414
3985,,104.0,30.0,0.0,74.372831,0.0,30.0,30.0,0.0,0.0,0.0,0.0,0.0,0.0,Optimal,3567.354144099998,3742376.15534414
3986,,94.0,0.0,27.648,45.572831,27.648,0.0,-27.648,0.0,0.0,0.0,0.0,0.0,0.0,Optimal,3567.354144099998,3742376.15534414
3987,,87.0,30.0,0.0,74.372831,0.0,30.0,30.0,0.0,0.0,0.0,0.0,0.0,0.0,Optimal,3567.354144099998,3742376.15534414
3988,,56.6,0.0,0.0,74.372831,0.0,0.0,0.0,0.0,0.0,0.0,0.0,0.0,0.0,Optimal,3567.354144099998,3742376.15534414
3989,,19.89,0.0,0.0,74.372831,0.0,0.0,0.0,0.0,0.0,0.0,0.0,0.0,0.0,Optimal,3567.354144099998,3742376.15534414
3990,,1.54,0.0,0.0,74.372831,0.0,0.0,0.0,0.0,0.0,0.0,0.0,0.0,0.0,Optimal,3567.354144099998,3742376.15534414
3991,,0.09,0.0,0.0,74.372831,0.0,0.0,0.0,0.0,0.0,0.0,0.0,0.0,0.0,Optimal,3567.354144099998,3742376.15534414
3992,,0.0,0.0,0.0,74.372831,0.0,0.0,0.0,0.0,0.0,0.0,0.0,0.0,0.0,Optimal,3567.354144099998,3742376.15534414
3993,,-0.06,0.0,0.0,74.372831,0.0,0.0,0.0,0.0,0.0,0.0,0.0,0.0,0.0,Optimal,3567.354144099998,3742376.15534414
3994,,-10.08,0.0,0.0,74.372831,0.0,0.0,0.0,0.0,0.0,0.0,0.0,0.0,0.0,Optimal,3567.354144099998,3742376.15534414
3995,,-28.99,0.0,0.0,74.372831,0.0,0.0,0.0,0.0,0.0,0.0,0.0,0.0,0.0,Optimal,3567.354144099998,3742376.15534414
3996,,-44.87,0.0,0.0,74.372831,0.0,0.0,0.0,0.0,0.0,0.0,0.0,0.0,0.0,Optimal,3567.354144099998,3742376.15534414
3997,,-65.44,0.0,30.0,43.122831,30.0,0.0,-30.0,0.0,0.0,0.0,0.0,0.0,0.0,Optimal,3567.354144099998,3742376.15534414
3998,,-79.99,0.0,30.0,11.872831,30.0,0.0,-30.0,0.0,0.0,0.0,0.0,0.0,0.0,Optimal,3567.354144099998,3742376.15534414
3999,,-56.17,0.0,7.6401325,3.9143595,7.6401325,0.0,-7.6401325,0.0,0.0,0.0,0.0,0.0,0.0,Optimal,3567.354144099998,3742376.15534414
4000,,-29.17,0.0,0.0,3.9143595,0.0,0.0,0.0,0.0,0.0,0.0,0.0,0.0,0.0,Optimal,3567.354144099998,3742376.15534414
4001,,-4.5,0.0,0.0,3.9143595,0.0,0.0,0.0,0.0,0.0,0.0,0.0,0.0,0.0,Optimal,3567.354144099998,3742376.15534414
4002,,-0.01,0.0,0.0,3.9143595,0.0,0.0,0.0,0.0,0.0,0.0,0.0,0.0,0.0,Optimal,3567.354144099998,3742376.15534414
4003,,32.09,0.0,0.0,3.9143595,0.0,0.0,0.0,0.0,0.0,0.0,0.0,0.0,0.0,Optimal,3567.354144099998,3742376.15534414
4004,,70.0,30.0,0.0,32.71436,0.0,30.0,30.0,0.0,0.0,0.0,0.0,0.0,0.0,Optimal,3567.354144099998,3742376.15534414
4005,,67.77,30.0,0.0,61.51436,0.0,30.0,30.0,0.0,0.0,0.0,0.0,0.0,0.0,Optimal,3567.354144099998,3742376.15534414
4006,,63.25,13.394241,0.0,74.372831,0.0,13.394241,13.394241,0.0,0.0,0.0,0.0,0.0,0.0,Optimal,3567.354144099998,3742376.15534414
4007,,40.72,0.0,0.0,74.372831,0.0,0.0,0.0,0.0,0.0,0.0,0.0,0.0,0.0,Optimal,3567.354144099998,3742376.15534414
4008,,25.01,0.0,0.0,74.372831,0.0,0.0,0.0,0.0,0.0,0.0,0.0,0.0,0.0,Optimal,3567.354144099998,3742376.15534414
4009,,10.25,0.0,0.0,74.372831,0.0,0.0,0.0,0.0,0.0,0.0,0.0,0.0,0.0,Optimal,3567.354144099998,3742376.15534414
4010,,4.92,0.0,0.0,74.372831,0.0,0.0,0.0,0.0,0.0,0.0,0.0,0.0,0.0,Optimal,3567.354144099998,3742376.15534414
4011,,2.92,0.0,0.0,74.372831,0.0,0.0,0.0,0.0,0.0,0.0,0.0,0.0,0.0,Optimal,3567.354144099998,3742376.15534414
4012,,2.19,0.0,30.0,43.122831,30.0,0.0,-30.0,0.0,0.0,0.0,0.0,0.0,0.0,Optimal,3567.354144099998,3742376.15534414
4013,,2.53,2.5520833,0.0,45.572831,0.0,2.5520833,2.5520833,0.0,0.0,0.0,0.0,0.0,0.0,Optimal,3567.354144099998,3742376.15534414
4014,,2.95,30.0,0.0,74.372831,0.0,30.0,30.0,0.0,0.0,0.0,0.0,0.0,0.0,Optimal,3567.354144099998,3742376.15534414
4015,,0.47,0.0,0.0,74.372831,0.0,0.0,0.0,0.0,0.0,0.0,0.0,0.0,0.0,Optimal,3567.354144099998,3742376.15534414
4016,,-0.02,0.0,0.0,74.372831,0.0,0.0,0.0,0.0,0.0,0.0,0.0,0.0,0.0,Optimal,3567.354144099998,3742376.15534414
4017,,-1.27,0.0,0.0,74.372831,0.0,0.0,0.0,0.0,0.0,0.0,0.0,0.0,0.0,Optimal,3567.354144099998,3742376.15534414
4018,,-10.0,0.0,0.0,74.372831,0.0,0.0,0.0,0.0,0.0,0.0,0.0,0.0,0.0,Optimal,3567.354144099998,3742376.15534414
4019,,-13.33,0.0,0.0,74.372831,0.0,0.0,0.0,0.0,0.0,0.0,0.0,0.0,0.0,Optimal,3567.354144099998,3742376.15534414
4020,,-20.0,0.0,0.0,74.372831,0.0,0.0,0.0,0.0,0.0,0.0,0.0,0.0,0.0,Optimal,3567.354144099998,3742376.15534414
4021,,-30.0,0.0,30.0,43.122831,30.0,0.0,-30.0,0.0,0.0,0.0,0.0,0.0,0.0,Optimal,3567.354144099998,3742376.15534414
4022,,-35.66,0.0,30.0,11.872831,30.0,0.0,-30.0,0.0,0.0,0.0,0.0,0.0,0.0,Optimal,3567.354144099998,3742376.15534414
4023,,-29.03,0.0,7.6401325,3.9143595,7.6401325,0.0,-7.6401325,0.0,0.0,0.0,0.0,0.0,0.0,Optimal,3567.354144099998,3742376.15534414
4024,,-10.02,0.0,0.0,3.9143595,0.0,0.0,0.0,0.0,0.0,0.0,0.0,0.0,0.0,Optimal,3567.354144099998,3742376.15534414
4025,,-1.99,0.0,0.0,3.9143595,0.0,0.0,0.0,0.0,0.0,0.0,0.0,0.0,0.0,Optimal,3567.354144099998,3742376.15534414
4026,,52.41,0.0,0.0,3.9143595,0.0,0.0,0.0,0.0,0.0,0.0,0.0,0.0,0.0,Optimal,3567.354144099998,3742376.15534414
4027,,92.26,0.0,0.0,3.9143595,0.0,0.0,0.0,0.0,0.0,0.0,0.0,0.0,0.0,Optimal,3567.354144099998,3742376.15534414
4028,,111.04,13.394241,0.0,16.772831,0.0,13.394241,13.394241,0.0,0.0,0.0,0.0,0.0,0.0,Optimal,3567.354144099998,3742376.15534414
4029,,117.7,30.0,0.0,45.572831,0.0,30.0,30.0,0.0,0.0,0.0,0.0,0.0,0.0,Optimal,3567.354144099998,3742376.15534414
4030,,118.27,30.0,0.0,74.372831,0.0,30.0,30.0,0.0,0.0,0.0,0.0,0.0,0.0,Optimal,3567.354144099998,3742376.15534414
4031,,91.6,0.0,0.0,74.372831,0.0,0.0,0.0,0.0,0.0,0.0,0.0,0.0,0.0,Optimal,3567.354144099998,3742376.15534414
4032,,70.16,0.0,5.2881325,68.86436,5.2881325,0.0,-5.2881325,0.0,0.0,0.0,0.0,0.0,0.0,Optimal,3567.354144099998,3742376.15534414
4033,,60.78,0.0,30.0,37.61436,30.0,0.0,-30.0,0.0,0.0,0.0,0.0,0.0,0.0,Optimal,3567.354144099998,3742376.15534414
4034,,63.7,0.0,30.0,6.3643595,30.0,0.0,-30.0,0.0,0.0,0.0,0.0,0.0,0.0,Optimal,3567.354144099998,3742376.15534414
4035,,70.0,30.0,0.0,35.16436,0.0,30.0,30.0,0.0,0.0,0.0,0.0,0.0,0.0,Optimal,3567.354144099998,3742376.15534414
4036,,69.41,0.0,30.0,3.9143595,30.0,0.0,-30.0,0.0,0.0,0.0,0.0,0.0,0.0,Optimal,3567.354144099998,3742376.15534414
4037,,84.9,0.0,0.0,3.9143595,0.0,0.0,0.0,0.0,0.0,0.0,0.0,0.0,0.0,Optimal,3567.354144099998,3742376.15534414
4038,,108.7,13.394241,0.0,16.772831,0.0,13.394241,13.394241,0.0,0.0,0.0,0.0,0.0,0.0,Optimal,3567.354144099998,3742376.15534414
4039,,126.0,30.0,0.0,45.572831,0.0,30.0,30.0,0.0,0.0,0.0,0.0,0.0,0.0,Optimal,3567.354144099998,3742376.15534414
4040,,117.85,30.0,0.0,74.372831,0.0,30.0,30.0,0.0,0.0,0.0,0.0,0.0,0.0,Optimal,3567.354144099998,3742376.15534414
4041,,84.73,0.0,0.0,74.372831,0.0,0.0,0.0,0.0,0.0,0.0,0.0,0.0,0.0,Optimal,3567.354144099998,3742376.15534414
4042,,63.48,0.0,0.0,74.372831,0.0,0.0,0.0,0.0,0.0,0.0,0.0,0.0,0.0,Optimal,3567.354144099998,3742376.15534414
4043,,46.9,0.0,0.0,74.372831,0.0,0.0,0.0,0.0,0.0,0.0,0.0,0.0,0.0,Optimal,3567.354144099998,3742376.15534414
4044,,36.54,0.0,30.0,43.122831,30.0,0.0,-30.0,0.0,0.0,0.0,0.0,0.0,0.0,Optimal,3567.354144099998,3742376.15534414
4045,,34.59,0.0,30.0,11.872831,30.0,0.0,-30.0,0.0,0.0,0.0,0.0,0.0,0.0,Optimal,3567.354144099998,3742376.15534414
4046,,39.45,0.0,7.6401325,3.9143595,7.6401325,0.0,-7.6401325,0.0,0.0,0.0,0.0,0.0,0.0,Optimal,3567.354144099998,3742376.15534414
4047,,46.15,0.0,0.0,3.9143595,0.0,0.0,0.0,0.0,0.0,0.0,0.0,0.0,0.0,Optimal,3567.354144099998,3742376.15534414
4048,,54.07,0.0,0.0,3.9143595,0.0,0.0,0.0,0.0,0.0,0.0,0.0,0.0,0.0,Optimal,3567.354144099998,3742376.15534414
4049,,77.54,0.0,0.0,3.9143595,0.0,0.0,0.0,0.0,0.0,0.0,0.0,0.0,0.0,Optimal,3567.354144099998,3742376.15534414
4050,,101.36,0.0,0.0,3.9143595,0.0,0.0,0.0,0.0,0.0,0.0,0.0,0.0,0.0,Optimal,3567.354144099998,3742376.15534414
4051,,139.0,13.394241,0.0,16.772831,0.0,13.394241,13.394241,0.0,0.0,0.0,0.0,0.0,0.0,Optimal,3567.354144099998,3742376.15534414
4052,,181.54,30.0,0.0,45.572831,0.0,30.0,30.0,0.0,0.0,0.0,0.0,0.0,0.0,Optimal,3567.354144099998,3742376.15534414
4053,,196.93,30.0,0.0,74.372831,0.0,30.0,30.0,0.0,0.0,0.0,0.0,0.0,0.0,Optimal,3567.354144099998,3742376.15534414
4054,,126.61,0.0,0.0,74.372831,0.0,0.0,0.0,0.0,0.0,0.0,0.0,0.0,0.0,Optimal,3567.354144099998,3742376.15534414
4055,,103.39,0.0,0.0,74.372831,0.0,0.0,0.0,0.0,0.0,0.0,0.0,0.0,0.0,Optimal,3567.354144099998,3742376.15534414
4056,,88.07,0.0,5.2881325,68.86436,5.2881325,0.0,-5.2881325,0.0,0.0,0.0,0.0,0.0,0.0,Optimal,3567.354144099998,3742376.15534414
4057,,84.9,0.0,30.0,37.61436,30.0,0.0,-30.0,0.0,0.0,0.0,0.0,0.0,0.0,Optimal,3567.354144099998,3742376.15534414
4058,,87.27,30.0,0.0,66.41436,0.0,30.0,30.0,0.0,0.0,0.0,0.0,0.0,0.0,Optimal,3567.354144099998,3742376.15534414
4059,,84.6,0.0,30.0,35.16436,30.0,0.0,-30.0,0.0,0.0,0.0,0.0,0.0,0.0,Optimal,3567.354144099998,3742376.15534414
4060,,86.6,0.0,30.0,3.9143595,30.0,0.0,-30.0,0.0,0.0,0.0,0.0,0.0,0.0,Optimal,3567.354144099998,3742376.15534414
4061,,94.9,13.394241,0.0,16.772831,0.0,13.394241,13.394241,0.0,0.0,0.0,0.0,0.0,0.0,Optimal,3567.354144099998,3742376.15534414
4062,,117.44,30.0,0.0,45.572831,0.0,30.0,30.0,0.0,0.0,0.0,0.0,0.0,0.0,Optimal,3567.354144099998,3742376.15534414
4063,,115.89,30.0,0.0,74.372831,0.0,30.0,30.0,0.0,0.0,0.0,0.0,0.0,0.0,Optimal,3567.354144099998,3742376.15534414
4064,,90.0,0.0,27.648,45.572831,27.648,0.0,-27.648,0.0,0.0,0.0,0.0,0.0,0.0,Optimal,3567.354144099998,3742376.15534414
4065,,87.05,30.0,0.0,74.372831,0.0,30.0,30.0,0.0,0.0,0.0,0.0,0.0,0.0,Optimal,3567.354144099998,3742376.15534414
4066,,81.01,0.0,0.0,74.372831,0.0,0.0,0.0,0.0,0.0,0.0,0.0,0.0,0.0,Optimal,3567.354144099998,3742376.15534414
4067,,68.34,0.0,30.0,43.122831,30.0,0.0,-30.0,0.0,0.0,0.0,0.0,0.0,0.0,Optimal,3567.354144099998,3742376.15534414
4068,,66.91,0.0,30.0,11.872831,30.0,0.0,-30.0,0.0,0.0,0.0,0.0,0.0,0.0,Optimal,3567.354144099998,3742376.15534414
4069,,77.1,0.0,7.6401325,3.9143595,7.6401325,0.0,-7.6401325,0.0,0.0,0.0,0.0,0.0,0.0,Optimal,3567.354144099998,3742376.15534414
4070,,85.05,2.5520833,0.0,6.3643595,0.0,2.5520833,2.5520833,0.0,0.0,0.0,0.0,0.0,0.0,Optimal,3567.354144099998,3742376.15534414
4071,,90.0,30.0,0.0,35.16436,0.0,30.0,30.0,0.0,0.0,0.0,0.0,0.0,0.0,Optimal,3567.354144099998,3742376.15534414
4072,,91.0,0.0,30.0,3.9143595,30.0,0.0,-30.0,0.0,0.0,0.0,0.0,0.0,0.0,Optimal,3567.354144099998,3742376.15534414
4073,,94.65,0.0,0.0,3.9143595,0.0,0.0,0.0,0.0,0.0,0.0,0.0,0.0,0.0,Optimal,3567.354144099998,3742376.15534414
4074,,115.17,13.394241,0.0,16.772831,0.0,13.394241,13.394241,0.0,0.0,0.0,0.0,0.0,0.0,Optimal,3567.354144099998,3742376.15534414
4075,,141.6,30.0,0.0,45.572831,0.0,30.0,30.0,0.0,0.0,0.0,0.0,0.0,0.0,Optimal,3567.354144099998,3742376.15534414
4076,,150.8,30.0,0.0,74.372831,0.0,30.0,30.0,0.0,0.0,0.0,0.0,0.0,0.0,Optimal,3567.354144099998,3742376.15534414
4077,,113.09,0.0,0.0,74.372831,0.0,0.0,0.0,0.0,0.0,0.0,0.0,0.0,0.0,Optimal,3567.354144099998,3742376.15534414
4078,,95.19,0.0,25.296,48.022831,25.296,0.0,-25.296,0.0,0.0,0.0,0.0,0.0,0.0,Optimal,3567.354144099998,3742376.15534414
4079,,86.35,0.0,30.0,16.772831,30.0,0.0,-30.0,0.0,0.0,0.0,0.0,0.0,0.0,Optimal,3567.354144099998,3742376.15534414
4080,,100.05,30.0,0.0,45.572831,0.0,30.0,30.0,0.0,0.0,0.0,0.0,0.0,0.0,Optimal,3567.354144099998,3742376.15534414
4081,,89.24,30.0,0.0,74.372831,0.0,30.0,30.0,0.0,0.0,0.0,0.0,0.0,0.0,Optimal,3567.354144099998,3742376.15534414
4082,,79.7,0.0,30.0,43.122831,30.0,0.0,-30.0,0.0,0.0,0.0,0.0,0.0,0.0,Optimal,3567.354144099998,3742376.15534414
4083,,77.06,0.0,30.0,11.872831,30.0,0.0,-30.0,0.0,0.0,0.0,0.0,0.0,0.0,Optimal,3567.354144099998,3742376.15534414
4084,,81.17,24.262009,0.0,35.16436,0.0,24.262009,24.262009,0.0,0.0,0.0,0.0,0.0,0.0,Optimal,3567.354144099998,3742376.15534414
4085,,77.32,0.0,30.0,3.9143595,30.0,0.0,-30.0,0.0,0.0,0.0,0.0,0.0,0.0,Optimal,3567.354144099998,3742376.15534414
4086,,101.9,13.394241,0.0,16.772831,0.0,13.394241,13.394241,0.0,0.0,0.0,0.0,0.0,0.0,Optimal,3567.354144099998,3742376.15534414
4087,,112.14,30.0,0.0,45.572831,0.0,30.0,30.0,0.0,0.0,0.0,0.0,0.0,0.0,Optimal,3567.354144099998,3742376.15534414
4088,,104.23,30.0,0.0,74.372831,0.0,30.0,30.0,0.0,0.0,0.0,0.0,0.0,0.0,Optimal,3567.354144099998,3742376.15534414
4089,,81.73,0.0,0.0,74.372831,0.0,0.0,0.0,0.0,0.0,0.0,0.0,0.0,0.0,Optimal,3567.354144099998,3742376.15534414
4090,,72.49,0.0,0.0,74.372831,0.0,0.0,0.0,0.0,0.0,0.0,0.0,0.0,0.0,Optimal,3567.354144099998,3742376.15534414
4091,,60.26,0.0,0.0,74.372831,0.0,0.0,0.0,0.0,0.0,0.0,0.0,0.0,0.0,Optimal,3567.354144099998,3742376.15534414
4092,,45.0,0.0,0.0,74.372831,0.0,0.0,0.0,0.0,0.0,0.0,0.0,0.0,0.0,Optimal,3567.354144099998,3742376.15534414
4093,,33.56,0.0,0.0,74.372831,0.0,0.0,0.0,0.0,0.0,0.0,0.0,0.0,0.0,Optimal,3567.354144099998,3742376.15534414
4094,,21.87,0.0,30.0,43.122831,30.0,0.0,-30.0,0.0,0.0,0.0,0.0,0.0,0.0,Optimal,3567.354144099998,3742376.15534414
4095,,13.44,0.0,30.0,11.872831,30.0,0.0,-30.0,0.0,0.0,0.0,0.0,0.0,0.0,Optimal,3567.354144099998,3742376.15534414
4096,,30.03,0.0,7.6401325,3.9143595,7.6401325,0.0,-7.6401325,0.0,0.0,0.0,0.0,0.0,0.0,Optimal,3567.354144099998,3742376.15534414
4097,,64.16,0.0,0.0,3.9143595,0.0,0.0,0.0,0.0,0.0,0.0,0.0,0.0,0.0,Optimal,3567.354144099998,3742376.15534414
4098,,79.78,0.0,0.0,3.9143595,0.0,0.0,0.0,0.0,0.0,0.0,0.0,0.0,0.0,Optimal,3567.354144099998,3742376.15534414
4099,,99.89,0.0,0.0,3.9143595,0.0,0.0,0.0,0.0,0.0,0.0,0.0,0.0,0.0,Optimal,3567.354144099998,3742376.15534414
4100,,122.69,30.0,0.0,32.71436,0.0,30.0,30.0,0.0,0.0,0.0,0.0,0.0,0.0,Optimal,3567.354144099998,3742376.15534414
4101,,117.7,30.0,0.0,61.51436,0.0,30.0,30.0,0.0,0.0,0.0,0.0,0.0,0.0,Optimal,3567.354144099998,3742376.15534414
4102,,109.2,13.394241,0.0,74.372831,0.0,13.394241,13.394241,0.0,0.0,0.0,0.0,0.0,0.0,Optimal,3567.354144099998,3742376.15534414
4103,,93.31,0.0,0.0,74.372831,0.0,0.0,0.0,0.0,0.0,0.0,0.0,0.0,0.0,Optimal,3567.354144099998,3742376.15534414
4104,,86.09,0.0,30.0,43.122831,30.0,0.0,-30.0,0.0,0.0,0.0,0.0,0.0,0.0,Optimal,3567.354144099998,3742376.15534414
4105,,81.56,26.814092,0.0,68.86436,0.0,26.814092,26.814092,0.0,0.0,0.0,0.0,0.0,0.0,Optimal,3567.354144099998,3742376.15534414
4106,,78.96,0.0,30.0,37.61436,30.0,0.0,-30.0,0.0,0.0,0.0,0.0,0.0,0.0,Optimal,3567.354144099998,3742376.15534414
4107,,79.05,0.0,30.0,6.3643595,30.0,0.0,-30.0,0.0,0.0,0.0,0.0,0.0,0.0,Optimal,3567.354144099998,3742376.15534414
4108,,83.6,30.0,0.0,35.16436,0.0,30.0,30.0,0.0,0.0,0.0,0.0,0.0,0.0,Optimal,3567.354144099998,3742376.15534414
4109,,87.72,0.0,30.0,3.9143595,30.0,0.0,-30.0,0.0,0.0,0.0,0.0,0.0,0.0,Optimal,3567.354144099998,3742376.15534414
4110,,111.36,30.0,0.0,32.71436,0.0,30.0,30.0,0.0,0.0,0.0,0.0,0.0,0.0,Optimal,3567.354144099998,3742376.15534414
4111,,112.63,30.0,0.0,61.51436,0.0,30.0,30.0,0.0,0.0,0.0,0.0,0.0,0.0,Optimal,3567.354144099998,3742376.15534414
4112,,102.99,13.394241,0.0,74.372831,0.0,13.394241,13.394241,0.0,0.0,0.0,0.0,0.0,0.0,Optimal,3567.354144099998,3742376.15534414
4113,,81.09,0.0,0.0,74.372831,0.0,0.0,0.0,0.0,0.0,0.0,0.0,0.0,0.0,Optimal,3567.354144099998,3742376.15534414
4114,,70.0,0.0,0.0,74.372831,0.0,0.0,0.0,0.0,0.0,0.0,0.0,0.0,0.0,Optimal,3567.354144099998,3742376.15534414
4115,,60.08,0.0,0.0,74.372831,0.0,0.0,0.0,0.0,0.0,0.0,0.0,0.0,0.0,Optimal,3567.354144099998,3742376.15534414
4116,,56.87,0.0,30.0,43.122831,30.0,0.0,-30.0,0.0,0.0,0.0,0.0,0.0,0.0,Optimal,3567.354144099998,3742376.15534414
4117,,55.21,0.0,30.0,11.872831,30.0,0.0,-30.0,0.0,0.0,0.0,0.0,0.0,0.0,Optimal,3567.354144099998,3742376.15534414
4118,,58.59,0.0,7.6401325,3.9143595,7.6401325,0.0,-7.6401325,0.0,0.0,0.0,0.0,0.0,0.0,Optimal,3567.354144099998,3742376.15534414
4119,,67.72,0.0,0.0,3.9143595,0.0,0.0,0.0,0.0,0.0,0.0,0.0,0.0,0.0,Optimal,3567.354144099998,3742376.15534414
4120,,76.39,0.0,0.0,3.9143595,0.0,0.0,0.0,0.0,0.0,0.0,0.0,0.0,0.0,Optimal,3567.354144099998,3742376.15534414
4121,,89.04,0.0,0.0,3.9143595,0.0,0.0,0.0,0.0,0.0,0.0,0.0,0.0,0.0,Optimal,3567.354144099998,3742376.15534414
4122,,107.48,0.0,0.0,3.9143595,0.0,0.0,0.0,0.0,0.0,0.0,0.0,0.0,0.0,Optimal,3567.354144099998,3742376.15534414
4123,,138.38,30.0,0.0,32.71436,0.0,30.0,30.0,0.0,0.0,0.0,0.0,0.0,0.0,Optimal,3567.354144099998,3742376.15534414
4124,,170.48,30.0,0.0,61.51436,0.0,30.0,30.0,0.0,0.0,0.0,0.0,0.0,0.0,Optimal,3567.354144099998,3742376.15534414
4125,,129.93,13.394241,0.0,74.372831,0.0,13.394241,13.394241,0.0,0.0,0.0,0.0,0.0,0.0,Optimal,3567.354144099998,3742376.15534414
4126,,112.2,0.0,0.0,74.372831,0.0,0.0,0.0,0.0,0.0,0.0,0.0,0.0,0.0,Optimal,3567.354144099998,3742376.15534414
4127,,95.32,0.0,27.648,45.572831,27.648,0.0,-27.648,0.0,0.0,0.0,0.0,0.0,0.0,Optimal,3567.354144099998,3742376.15534414
4128,,100.94,30.0,0.0,74.372831,0.0,30.0,30.0,0.0,0.0,0.0,0.0,0.0,0.0,Optimal,3567.354144099998,3742376.15534414
4129,,90.88,0.0,27.648,45.572831,27.648,0.0,-27.648,0.0,0.0,0.0,0.0,0.0,0.0,Optimal,3567.354144099998,3742376.15534414
4130,,89.95,30.0,0.0,74.372831,0.0,30.0,30.0,0.0,0.0,0.0,0.0,0.0,0.0,Optimal,3567.354144099998,3742376.15534414
4131,,87.46,0.0,7.6401325,66.41436,7.6401325,0.0,-7.6401325,0.0,0.0,0.0,0.0,0.0,0.0,Optimal,3567.354144099998,3742376.15534414
4132,,84.5,0.0,30.0,35.16436,30.0,0.0,-30.0,0.0,0.0,0.0,0.0,0.0,0.0,Optimal,3567.354144099998,3742376.15534414
4133,,85.38,0.0,30.0,3.9143595,30.0,0.0,-30.0,0.0,0.0,0.0,0.0,0.0,0.0,Optimal,3567.354144099998,3742376.15534414
4134,,96.0,0.0,0.0,3.9143595,0.0,0.0,0.0,0.0,0.0,0.0,0.0,0.0,0.0,Optimal,3567.354144099998,3742376.15534414
4135,,120.9,30.0,0.0,32.71436,0.0,30.0,30.0,0.0,0.0,0.0,0.0,0.0,0.0,Optimal,3567.354144099998,3742376.15534414
4136,,120.85,30.0,0.0,61.51436,0.0,30.0,30.0,0.0,0.0,0.0,0.0,0.0,0.0,Optimal,3567.354144099998,3742376.15534414
4137,,111.67,13.394241,0.0,74.372831,0.0,13.394241,13.394241,0.0,0.0,0.0,0.0,0.0,0.0,Optimal,3567.354144099998,3742376.15534414
4138,,100.65,0.0,0.0,74.372831,0.0,0.0,0.0,0.0,0.0,0.0,0.0,0.0,0.0,Optimal,3567.354144099998,3742376.15534414
4139,,89.94,0.0,27.648,45.572831,27.648,0.0,-27.648,0.0,0.0,0.0,0.0,0.0,0.0,Optimal,3567.354144099998,3742376.15534414
4140,,88.54,30.0,0.0,74.372831,0.0,30.0,30.0,0.0,0.0,0.0,0.0,0.0,0.0,Optimal,3567.354144099998,3742376.15534414
4141,,81.9,0.0,0.0,74.372831,0.0,0.0,0.0,0.0,0.0,0.0,0.0,0.0,0.0,Optimal,3567.354144099998,3742376.15534414
4142,,73.77,0.0,30.0,43.122831,30.0,0.0,-30.0,0.0,0.0,0.0,0.0,0.0,0.0,Optimal,3567.354144099998,3742376.15534414
4143,,74.32,0.0,30.0,11.872831,30.0,0.0,-30.0,0.0,0.0,0.0,0.0,0.0,0.0,Optimal,3567.354144099998,3742376.15534414
4144,,78.75,0.0,7.6401325,3.9143595,7.6401325,0.0,-7.6401325,0.0,0.0,0.0,0.0,0.0,0.0,Optimal,3567.354144099998,3742376.15534414
4145,,91.72,0.0,0.0,3.9143595,0.0,0.0,0.0,0.0,0.0,0.0,0.0,0.0,0.0,Optimal,3567.354144099998,3742376.15534414
4146,,99.74,0.0,0.0,3.9143595,0.0,0.0,0.0,0.0,0.0,0.0,0.0,0.0,0.0,Optimal,3567.354144099998,3742376.15534414
4147,,109.56,30.0,0.0,32.71436,0.0,30.0,30.0,0.0,0.0,0.0,0.0,0.0,0.0,Optimal,3567.354144099998,3742376.15534414
4148,,112.0,30.0,0.0,61.51436,0.0,30.0,30.0,0.0,0.0,0.0,0.0,0.0,0.0,Optimal,3567.354144099998,3742376.15534414
4149,,105.53,13.394241,0.0,74.372831,0.0,13.394241,13.394241,0.0,0.0,0.0,0.0,0.0,0.0,Optimal,3567.354144099998,3742376.15534414
4150,,96.3,0.0,0.0,74.372831,0.0,0.0,0.0,0.0,0.0,0.0,0.0,0.0,0.0,Optimal,3567.354144099998,3742376.15534414
4151,,82.69,0.0,27.648,45.572831,27.648,0.0,-27.648,0.0,0.0,0.0,0.0,0.0,0.0,Optimal,3567.354144099998,3742376.15534414
4152,,80.78,30.0,0.0,74.372831,0.0,30.0,30.0,0.0,0.0,0.0,0.0,0.0,0.0,Optimal,3567.354144099998,3742376.15534414
4153,,70.87,0.0,0.0,74.372831,0.0,0.0,0.0,0.0,0.0,0.0,0.0,0.0,0.0,Optimal,3567.354144099998,3742376.15534414
4154,,61.8,0.0,0.0,74.372831,0.0,0.0,0.0,0.0,0.0,0.0,0.0,0.0,0.0,Optimal,3567.354144099998,3742376.15534414
4155,,50.5,0.0,30.0,43.122831,30.0,0.0,-30.0,0.0,0.0,0.0,0.0,0.0,0.0,Optimal,3567.354144099998,3742376.15534414
4156,,49.62,30.0,0.0,71.922831,0.0,30.0,30.0,0.0,0.0,0.0,0.0,0.0,0.0,Optimal,3567.354144099998,3742376.15534414
4157,,46.47,0.0,30.0,40.672831,30.0,0.0,-30.0,0.0,0.0,0.0,0.0,0.0,0.0,Optimal,3567.354144099998,3742376.15534414
4158,,58.15,30.0,0.0,69.472831,0.0,30.0,30.0,0.0,0.0,0.0,0.0,0.0,0.0,Optimal,3567.354144099998,3742376.15534414
4159,,48.71,5.1041667,0.0,74.372831,0.0,5.1041667,5.1041667,0.0,0.0,0.0,0.0,0.0,0.0,Optimal,3567.354144099998,3742376.15534414
4160,,43.79,0.0,0.0,74.372831,0.0,0.0,0.0,0.0,0.0,0.0,0.0,0.0,0.0,Optimal,3567.354144099998,3742376.15534414
4161,,34.65,0.0,0.0,74.372831,0.0,0.0,0.0,0.0,0.0,0.0,0.0,0.0,0.0,Optimal,3567.354144099998,3742376.15534414
4162,,12.54,0.0,0.0,74.372831,0.0,0.0,0.0,0.0,0.0,0.0,0.0,0.0,0.0,Optimal,3567.354144099998,3742376.15534414
4163,,3.59,0.0,0.0,74.372831,0.0,0.0,0.0,0.0,0.0,0.0,0.0,0.0,0.0,Optimal,3567.354144099998,3742376.15534414
4164,,2.65,0.0,0.0,74.372831,0.0,0.0,0.0,0.0,0.0,0.0,0.0,0.0,0.0,Optimal,3567.354144099998,3742376.15534414
4165,,0.03,0.0,30.0,43.122831,30.0,0.0,-30.0,0.0,0.0,0.0,0.0,0.0,0.0,Optimal,3567.354144099998,3742376.15534414
4166,,-0.01,0.0,30.0,11.872831,30.0,0.0,-30.0,0.0,0.0,0.0,0.0,0.0,0.0,Optimal,3567.354144099998,3742376.15534414
4167,,0.08,0.0,7.6401325,3.9143595,7.6401325,0.0,-7.6401325,0.0,0.0,0.0,0.0,0.0,0.0,Optimal,3567.354144099998,3742376.15534414
4168,,4.51,0.0,0.0,3.9143595,0.0,0.0,0.0,0.0,0.0,0.0,0.0,0.0,0.0,Optimal,3567.354144099998,3742376.15534414
4169,,38.48,0.0,0.0,3.9143595,0.0,0.0,0.0,0.0,0.0,0.0,0.0,0.0,0.0,Optimal,3567.354144099998,3742376.15534414
4170,,75.3,0.0,0.0,3.9143595,0.0,0.0,0.0,0.0,0.0,0.0,0.0,0.0,0.0,Optimal,3567.354144099998,3742376.15534414
4171,,107.8,0.0,0.0,3.9143595,0.0,0.0,0.0,0.0,0.0,0.0,0.0,0.0,0.0,Optimal,3567.354144099998,3742376.15534414
4172,,122.36,30.0,0.0,32.71436,0.0,30.0,30.0,0.0,0.0,0.0,0.0,0.0,0.0,Optimal,3567.354144099998,3742376.15534414
4173,,124.05,30.0,0.0,61.51436,0.0,30.0,30.0,0.0,0.0,0.0,0.0,0.0,0.0,Optimal,3567.354144099998,3742376.15534414
4174,,111.25,13.394241,0.0,74.372831,0.0,13.394241,13.394241,0.0,0.0,0.0,0.0,0.0,0.0,Optimal,3567.354144099998,3742376.15534414
4175,,90.99,0.0,27.648,45.572831,27.648,0.0,-27.648,0.0,0.0,0.0,0.0,0.0,0.0,Optimal,3567.354144099998,3742376.15534414
4176,,98.06,30.0,0.0,74.372831,0.0,30.0,30.0,0.0,0.0,0.0,0.0,0.0,0.0,Optimal,3567.354144099998,3742376.15534414
4177,,85.26,0.0,27.648,45.572831,27.648,0.0,-27.648,0.0,0.0,0.0,0.0,0.0,0.0,Optimal,3567.354144099998,3742376.15534414
4178,,84.96,30.0,0.0,74.372831,0.0,30.0,30.0,0.0,0.0,0.0,0.0,0.0,0.0,Optimal,3567.354144099998,3742376.15534414
4179,,80.19,0.0,27.648,45.572831,27.648,0.0,-27.648,0.0,0.0,0.0,0.0,0.0,0.0,Optimal,3567.354144099998,3742376.15534414
4180,,78.3,30.0,0.0,74.372831,0.0,30.0,30.0,0.0,0.0,0.0,0.0,0.0,0.0,Optimal,3567.354144099998,3742376.15534414
4181,,75.6,0.0,27.648,45.572831,27.648,0.0,-27.648,0.0,0.0,0.0,0.0,0.0,0.0,Optimal,3567.354144099998,3742376.15534414
4182,,71.45,30.0,0.0,74.372831,0.0,30.0,30.0,0.0,0.0,0.0,0.0,0.0,0.0,Optimal,3567.354144099998,3742376.15534414
4183,,48.15,0.0,0.0,74.372831,0.0,0.0,0.0,0.0,0.0,0.0,0.0,0.0,0.0,Optimal,3567.354144099998,3742376.15534414
4184,,17.97,0.0,0.0,74.372831,0.0,0.0,0.0,0.0,0.0,0.0,0.0,0.0,0.0,Optimal,3567.354144099998,3742376.15534414
4185,,4.24,0.0,0.0,74.372831,0.0,0.0,0.0,0.0,0.0,0.0,0.0,0.0,0.0,Optimal,3567.354144099998,3742376.15534414
4186,,0.0,0.0,0.0,74.372831,0.0,0.0,0.0,0.0,0.0,0.0,0.0,0.0,0.0,Optimal,3567.354144099998,3742376.15534414
4187,,-0.05,0.0,0.0,74.372831,0.0,0.0,0.0,0.0,0.0,0.0,0.0,0.0,0.0,Optimal,3567.354144099998,3742376.15534414
4188,,-0.1,0.0,0.0,74.372831,0.0,0.0,0.0,0.0,0.0,0.0,0.0,0.0,0.0,Optimal,3567.354144099998,3742376.15534414
4189,,-1.03,0.0,7.6401325,66.41436,7.6401325,0.0,-7.6401325,0.0,0.0,0.0,0.0,0.0,0.0,Optimal,3567.354144099998,3742376.15534414
4190,,-2.21,0.0,30.0,35.16436,30.0,0.0,-30.0,0.0,0.0,0.0,0.0,0.0,0.0,Optimal,3567.354144099998,3742376.15534414
4191,,-2.04,0.0,30.0,3.9143595,30.0,0.0,-30.0,0.0,0.0,0.0,0.0,0.0,0.0,Optimal,3567.354144099998,3742376.15534414
4192,,-0.23,0.0,0.0,3.9143595,0.0,0.0,0.0,0.0,0.0,0.0,0.0,0.0,0.0,Optimal,3567.354144099998,3742376.15534414
4193,,18.97,0.0,0.0,3.9143595,0.0,0.0,0.0,0.0,0.0,0.0,0.0,0.0,0.0,Optimal,3567.354144099998,3742376.15534414
4194,,63.6,0.0,0.0,3.9143595,0.0,0.0,0.0,0.0,0.0,0.0,0.0,0.0,0.0,Optimal,3567.354144099998,3742376.15534414
4195,,91.72,0.0,0.0,3.9143595,0.0,0.0,0.0,0.0,0.0,0.0,0.0,0.0,0.0,Optimal,3567.354144099998,3742376.15534414
4196,,113.5,13.394241,0.0,16.772831,0.0,13.394241,13.394241,0.0,0.0,0.0,0.0,0.0,0.0,Optimal,3567.354144099998,3742376.15534414
4197,,125.01,30.0,0.0,45.572831,0.0,30.0,30.0,0.0,0.0,0.0,0.0,0.0,0.0,Optimal,3567.354144099998,3742376.15534414
4198,,120.1,30.0,0.0,74.372831,0.0,30.0,30.0,0.0,0.0,0.0,0.0,0.0,0.0,Optimal,3567.354144099998,3742376.15534414
4199,,99.9,0.0,27.648,45.572831,27.648,0.0,-27.648,0.0,0.0,0.0,0.0,0.0,0.0,Optimal,3567.354144099998,3742376.15534414
4200,,105.63,30.0,0.0,74.372831,0.0,30.0,30.0,0.0,0.0,0.0,0.0,0.0,0.0,Optimal,3567.354144099998,3742376.15534414
4201,,95.1,0.0,30.0,43.122831,30.0,0.0,-30.0,0.0,0.0,0.0,0.0,0.0,0.0,Optimal,3567.354144099998,3742376.15534414
4202,,89.93,24.262009,0.0,66.41436,0.0,24.262009,24.262009,0.0,0.0,0.0,0.0,0.0,0.0,Optimal,3567.354144099998,3742376.15534414
4203,,84.9,0.0,30.0,35.16436,30.0,0.0,-30.0,0.0,0.0,0.0,0.0,0.0,0.0,Optimal,3567.354144099998,3742376.15534414
4204,,87.45,0.0,30.0,3.9143595,30.0,0.0,-30.0,0.0,0.0,0.0,0.0,0.0,0.0,Optimal,3567.354144099998,3742376.15534414
4205,,98.71,13.394241,0.0,16.772831,0.0,13.394241,13.394241,0.0,0.0,0.0,0.0,0.0,0.0,Optimal,3567.354144099998,3742376.15534414
4206,,133.14,30.0,0.0,45.572831,0.0,30.0,30.0,0.0,0.0,0.0,0.0,0.0,0.0,Optimal,3567.354144099998,3742376.15534414
4207,,129.35,30.0,0.0,74.372831,0.0,30.0,30.0,0.0,0.0,0.0,0.0,0.0,0.0,Optimal,3567.354144099998,3742376.15534414
4208,,98.64,0.0,0.0,74.372831,0.0,0.0,0.0,0.0,0.0,0.0,0.0,0.0,0.0,Optimal,3567.354144099998,3742376.15534414
4209,,75.6,0.0,0.0,74.372831,0.0,0.0,0.0,0.0,0.0,0.0,0.0,0.0,0.0,Optimal,3567.354144099998,3742376.15534414
4210,,50.62,0.0,0.0,74.372831,0.0,0.0,0.0,0.0,0.0,0.0,0.0,0.0,0.0,Optimal,3567.354144099998,3742376.15534414
4211,,34.3,0.0,0.0,74.372831,0.0,0.0,0.0,0.0,0.0,0.0,0.0,0.0,0.0,Optimal,3567.354144099998,3742376.15534414
4212,,31.08,0.0,7.6401325,66.41436,7.6401325,0.0,-7.6401325,0.0,0.0,0.0,0.0,0.0,0.0,Optimal,3567.354144099998,3742376.15534414
4213,,27.54,0.0,30.0,35.16436,30.0,0.0,-30.0,0.0,0.0,0.0,0.0,0.0,0.0,Optimal,3567.354144099998,3742376.15534414
4214,,26.0,0.0,30.0,3.9143595,30.0,0.0,-30.0,0.0,0.0,0.0,0.0,0.0,0.0,Optimal,3567.354144099998,3742376.15534414
4215,,31.84,0.0,0.0,3.9143595,0.0,0.0,0.0,0.0,0.0,0.0,0.0,0.0,0.0,Optimal,3567.354144099998,3742376.15534414
4216,,62.23,0.0,0.0,3.9143595,0.0,0.0,0.0,0.0,0.0,0.0,0.0,0.0,0.0,Optimal,3567.354144099998,3742376.15534414
4217,,79.89,0.0,0.0,3.9143595,0.0,0.0,0.0,0.0,0.0,0.0,0.0,0.0,0.0,Optimal,3567.354144099998,3742376.15534414
4218,,93.1,0.0,0.0,3.9143595,0.0,0.0,0.0,0.0,0.0,0.0,0.0,0.0,0.0,Optimal,3567.354144099998,3742376.15534414
4219,,151.9,13.394241,0.0,16.772831,0.0,13.394241,13.394241,0.0,0.0,0.0,0.0,0.0,0.0,Optimal,3567.354144099998,3742376.15534414
4220,,203.34,30.0,0.0,45.572831,0.0,30.0,30.0,0.0,0.0,0.0,0.0,0.0,0.0,Optimal,3567.354144099998,3742376.15534414
4221,,156.07,30.0,0.0,74.372831,0.0,30.0,30.0,0.0,0.0,0.0,0.0,0.0,0.0,Optimal,3567.354144099998,3742376.15534414
4222,,117.4,0.0,0.0,74.372831,0.0,0.0,0.0,0.0,0.0,0.0,0.0,0.0,0.0,Optimal,3567.354144099998,3742376.15534414
4223,,92.35,0.0,30.0,43.122831,30.0,0.0,-30.0,0.0,0.0,0.0,0.0,0.0,0.0,Optimal,3567.354144099998,3742376.15534414
4224,,88.8,30.0,0.0,71.922831,0.0,30.0,30.0,0.0,0.0,0.0,0.0,0.0,0.0,Optimal,3567.354144099998,3742376.15534414
4225,,84.8,0.0,30.0,40.672831,30.0,0.0,-30.0,0.0,0.0,0.0,0.0,0.0,0.0,Optimal,3567.354144099998,3742376.15534414
4226,,84.78,0.0,30.0,9.4228309,30.0,0.0,-30.0,0.0,0.0,0.0,0.0,0.0,0.0,Optimal,3567.354144099998,3742376.15534414
4227,,85.22,26.814092,0.0,35.16436,0.0,26.814092,26.814092,0.0,0.0,0.0,0.0,0.0,0.0,Optimal,3567.354144099998,3742376.15534414
4228,,85.5,0.0,30.0,3.9143595,30.0,0.0,-30.0,0.0,0.0,0.0,0.0,0.0,0.0,Optimal,3567.354144099998,3742376.15534414
4229,,94.9,0.0,0.0,3.9143595,0.0,0.0,0.0,0.0,0.0,0.0,0.0,0.0,0.0,Optimal,3567.354144099998,3742376.15534414
4230,,114.8,30.0,0.0,32.71436,0.0,30.0,30.0,0.0,0.0,0.0,0.0,0.0,0.0,Optimal,3567.354144099998,3742376.15534414
4231,,122.0,30.0,0.0,61.51436,0.0,30.0,30.0,0.0,0.0,0.0,0.0,0.0,0.0,Optimal,3567.354144099998,3742376.15534414
4232,,103.8,13.394241,0.0,74.372831,0.0,13.394241,13.394241,0.0,0.0,0.0,0.0,0.0,0.0,Optimal,3567.354144099998,3742376.15534414
4233,,74.64,0.0,0.0,74.372831,0.0,0.0,0.0,0.0,0.0,0.0,0.0,0.0,0.0,Optimal,3567.354144099998,3742376.15534414
4234,,35.69,0.0,0.0,74.372831,0.0,0.0,0.0,0.0,0.0,0.0,0.0,0.0,0.0,Optimal,3567.354144099998,3742376.15534414
4235,,11.8,0.0,0.0,74.372831,0.0,0.0,0.0,0.0,0.0,0.0,0.0,0.0,0.0,Optimal,3567.354144099998,3742376.15534414
4236,,-9.1,0.0,7.6401325,66.41436,7.6401325,0.0,-7.6401325,0.0,0.0,0.0,0.0,0.0,0.0,Optimal,3567.354144099998,3742376.15534414
4237,,-20.0,0.0,30.0,35.16436,30.0,0.0,-30.0,0.0,0.0,0.0,0.0,0.0,0.0,Optimal,3567.354144099998,3742376.15534414
4238,,-12.89,0.0,30.0,3.9143595,30.0,0.0,-30.0,0.0,0.0,0.0,0.0,0.0,0.0,Optimal,3567.354144099998,3742376.15534414
4239,,9.5,0.0,0.0,3.9143595,0.0,0.0,0.0,0.0,0.0,0.0,0.0,0.0,0.0,Optimal,3567.354144099998,3742376.15534414
4240,,25.0,0.0,0.0,3.9143595,0.0,0.0,0.0,0.0,0.0,0.0,0.0,0.0,0.0,Optimal,3567.354144099998,3742376.15534414
4241,,62.9,0.0,0.0,3.9143595,0.0,0.0,0.0,0.0,0.0,0.0,0.0,0.0,0.0,Optimal,3567.354144099998,3742376.15534414
4242,,78.9,0.0,0.0,3.9143595,0.0,0.0,0.0,0.0,0.0,0.0,0.0,0.0,0.0,Optimal,3567.354144099998,3742376.15534414
4243,,107.74,13.394241,0.0,16.772831,0.0,13.394241,13.394241,0.0,0.0,0.0,0.0,0.0,0.0,Optimal,3567.354144099998,3742376.15534414
4244,,125.89,30.0,0.0,45.572831,0.0,30.0,30.0,0.0,0.0,0.0,0.0,0.0,0.0,Optimal,3567.354144099998,3742376.15534414
4245,,122.09,30.0,0.0,74.372831,0.0,30.0,30.0,0.0,0.0,0.0,0.0,0.0,0.0,Optimal,3567.354144099998,3742376.15534414
4246,,106.57,0.0,25.296,48.022831,25.296,0.0,-25.296,0.0,0.0,0.0,0.0,0.0,0.0,Optimal,3567.354144099998,3742376.15534414
4247,,89.95,0.0,30.0,16.772831,30.0,0.0,-30.0,0.0,0.0,0.0,0.0,0.0,0.0,Optimal,3567.354144099998,3742376.15534414
4248,,107.27,30.0,0.0,45.572831,0.0,30.0,30.0,0.0,0.0,0.0,0.0,0.0,0.0,Optimal,3567.354144099998,3742376.15534414
4249,,99.91,30.0,0.0,74.372831,0.0,30.0,30.0,0.0,0.0,0.0,0.0,0.0,0.0,Optimal,3567.354144099998,3742376.15534414
4250,,95.32,0.0,30.0,43.122831,30.0,0.0,-30.0,0.0,0.0,0.0,0.0,0.0,0.0,Optimal,3567.354144099998,3742376.15534414
4251,,95.46,24.262009,0.0,66.41436,0.0,24.262009,24.262009,0.0,0.0,0.0,0.0,0.0,0.0,Optimal,3567.354144099998,3742376.15534414
4252,,91.69,0.0,30.0,35.16436,30.0,0.0,-30.0,0.0,0.0,0.0,0.0,0.0,0.0,Optimal,3567.354144099998,3742376.15534414
4253,,97.05,0.0,30.0,3.9143595,30.0,0.0,-30.0,0.0,0.0,0.0,0.0,0.0,0.0,Optimal,3567.354144099998,3742376.15534414
4254,,108.74,13.394241,0.0,16.772831,0.0,13.394241,13.394241,0.0,0.0,0.0,0.0,0.0,0.0,Optimal,3567.354144099998,3742376.15534414
4255,,130.0,30.0,0.0,45.572831,0.0,30.0,30.0,0.0,0.0,0.0,0.0,0.0,0.0,Optimal,3567.354144099998,3742376.15534414
4256,,121.1,30.0,0.0,74.372831,0.0,30.0,30.0,0.0,0.0,0.0,0.0,0.0,0.0,Optimal,3567.354144099998,3742376.15534414
4257,,101.76,0.0,0.0,74.372831,0.0,0.0,0.0,0.0,0.0,0.0,0.0,0.0,0.0,Optimal,3567.354144099998,3742376.15534414
4258,,89.88,0.0,27.648,45.572831,27.648,0.0,-27.648,0.0,0.0,0.0,0.0,0.0,0.0,Optimal,3567.354144099998,3742376.15534414
4259,,84.17,30.0,0.0,74.372831,0.0,30.0,30.0,0.0,0.0,0.0,0.0,0.0,0.0,Optimal,3567.354144099998,3742376.15534414
4260,,78.64,0.0,30.0,43.122831,30.0,0.0,-30.0,0.0,0.0,0.0,0.0,0.0,0.0,Optimal,3567.354144099998,3742376.15534414
4261,,76.54,0.0,30.0,11.872831,30.0,0.0,-30.0,0.0,0.0,0.0,0.0,0.0,0.0,Optimal,3567.354144099998,3742376.15534414
4262,,80.0,0.0,7.6401325,3.9143595,7.6401325,0.0,-7.6401325,0.0,0.0,0.0,0.0,0.0,0.0,Optimal,3567.354144099998,3742376.15534414
4263,,90.49,0.0,0.0,3.9143595,0.0,0.0,0.0,0.0,0.0,0.0,0.0,0.0,0.0,Optimal,3567.354144099998,3742376.15534414
4264,,99.91,2.5520833,0.0,6.3643595,0.0,2.5520833,2.5520833,0.0,0.0,0.0,0.0,0.0,0.0,Optimal,3567.354144099998,3742376.15534414
4265,,105.86,30.0,0.0,35.16436,0.0,30.0,30.0,0.0,0.0,0.0,0.0,0.0,0.0,Optimal,3567.354144099998,3742376.15534414
4266,,107.31,0.0,30.0,3.9143595,30.0,0.0,-30.0,0.0,0.0,0.0,0.0,0.0,0.0,Optimal,3567.354144099998,3742376.15534414
4267,,134.26,30.0,0.0,32.71436,0.0,30.0,30.0,0.0,0.0,0.0,0.0,0.0,0.0,Optimal,3567.354144099998,3742376.15534414
4268,,144.06,30.0,0.0,61.51436,0.0,30.0,30.0,0.0,0.0,0.0,0.0,0.0,0.0,Optimal,3567.354144099998,3742376.15534414
4269,,130.48,13.394241,0.0,74.372831,0.0,13.394241,13.394241,0.0,0.0,0.0,0.0,0.0,0.0,Optimal,3567.354144099998,3742376.15534414
4270,,117.48,0.0,27.648,45.572831,27.648,0.0,-27.648,0.0,0.0,0.0,0.0,0.0,0.0,Optimal,3567.354144099998,3742376.15534414
4271,,110.0,30.0,0.0,74.372831,0.0,30.0,30.0,0.0,0.0,0.0,0.0,0.0,0.0,Optimal,3567.354144099998,3742376.15534414
4272,,96.0,0.0,0.0,74.372831,0.0,0.0,0.0,0.0,0.0,0.0,0.0,0.0,0.0,Optimal,3567.354144099998,3742376.15534414
4273,,86.91,0.0,5.2881325,68.86436,5.2881325,0.0,-5.2881325,0.0,0.0,0.0,0.0,0.0,0.0,Optimal,3567.354144099998,3742376.15534414
4274,,80.5,0.0,30.0,37.61436,30.0,0.0,-30.0,0.0,0.0,0.0,0.0,0.0,0.0,Optimal,3567.354144099998,3742376.15534414
4275,,82.84,30.0,0.0,66.41436,0.0,30.0,30.0,0.0,0.0,0.0,0.0,0.0,0.0,Optimal,3567.354144099998,3742376.15534414
4276,,78.0,0.0,30.0,35.16436,30.0,0.0,-30.0,0.0,0.0,0.0,0.0,0.0,0.0,Optimal,3567.354144099998,3742376.15534414
4277,,83.24,0.0,30.0,3.9143595,30.0,0.0,-30.0,0.0,0.0,0.0,0.0,0.0,0.0,Optimal,3567.354144099998,3742376.15534414
4278,,114.0,13.394241,0.0,16.772831,0.0,13.394241,13.394241,0.0,0.0,0.0,0.0,0.0,0.0,Optimal,3567.354144099998,3742376.15534414
4279,,124.01,30.0,0.0,45.572831,0.0,30.0,30.0,0.0,0.0,0.0,0.0,0.0,0.0,Optimal,3567.354144099998,3742376.15534414
4280,,115.0,30.0,0.0,74.372831,0.0,30.0,30.0,0.0,0.0,0.0,0.0,0.0,0.0,Optimal,3567.354144099998,3742376.15534414
4281,,88.88,0.0,0.0,74.372831,0.0,0.0,0.0,0.0,0.0,0.0,0.0,0.0,0.0,Optimal,3567.354144099998,3742376.15534414
4282,,67.08,0.0,0.0,74.372831,0.0,0.0,0.0,0.0,0.0,0.0,0.0,0.0,0.0,Optimal,3567.354144099998,3742376.15534414
4283,,49.61,0.0,0.0,74.372831,0.0,0.0,0.0,0.0,0.0,0.0,0.0,0.0,0.0,Optimal,3567.354144099998,3742376.15534414
4284,,25.0,0.0,0.0,74.372831,0.0,0.0,0.0,0.0,0.0,0.0,0.0,0.0,0.0,Optimal,3567.354144099998,3742376.15534414
4285,,0.0,0.0,7.6401325,66.41436,7.6401325,0.0,-7.6401325,0.0,0.0,0.0,0.0,0.0,0.0,Optimal,3567.354144099998,3742376.15534414
4286,,-0.07,0.0,30.0,35.16436,30.0,0.0,-30.0,0.0,0.0,0.0,0.0,0.0,0.0,Optimal,3567.354144099998,3742376.15534414
4287,,0.0,0.0,30.0,3.9143595,30.0,0.0,-30.0,0.0,0.0,0.0,0.0,0.0,0.0,Optimal,3567.354144099998,3742376.15534414
4288,,19.52,0.0,0.0,3.9143595,0.0,0.0,0.0,0.0,0.0,0.0,0.0,0.0,0.0,Optimal,3567.354144099998,3742376.15534414
4289,,45.44,0.0,0.0,3.9143595,0.0,0.0,0.0,0.0,0.0,0.0,0.0,0.0,0.0,Optimal,3567.354144099998,3742376.15534414
4290,,70.73,0.0,0.0,3.9143595,0.0,0.0,0.0,0.0,0.0,0.0,0.0,0.0,0.0,Optimal,3567.354144099998,3742376.15534414
4291,,99.0,0.0,0.0,3.9143595,0.0,0.0,0.0,0.0,0.0,0.0,0.0,0.0,0.0,Optimal,3567.354144099998,3742376.15534414
4292,,132.0,30.0,0.0,32.71436,0.0,30.0,30.0,0.0,0.0,0.0,0.0,0.0,0.0,Optimal,3567.354144099998,3742376.15534414
4293,,125.0,30.0,0.0,61.51436,0.0,30.0,30.0,0.0,0.0,0.0,0.0,0.0,0.0,Optimal,3567.354144099998,3742376.15534414
4294,,106.9,13.394241,0.0,74.372831,0.0,13.394241,13.394241,0.0,0.0,0.0,0.0,0.0,0.0,Optimal,3567.354144099998,3742376.15534414
4295,,99.48,0.0,0.0,74.372831,0.0,0.0,0.0,0.0,0.0,0.0,0.0,0.0,0.0,Optimal,3567.354144099998,3742376.15534414
4296,,90.71,0.0,27.648,45.572831,27.648,0.0,-27.648,0.0,0.0,0.0,0.0,0.0,0.0,Optimal,3567.354144099998,3742376.15534414
4297,,89.91,30.0,0.0,74.372831,0.0,30.0,30.0,0.0,0.0,0.0,0.0,0.0,0.0,Optimal,3567.354144099998,3742376.15534414
4298,,80.45,0.0,7.6401325,66.41436,7.6401325,0.0,-7.6401325,0.0,0.0,0.0,0.0,0.0,0.0,Optimal,3567.354144099998,3742376.15534414
4299,,74.77,0.0,30.0,35.16436,30.0,0.0,-30.0,0.0,0.0,0.0,0.0,0.0,0.0,Optimal,3567.354144099998,3742376.15534414
4300,,78.3,0.0,30.0,3.9143595,30.0,0.0,-30.0,0.0,0.0,0.0,0.0,0.0,0.0,Optimal,3567.354144099998,3742376.15534414
4301,,84.9,13.394241,0.0,16.772831,0.0,13.394241,13.394241,0.0,0.0,0.0,0.0,0.0,0.0,Optimal,3567.354144099998,3742376.15534414
4302,,110.75,30.0,0.0,45.572831,0.0,30.0,30.0,0.0,0.0,0.0,0.0,0.0,0.0,Optimal,3567.354144099998,3742376.15534414
4303,,90.92,30.0,0.0,74.372831,0.0,30.0,30.0,0.0,0.0,0.0,0.0,0.0,0.0,Optimal,3567.354144099998,3742376.15534414
4304,,75.57,0.0,0.0,74.372831,0.0,0.0,0.0,0.0,0.0,0.0,0.0,0.0,0.0,Optimal,3567.354144099998,3742376.15534414
4305,,25.8,0.0,0.0,74.372831,0.0,0.0,0.0,0.0,0.0,0.0,0.0,0.0,0.0,Optimal,3567.354144099998,3742376.15534414
4306,,0.0,0.0,0.0,74.372831,0.0,0.0,0.0,0.0,0.0,0.0,0.0,0.0,0.0,Optimal,3567.354144099998,3742376.15534414
4307,,-10.06,0.0,0.0,74.372831,0.0,0.0,0.0,0.0,0.0,0.0,0.0,0.0,0.0,Optimal,3567.354144099998,3742376.15534414
4308,,-20.0,0.0,7.6401325,66.41436,7.6401325,0.0,-7.6401325,0.0,0.0,0.0,0.0,0.0,0.0,Optimal,3567.354144099998,3742376.15534414
4309,,-30.0,0.0,30.0,35.16436,30.0,0.0,-30.0,0.0,0.0,0.0,0.0,0.0,0.0,Optimal,3567.354144099998,3742376.15534414
4310,,-30.0,0.0,30.0,3.9143595,30.0,0.0,-30.0,0.0,0.0,0.0,0.0,0.0,0.0,Optimal,3567.354144099998,3742376.15534414
4311,,-15.1,0.0,0.0,3.9143595,0.0,0.0,0.0,0.0,0.0,0.0,0.0,0.0,0.0,Optimal,3567.354144099998,3742376.15534414
4312,,-7.92,0.0,0.0,3.9143595,0.0,0.0,0.0,0.0,0.0,0.0,0.0,0.0,0.0,Optimal,3567.354144099998,3742376.15534414
4313,,1.0,0.0,0.0,3.9143595,0.0,0.0,0.0,0.0,0.0,0.0,0.0,0.0,0.0,Optimal,3567.354144099998,3742376.15534414
4314,,45.0,0.0,0.0,3.9143595,0.0,0.0,0.0,0.0,0.0,0.0,0.0,0.0,0.0,Optimal,3567.354144099998,3742376.15534414
4315,,87.02,0.0,0.0,3.9143595,0.0,0.0,0.0,0.0,0.0,0.0,0.0,0.0,0.0,Optimal,3567.354144099998,3742376.15534414
4316,,110.13,13.394241,0.0,16.772831,0.0,13.394241,13.394241,0.0,0.0,0.0,0.0,0.0,0.0,Optimal,3567.354144099998,3742376.15534414
4317,,137.48,30.0,0.0,45.572831,0.0,30.0,30.0,0.0,0.0,0.0,0.0,0.0,0.0,Optimal,3567.354144099998,3742376.15534414
4318,,126.2,30.0,0.0,74.372831,0.0,30.0,30.0,0.0,0.0,0.0,0.0,0.0,0.0,Optimal,3567.354144099998,3742376.15534414
4319,,108.85,0.0,27.648,45.572831,27.648,0.0,-27.648,0.0,0.0,0.0,0.0,0.0,0.0,Optimal,3567.354144099998,3742376.15534414
4320,,110.71,30.0,0.0,74.372831,0.0,30.0,30.0,0.0,0.0,0.0,0.0,0.0,0.0,Optimal,3567.354144099998,3742376.15534414
4321,,108.29,0.0,27.648,45.572831,27.648,0.0,-27.648,0.0,0.0,0.0,0.0,0.0,0.0,Optimal,3567.354144099998,3742376.15534414
4322,,107.95,30.0,0.0,74.372831,0.0,30.0,30.0,0.0,0.0,0.0,0.0,0.0,0.0,Optimal,3567.354144099998,3742376.15534414
4323,,107.19,0.0,27.648,45.572831,27.648,0.0,-27.648,0.0,0.0,0.0,0.0,0.0,0.0,Optimal,3567.354144099998,3742376.15534414
4324,,105.34,30.0,0.0,74.372831,0.0,30.0,30.0,0.0,0.0,0.0,0.0,0.0,0.0,Optimal,3567.354144099998,3742376.15534414
4325,,102.13,0.0,27.648,45.572831,27.648,0.0,-27.648,0.0,0.0,0.0,0.0,0.0,0.0,Optimal,3567.354144099998,3742376.15534414
4326,,94.97,30.0,0.0,74.372831,0.0,30.0,30.0,0.0,0.0,0.0,0.0,0.0,0.0,Optimal,3567.354144099998,3742376.15534414
4327,,82.2,0.0,0.0,74.372831,0.0,0.0,0.0,0.0,0.0,0.0,0.0,0.0,0.0,Optimal,3567.354144099998,3742376.15534414
4328,,65.86,0.0,0.0,74.372831,0.0,0.0,0.0,0.0,0.0,0.0,0.0,0.0,0.0,Optimal,3567.354144099998,3742376.15534414
4329,,29.58,0.0,0.0,74.372831,0.0,0.0,0.0,0.0,0.0,0.0,0.0,0.0,0.0,Optimal,3567.354144099998,3742376.15534414
4330,,5.04,0.0,0.0,74.372831,0.0,0.0,0.0,0.0,0.0,0.0,0.0,0.0,0.0,Optimal,3567.354144099998,3742376.15534414
4331,,0.04,0.0,0.0,74.372831,0.0,0.0,0.0,0.0,0.0,0.0,0.0,0.0,0.0,Optimal,3567.354144099998,3742376.15534414
4332,,-0.01,0.0,7.6401325,66.41436,7.6401325,0.0,-7.6401325,0.0,0.0,0.0,0.0,0.0,0.0,Optimal,3567.354144099998,3742376.15534414
4333,,-0.24,0.0,30.0,35.16436,30.0,0.0,-30.0,0.0,0.0,0.0,0.0,0.0,0.0,Optimal,3567.354144099998,3742376.15534414
4334,,-0.08,0.0,30.0,3.9143595,30.0,0.0,-30.0,0.0,0.0,0.0,0.0,0.0,0.0,Optimal,3567.354144099998,3742376.15534414
4335,,1.36,0.0,0.0,3.9143595,0.0,0.0,0.0,0.0,0.0,0.0,0.0,0.0,0.0,Optimal,3567.354144099998,3742376.15534414
4336,,12.1,0.0,0.0,3.9143595,0.0,0.0,0.0,0.0,0.0,0.0,0.0,0.0,0.0,Optimal,3567.354144099998,3742376.15534414
4337,,68.34,0.0,0.0,3.9143595,0.0,0.0,0.0,0.0,0.0,0.0,0.0,0.0,0.0,Optimal,3567.354144099998,3742376.15534414
4338,,103.25,0.0,0.0,3.9143595,0.0,0.0,0.0,0.0,0.0,0.0,0.0,0.0,0.0,Optimal,3567.354144099998,3742376.15534414
4339,,126.93,30.0,0.0,32.71436,0.0,30.0,30.0,0.0,0.0,0.0,0.0,0.0,0.0,Optimal,3567.354144099998,3742376.15534414
4340,,139.0,30.0,0.0,61.51436,0.0,30.0,30.0,0.0,0.0,0.0,0.0,0.0,0.0,Optimal,3567.354144099998,3742376.15534414
4341,,113.5,13.394241,0.0,74.372831,0.0,13.394241,13.394241,0.0,0.0,0.0,0.0,0.0,0.0,Optimal,3567.354144099998,3742376.15534414
4342,,100.1,0.0,27.648,45.572831,27.648,0.0,-27.648,0.0,0.0,0.0,0.0,0.0,0.0,Optimal,3567.354144099998,3742376.15534414
4343,,93.81,30.0,0.0,74.372831,0.0,30.0,30.0,0.0,0.0,0.0,0.0,0.0,0.0,Optimal,3567.354144099998,3742376.15534414
4344,,80.7,0.0,30.0,43.122831,30.0,0.0,-30.0,0.0,0.0,0.0,0.0,0.0,0.0,Optimal,3567.354144099998,3742376.15534414
4345,,83.0,30.0,0.0,71.922831,0.0,30.0,30.0,0.0,0.0,0.0,0.0,0.0,0.0,Optimal,3567.354144099998,3742376.15534414
4346,,75.3,2.5520833,0.0,74.372831,0.0,2.5520833,2.5520833,0.0,0.0,0.0,0.0,0.0,0.0,Optimal,3567.354144099998,3742376.15534414
4347,,67.05,0.0,27.648,45.572831,27.648,0.0,-27.648,0.0,0.0,0.0,0.0,0.0,0.0,Optimal,3567.354144099998,3742376.15534414
4348,,64.36,30.0,0.0,74.372831,0.0,30.0,30.0,0.0,0.0,0.0,0.0,0.0,0.0,Optimal,3567.354144099998,3742376.15534414
4349,,51.39,0.0,27.648,45.572831,27.648,0.0,-27.648,0.0,0.0,0.0,0.0,0.0,0.0,Optimal,3567.354144099998,3742376.15534414
4350,,51.56,30.0,0.0,74.372831,0.0,30.0,30.0,0.0,0.0,0.0,0.0,0.0,0.0,Optimal,3567.354144099998,3742376.15534414
4351,,20.42,0.0,0.0,74.372831,0.0,0.0,0.0,0.0,0.0,0.0,0.0,0.0,0.0,Optimal,3567.354144099998,3742376.15534414
4352,,6.83,0.0,0.0,74.372831,0.0,0.0,0.0,0.0,0.0,0.0,0.0,0.0,0.0,Optimal,3567.354144099998,3742376.15534414
4353,,0.82,0.0,0.0,74.372831,0.0,0.0,0.0,0.0,0.0,0.0,0.0,0.0,0.0,Optimal,3567.354144099998,3742376.15534414
4354,,0.0,0.0,0.0,74.372831,0.0,0.0,0.0,0.0,0.0,0.0,0.0,0.0,0.0,Optimal,3567.354144099998,3742376.15534414
4355,,0.0,0.0,0.0,74.372831,0.0,0.0,0.0,0.0,0.0,0.0,0.0,0.0,0.0,Optimal,3567.354144099998,3742376.15534414
4356,,-0.02,0.0,7.6401325,66.41436,7.6401325,0.0,-7.6401325,0.0,0.0,0.0,0.0,0.0,0.0,Optimal,3567.354144099998,3742376.15534414
4357,,-1.51,0.0,30.0,35.16436,30.0,0.0,-30.0,0.0,0.0,0.0,0.0,0.0,0.0,Optimal,3567.354144099998,3742376.15534414
4358,,-1.09,0.0,30.0,3.9143595,30.0,0.0,-30.0,0.0,0.0,0.0,0.0,0.0,0.0,Optimal,3567.354144099998,3742376.15534414
4359,,0.0,0.0,0.0,3.9143595,0.0,0.0,0.0,0.0,0.0,0.0,0.0,0.0,0.0,Optimal,3567.354144099998,3742376.15534414
4360,,0.92,0.0,0.0,3.9143595,0.0,0.0,0.0,0.0,0.0,0.0,0.0,0.0,0.0,Optimal,3567.354144099998,3742376.15534414
4361,,30.92,0.0,0.0,3.9143595,0.0,0.0,0.0,0.0,0.0,0.0,0.0,0.0,0.0,Optimal,3567.354144099998,3742376.15534414
4362,,75.75,0.0,0.0,3.9143595,0.0,0.0,0.0,0.0,0.0,0.0,0.0,0.0,0.0,Optimal,3567.354144099998,3742376.15534414
4363,,87.26,0.0,0.0,3.9143595,0.0,0.0,0.0,0.0,0.0,0.0,0.0,0.0,0.0,Optimal,3567.354144099998,3742376.15534414
4364,,99.9,13.394241,0.0,16.772831,0.0,13.394241,13.394241,0.0,0.0,0.0,0.0,0.0,0.0,Optimal,3567.354144099998,3742376.15534414
4365,,104.0,30.0,0.0,45.572831,0.0,30.0,30.0,0.0,0.0,0.0,0.0,0.0,0.0,Optimal,3567.354144099998,3742376.15534414
4366,,107.28,30.0,0.0,74.372831,0.0,30.0,30.0,0.0,0.0,0.0,0.0,0.0,0.0,Optimal,3567.354144099998,3742376.15534414
4367,,93.2,0.0,27.648,45.572831,27.648,0.0,-27.648,0.0,0.0,0.0,0.0,0.0,0.0,Optimal,3567.354144099998,3742376.15534414
4368,,94.73,30.0,0.0,74.372831,0.0,30.0,30.0,0.0,0.0,0.0,0.0,0.0,0.0,Optimal,3567.354144099998,3742376.15534414
4369,,85.7,0.0,5.2881325,68.86436,5.2881325,0.0,-5.2881325,0.0,0.0,0.0,0.0,0.0,0.0,Optimal,3567.354144099998,3742376.15534414
4370,,78.19,0.0,30.0,37.61436,30.0,0.0,-30.0,0.0,0.0,0.0,0.0,0.0,0.0,Optimal,3567.354144099998,3742376.15534414
4371,,78.01,0.0,30.0,6.3643595,30.0,0.0,-30.0,0.0,0.0,0.0,0.0,0.0,0.0,Optimal,3567.354144099998,3742376.15534414
4372,,79.04,30.0,0.0,35.16436,0.0,30.0,30.0,0.0,0.0,0.0,0.0,0.0,0.0,Optimal,3567.354144099998,3742376.15534414
4373,,80.23,0.0,30.0,3.9143595,30.0,0.0,-30.0,0.0,0.0,0.0,0.0,0.0,0.0,Optimal,3567.354144099998,3742376.15534414
4374,,121.66,13.394241,0.0,16.772831,0.0,13.394241,13.394241,0.0,0.0,0.0,0.0,0.0,0.0,Optimal,3567.354144099998,3742376.15534414
4375,,136.51,30.0,0.0,45.572831,0.0,30.0,30.0,0.0,0.0,0.0,0.0,0.0,0.0,Optimal,3567.354144099998,3742376.15534414
4376,,132.4,30.0,0.0,74.372831,0.0,30.0,30.0,0.0,0.0,0.0,0.0,0.0,0.0,Optimal,3567.354144099998,3742376.15534414
4377,,109.6,0.0,0.0,74.372831,0.0,0.0,0.0,0.0,0.0,0.0,0.0,0.0,0.0,Optimal,3567.354144099998,3742376.15534414
4378,,100.6,0.0,0.0,74.372831,0.0,0.0,0.0,0.0,0.0,0.0,0.0,0.0,0.0,Optimal,3567.354144099998,3742376.15534414
4379,,86.09,0.0,0.0,74.372831,0.0,0.0,0.0,0.0,0.0,0.0,0.0,0.0,0.0,Optimal,3567.354144099998,3742376.15534414
4380,,73.79,0.0,0.0,74.372831,0.0,0.0,0.0,0.0,0.0,0.0,0.0,0.0,0.0,Optimal,3567.354144099998,3742376.15534414
4381,,66.63,0.0,0.0,74.372831,0.0,0.0,0.0,0.0,0.0,0.0,0.0,0.0,0.0,Optimal,3567.354144099998,3742376.15534414
4382,,37.74,0.0,7.6401325,66.41436,7.6401325,0.0,-7.6401325,0.0,0.0,0.0,0.0,0.0,0.0,Optimal,3567.354144099998,3742376.15534414
4383,,29.46,0.0,30.0,35.16436,30.0,0.0,-30.0,0.0,0.0,0.0,0.0,0.0,0.0,Optimal,3567.354144099998,3742376.15534414
4384,,31.06,0.0,30.0,3.9143595,30.0,0.0,-30.0,0.0,0.0,0.0,0.0,0.0,0.0,Optimal,3567.354144099998,3742376.15534414
4385,,55.0,0.0,0.0,3.9143595,0.0,0.0,0.0,0.0,0.0,0.0,0.0,0.0,0.0,Optimal,3567.354144099998,3742376.15534414
4386,,71.91,0.0,0.0,3.9143595,0.0,0.0,0.0,0.0,0.0,0.0,0.0,0.0,0.0,Optimal,3567.354144099998,3742376.15534414
4387,,98.72,0.0,0.0,3.9143595,0.0,0.0,0.0,0.0,0.0,0.0,0.0,0.0,0.0,Optimal,3567.354144099998,3742376.15534414
4388,,162.52,30.0,0.0,32.71436,0.0,30.0,30.0,0.0,0.0,0.0,0.0,0.0,0.0,Optimal,3567.354144099998,3742376.15534414
4389,,126.36,30.0,0.0,61.51436,0.0,30.0,30.0,0.0,0.0,0.0,0.0,0.0,0.0,Optimal,3567.354144099998,3742376.15534414
4390,,108.2,13.394241,0.0,74.372831,0.0,13.394241,13.394241,0.0,0.0,0.0,0.0,0.0,0.0,Optimal,3567.354144099998,3742376.15534414
4391,,87.65,0.0,27.648,45.572831,27.648,0.0,-27.648,0.0,0.0,0.0,0.0,0.0,0.0,Optimal,3567.354144099998,3742376.15534414
4392,,83.0,30.0,0.0,74.372831,0.0,30.0,30.0,0.0,0.0,0.0,0.0,0.0,0.0,Optimal,3567.354144099998,3742376.15534414
4393,,76.36,0.0,30.0,43.122831,30.0,0.0,-30.0,0.0,0.0,0.0,0.0,0.0,0.0,Optimal,3567.354144099998,3742376.15534414
4394,,76.38,30.0,0.0,71.922831,0.0,30.0,30.0,0.0,0.0,0.0,0.0,0.0,0.0,Optimal,3567.354144099998,3742376.15534414
4395,,75.74,0.0,30.0,40.672831,30.0,0.0,-30.0,0.0,0.0,0.0,0.0,0.0,0.0,Optimal,3567.354144099998,3742376.15534414
4396,,76.37,0.0,30.0,9.4228309,30.0,0.0,-30.0,0.0,0.0,0.0,0.0,0.0,0.0,Optimal,3567.354144099998,3742376.15534414
4397,,77.09,0.0,5.2881325,3.9143595,5.2881325,0.0,-5.2881325,0.0,0.0,0.0,0.0,0.0,0.0,Optimal,3567.354144099998,3742376.15534414
4398,,91.6,0.0,0.0,3.9143595,0.0,0.0,0.0,0.0,0.0,0.0,0.0,0.0,0.0,Optimal,3567.354144099998,3742376.15534414
4399,,98.23,13.394241,0.0,16.772831,0.0,13.394241,13.394241,0.0,0.0,0.0,0.0,0.0,0.0,Optimal,3567.354144099998,3742376.15534414
4400,,102.84,30.0,0.0,45.572831,0.0,30.0,30.0,0.0,0.0,0.0,0.0,0.0,0.0,Optimal,3567.354144099998,3742376.15534414
4401,,100.0,30.0,0.0,74.372831,0.0,30.0,30.0,0.0,0.0,0.0,0.0,0.0,0.0,Optimal,3567.354144099998,3742376.15534414
4402,,87.81,0.0,0.0,74.372831,0.0,0.0,0.0,0.0,0.0,0.0,0.0,0.0,0.0,Optimal,3567.354144099998,3742376.15534414
4403,,71.0,0.0,0.0,74.372831,0.0,0.0,0.0,0.0,0.0,0.0,0.0,0.0,0.0,Optimal,3567.354144099998,3742376.15534414
4404,,63.75,0.0,30.0,43.122831,30.0,0.0,-30.0,0.0,0.0,0.0,0.0,0.0,0.0,Optimal,3567.354144099998,3742376.15534414
4405,,60.36,26.814092,0.0,68.86436,0.0,26.814092,26.814092,0.0,0.0,0.0,0.0,0.0,0.0,Optimal,3567.354144099998,3742376.15534414
4406,,52.32,0.0,30.0,37.61436,30.0,0.0,-30.0,0.0,0.0,0.0,0.0,0.0,0.0,Optimal,3567.354144099998,3742376.15534414
4407,,50.72,0.0,30.0,6.3643595,30.0,0.0,-30.0,0.0,0.0,0.0,0.0,0.0,0.0,Optimal,3567.354144099998,3742376.15534414
4408,,62.7,30.0,0.0,35.16436,0.0,30.0,30.0,0.0,0.0,0.0,0.0,0.0,0.0,Optimal,3567.354144099998,3742376.15534414
4409,,64.84,0.0,30.0,3.9143595,30.0,0.0,-30.0,0.0,0.0,0.0,0.0,0.0,0.0,Optimal,3567.354144099998,3742376.15534414
4410,,78.16,0.0,0.0,3.9143595,0.0,0.0,0.0,0.0,0.0,0.0,0.0,0.0,0.0,Optimal,3567.354144099998,3742376.15534414
4411,,99.95,0.0,0.0,3.9143595,0.0,0.0,0.0,0.0,0.0,0.0,0.0,0.0,0.0,Optimal,3567.354144099998,3742376.15534414
4412,,111.45,30.0,0.0,32.71436,0.0,30.0,30.0,0.0,0.0,0.0,0.0,0.0,0.0,Optimal,3567.354144099998,3742376.15534414
4413,,110.25,30.0,0.0,61.51436,0.0,30.0,30.0,0.0,0.0,0.0,0.0,0.0,0.0,Optimal,3567.354144099998,3742376.15534414
4414,,108.94,0.0,12.951867,48.022831,12.951867,0.0,-12.951867,0.0,0.0,0.0,0.0,0.0,0.0,Optimal,3567.354144099998,3742376.15534414
4415,,98.65,0.0,30.0,16.772831,30.0,0.0,-30.0,0.0,0.0,0.0,0.0,0.0,0.0,Optimal,3567.354144099998,3742376.15534414
4416,,167.25,30.0,0.0,45.572831,0.0,30.0,30.0,0.0,0.0,0.0,0.0,0.0,0.0,Optimal,3567.354144099998,3742376.15534414
4417,,109.9,30.0,0.0,74.372831,0.0,30.0,30.0,0.0,0.0,0.0,0.0,0.0,0.0,Optimal,3567.354144099998,3742376.15534414
4418,,94.9,0.0,0.0,74.372831,0.0,0.0,0.0,0.0,0.0,0.0,0.0,0.0,0.0,Optimal,3567.354144099998,3742376.15534414
4419,,82.7,0.0,7.6401325,66.41436,7.6401325,0.0,-7.6401325,0.0,0.0,0.0,0.0,0.0,0.0,Optimal,3567.354144099998,3742376.15534414
4420,,82.7,0.0,30.0,35.16436,30.0,0.0,-30.0,0.0,0.0,0.0,0.0,0.0,0.0,Optimal,3567.354144099998,3742376.15534414
4421,,79.9,0.0,30.0,3.9143595,30.0,0.0,-30.0,0.0,0.0,0.0,0.0,0.0,0.0,Optimal,3567.354144099998,3742376.15534414
4422,,95.68,0.0,0.0,3.9143595,0.0,0.0,0.0,0.0,0.0,0.0,0.0,0.0,0.0,Optimal,3567.354144099998,3742376.15534414
4423,,113.29,30.0,0.0,32.71436,0.0,30.0,30.0,0.0,0.0,0.0,0.0,0.0,0.0,Optimal,3567.354144099998,3742376.15534414
4424,,113.0,30.0,0.0,61.51436,0.0,30.0,30.0,0.0,0.0,0.0,0.0,0.0,0.0,Optimal,3567.354144099998,3742376.15534414
4425,,98.0,13.394241,0.0,74.372831,0.0,13.394241,13.394241,0.0,0.0,0.0,0.0,0.0,0.0,Optimal,3567.354144099998,3742376.15534414
4426,,87.88,0.0,30.0,43.122831,30.0,0.0,-30.0,0.0,0.0,0.0,0.0,0.0,0.0,Optimal,3567.354144099998,3742376.15534414
4427,,90.41,30.0,0.0,71.922831,0.0,30.0,30.0,0.0,0.0,0.0,0.0,0.0,0.0,Optimal,3567.354144099998,3742376.15534414
4428,,89.9,2.5520833,0.0,74.372831,0.0,2.5520833,2.5520833,0.0,0.0,0.0,0.0,0.0,0.0,Optimal,3567.354144099998,3742376.15534414
4429,,80.0,0.0,0.0,74.372831,0.0,0.0,0.0,0.0,0.0,0.0,0.0,0.0,0.0,Optimal,3567.354144099998,3742376.15534414
4430,,61.64,0.0,7.6401325,66.41436,7.6401325,0.0,-7.6401325,0.0,0.0,0.0,0.0,0.0,0.0,Optimal,3567.354144099998,3742376.15534414
4431,,59.47,0.0,30.0,35.16436,30.0,0.0,-30.0,0.0,0.0,0.0,0.0,0.0,0.0,Optimal,3567.354144099998,3742376.15534414
4432,,60.09,0.0,30.0,3.9143595,30.0,0.0,-30.0,0.0,0.0,0.0,0.0,0.0,0.0,Optimal,3567.354144099998,3742376.15534414
4433,,79.17,0.0,0.0,3.9143595,0.0,0.0,0.0,0.0,0.0,0.0,0.0,0.0,0.0,Optimal,3567.354144099998,3742376.15534414
4434,,93.56,0.0,0.0,3.9143595,0.0,0.0,0.0,0.0,0.0,0.0,0.0,0.0,0.0,Optimal,3567.354144099998,3742376.15534414
4435,,111.45,30.0,0.0,32.71436,0.0,30.0,30.0,0.0,0.0,0.0,0.0,0.0,0.0,Optimal,3567.354144099998,3742376.15534414
4436,,154.18,30.0,0.0,61.51436,0.0,30.0,30.0,0.0,0.0,0.0,0.0,0.0,0.0,Optimal,3567.354144099998,3742376.15534414
4437,,105.13,13.394241,0.0,74.372831,0.0,13.394241,13.394241,0.0,0.0,0.0,0.0,0.0,0.0,Optimal,3567.354144099998,3742376.15534414
4438,,87.39,0.0,0.0,74.372831,0.0,0.0,0.0,0.0,0.0,0.0,0.0,0.0,0.0,Optimal,3567.354144099998,3742376.15534414
4439,,69.37,0.0,0.0,74.372831,0.0,0.0,0.0,0.0,0.0,0.0,0.0,0.0,0.0,Optimal,3567.354144099998,3742376.15534414
4440,,58.5,0.0,0.0,74.372831,0.0,0.0,0.0,0.0,0.0,0.0,0.0,0.0,0.0,Optimal,3567.354144099998,3742376.15534414
4441,,35.0,0.0,0.0,74.372831,0.0,0.0,0.0,0.0,0.0,0.0,0.0,0.0,0.0,Optimal,3567.354144099998,3742376.15534414
4442,,16.35,0.0,0.0,74.372831,0.0,0.0,0.0,0.0,0.0,0.0,0.0,0.0,0.0,Optimal,3567.354144099998,3742376.15534414
4443,,10.0,0.0,7.6401325,66.41436,7.6401325,0.0,-7.6401325,0.0,0.0,0.0,0.0,0.0,0.0,Optimal,3567.354144099998,3742376.15534414
4444,,7.43,0.0,30.0,35.16436,30.0,0.0,-30.0,0.0,0.0,0.0,0.0,0.0,0.0,Optimal,3567.354144099998,3742376.15534414
4445,,7.35,0.0,30.0,3.9143595,30.0,0.0,-30.0,0.0,0.0,0.0,0.0,0.0,0.0,Optimal,3567.354144099998,3742376.15534414
4446,,31.25,13.394241,0.0,16.772831,0.0,13.394241,13.394241,0.0,0.0,0.0,0.0,0.0,0.0,Optimal,3567.354144099998,3742376.15534414
4447,,34.91,30.0,0.0,45.572831,0.0,30.0,30.0,0.0,0.0,0.0,0.0,0.0,0.0,Optimal,3567.354144099998,3742376.15534414
4448,,32.86,30.0,0.0,74.372831,0.0,30.0,30.0,0.0,0.0,0.0,0.0,0.0,0.0,Optimal,3567.354144099998,3742376.15534414
4449,,22.23,0.0,0.0,74.372831,0.0,0.0,0.0,0.0,0.0,0.0,0.0,0.0,0.0,Optimal,3567.354144099998,3742376.15534414
4450,,-10.0,0.0,0.0,74.372831,0.0,0.0,0.0,0.0,0.0,0.0,0.0,0.0,0.0,Optimal,3567.354144099998,3742376.15534414
4451,,-35.69,0.0,0.0,74.372831,0.0,0.0,0.0,0.0,0.0,0.0,0.0,0.0,0.0,Optimal,3567.354144099998,3742376.15534414
4452,,-70.0,0.0,0.0,74.372831,0.0,0.0,0.0,0.0,0.0,0.0,0.0,0.0,0.0,Optimal,3567.354144099998,3742376.15534414
4453,,-137.8,0.0,30.0,43.122831,30.0,0.0,-30.0,0.0,0.0,0.0,0.0,0.0,0.0,Optimal,3567.354144099998,3742376.15534414
4454,,-149.0,0.0,30.0,11.872831,30.0,0.0,-30.0,0.0,0.0,0.0,0.0,0.0,0.0,Optimal,3567.354144099998,3742376.15534414
4455,,-80.0,0.0,7.6401325,3.9143595,7.6401325,0.0,-7.6401325,0.0,0.0,0.0,0.0,0.0,0.0,Optimal,3567.354144099998,3742376.15534414
4456,,-51.34,0.0,0.0,3.9143595,0.0,0.0,0.0,0.0,0.0,0.0,0.0,0.0,0.0,Optimal,3567.354144099998,3742376.15534414
4457,,-31.18,0.0,0.0,3.9143595,0.0,0.0,0.0,0.0,0.0,0.0,0.0,0.0,0.0,Optimal,3567.354144099998,3742376.15534414
4458,,-5.0,0.0,0.0,3.9143595,0.0,0.0,0.0,0.0,0.0,0.0,0.0,0.0,0.0,Optimal,3567.354144099998,3742376.15534414
4459,,40.77,0.0,0.0,3.9143595,0.0,0.0,0.0,0.0,0.0,0.0,0.0,0.0,0.0,Optimal,3567.354144099998,3742376.15534414
4460,,81.86,13.394241,0.0,16.772831,0.0,13.394241,13.394241,0.0,0.0,0.0,0.0,0.0,0.0,Optimal,3567.354144099998,3742376.15534414
4461,,107.98,30.0,0.0,45.572831,0.0,30.0,30.0,0.0,0.0,0.0,0.0,0.0,0.0,Optimal,3567.354144099998,3742376.15534414
4462,,82.8,30.0,0.0,74.372831,0.0,30.0,30.0,0.0,0.0,0.0,0.0,0.0,0.0,Optimal,3567.354144099998,3742376.15534414
4463,,61.27,0.0,0.0,74.372831,0.0,0.0,0.0,0.0,0.0,0.0,0.0,0.0,0.0,Optimal,3567.354144099998,3742376.15534414
4464,,13.54,0.0,0.0,74.372831,0.0,0.0,0.0,0.0,0.0,0.0,0.0,0.0,0.0,Optimal,3567.354144099998,3742376.15534414
4465,,6.37,0.0,0.0,74.372831,0.0,0.0,0.0,0.0,0.0,0.0,0.0,0.0,0.0,Optimal,3567.354144099998,3742376.15534414
4466,,4.0,0.0,7.6401325,66.41436,7.6401325,0.0,-7.6401325,0.0,0.0,0.0,0.0,0.0,0.0,Optimal,3567.354144099998,3742376.15534414
4467,,2.67,0.0,30.0,35.16436,30.0,0.0,-30.0,0.0,0.0,0.0,0.0,0.0,0.0,Optimal,3567.354144099998,3742376.15534414
4468,,2.92,0.0,30.0,3.9143595,30.0,0.0,-30.0,0.0,0.0,0.0,0.0,0.0,0.0,Optimal,3567.354144099998,3742376.15534414
4469,,5.72,0.0,0.0,3.9143595,0.0,0.0,0.0,0.0,0.0,0.0,0.0,0.0,0.0,Optimal,3567.354144099998,3742376.15534414
4470,,20.18,13.394241,0.0,16.772831,0.0,13.394241,13.394241,0.0,0.0,0.0,0.0,0.0,0.0,Optimal,3567.354144099998,3742376.15534414
4471,,30.95,30.0,0.0,45.572831,0.0,30.0,30.0,0.0,0.0,0.0,0.0,0.0,0.0,Optimal,3567.354144099998,3742376.15534414
4472,,39.7,30.0,0.0,74.372831,0.0,30.0,30.0,0.0,0.0,0.0,0.0,0.0,0.0,Optimal,3567.354144099998,3742376.15534414
4473,,18.56,0.0,0.0,74.372831,0.0,0.0,0.0,0.0,0.0,0.0,0.0,0.0,0.0,Optimal,3567.354144099998,3742376.15534414
4474,,2.96,0.0,0.0,74.372831,0.0,0.0,0.0,0.0,0.0,0.0,0.0,0.0,0.0,Optimal,3567.354144099998,3742376.15534414
4475,,0.42,0.0,0.0,74.372831,0.0,0.0,0.0,0.0,0.0,0.0,0.0,0.0,0.0,Optimal,3567.354144099998,3742376.15534414
4476,,0.1,0.0,0.0,74.372831,0.0,0.0,0.0,0.0,0.0,0.0,0.0,0.0,0.0,Optimal,3567.354144099998,3742376.15534414
4477,,-0.55,0.0,30.0,43.122831,30.0,0.0,-30.0,0.0,0.0,0.0,0.0,0.0,0.0,Optimal,3567.354144099998,3742376.15534414
4478,,-0.77,0.0,30.0,11.872831,30.0,0.0,-30.0,0.0,0.0,0.0,0.0,0.0,0.0,Optimal,3567.354144099998,3742376.15534414
4479,,-0.01,0.0,7.6401325,3.9143595,7.6401325,0.0,-7.6401325,0.0,0.0,0.0,0.0,0.0,0.0,Optimal,3567.354144099998,3742376.15534414
4480,,1.97,0.0,0.0,3.9143595,0.0,0.0,0.0,0.0,0.0,0.0,0.0,0.0,0.0,Optimal,3567.354144099998,3742376.15534414
4481,,16.97,0.0,0.0,3.9143595,0.0,0.0,0.0,0.0,0.0,0.0,0.0,0.0,0.0,Optimal,3567.354144099998,3742376.15534414
4482,,64.26,0.0,0.0,3.9143595,0.0,0.0,0.0,0.0,0.0,0.0,0.0,0.0,0.0,Optimal,3567.354144099998,3742376.15534414
4483,,90.81,0.0,0.0,3.9143595,0.0,0.0,0.0,0.0,0.0,0.0,0.0,0.0,0.0,Optimal,3567.354144099998,3742376.15534414
4484,,132.64,30.0,0.0,32.71436,0.0,30.0,30.0,0.0,0.0,0.0,0.0,0.0,0.0,Optimal,3567.354144099998,3742376.15534414
4485,,132.12,30.0,0.0,61.51436,0.0,30.0,30.0,0.0,0.0,0.0,0.0,0.0,0.0,Optimal,3567.354144099998,3742376.15534414
4486,,105.65,13.394241,0.0,74.372831,0.0,13.394241,13.394241,0.0,0.0,0.0,0.0,0.0,0.0,Optimal,3567.354144099998,3742376.15534414
4487,,85.29,0.0,27.648,45.572831,27.648,0.0,-27.648,0.0,0.0,0.0,0.0,0.0,0.0,Optimal,3567.354144099998,3742376.15534414
4488,,85.52,30.0,0.0,74.372831,0.0,30.0,30.0,0.0,0.0,0.0,0.0,0.0,0.0,Optimal,3567.354144099998,3742376.15534414
4489,,66.06,0.0,0.0,74.372831,0.0,0.0,0.0,0.0,0.0,0.0,0.0,0.0,0.0,Optimal,3567.354144099998,3742376.15534414
4490,,58.94,0.0,0.0,74.372831,0.0,0.0,0.0,0.0,0.0,0.0,0.0,0.0,0.0,Optimal,3567.354144099998,3742376.15534414
4491,,43.35,0.0,0.0,74.372831,0.0,0.0,0.0,0.0,0.0,0.0,0.0,0.0,0.0,Optimal,3567.354144099998,3742376.15534414
4492,,35.82,0.0,0.0,74.372831,0.0,0.0,0.0,0.0,0.0,0.0,0.0,0.0,0.0,Optimal,3567.354144099998,3742376.15534414
4493,,15.03,0.0,0.0,74.372831,0.0,0.0,0.0,0.0,0.0,0.0,0.0,0.0,0.0,Optimal,3567.354144099998,3742376.15534414
4494,,5.93,0.0,0.0,74.372831,0.0,0.0,0.0,0.0,0.0,0.0,0.0,0.0,0.0,Optimal,3567.354144099998,3742376.15534414
4495,,5.37,0.0,0.0,74.372831,0.0,0.0,0.0,0.0,0.0,0.0,0.0,0.0,0.0,Optimal,3567.354144099998,3742376.15534414
4496,,3.4,0.0,0.0,74.372831,0.0,0.0,0.0,0.0,0.0,0.0,0.0,0.0,0.0,Optimal,3567.354144099998,3742376.15534414
4497,,0.0,0.0,0.0,74.372831,0.0,0.0,0.0,0.0,0.0,0.0,0.0,0.0,0.0,Optimal,3567.354144099998,3742376.15534414
4498,,-10.0,0.0,0.0,74.372831,0.0,0.0,0.0,0.0,0.0,0.0,0.0,0.0,0.0,Optimal,3567.354144099998,3742376.15534414
4499,,-29.03,0.0,0.0,74.372831,0.0,0.0,0.0,0.0,0.0,0.0,0.0,0.0,0.0,Optimal,3567.354144099998,3742376.15534414
4500,,-34.32,0.0,0.0,74.372831,0.0,0.0,0.0,0.0,0.0,0.0,0.0,0.0,0.0,Optimal,3567.354144099998,3742376.15534414
4501,,-52.74,0.0,0.0,74.372831,0.0,0.0,0.0,0.0,0.0,0.0,0.0,0.0,0.0,Optimal,3567.354144099998,3742376.15534414
4502,,-69.79,0.0,7.6401325,66.41436,7.6401325,0.0,-7.6401325,0.0,0.0,0.0,0.0,0.0,0.0,Optimal,3567.354144099998,3742376.15534414
4503,,-116.61,0.0,30.0,35.16436,30.0,0.0,-30.0,0.0,0.0,0.0,0.0,0.0,0.0,Optimal,3567.354144099998,3742376.15534414
4504,,-92.44,0.0,30.0,3.9143595,30.0,0.0,-30.0,0.0,0.0,0.0,0.0,0.0,0.0,Optimal,3567.354144099998,3742376.15534414
4505,,-49.71,0.0,0.0,3.9143595,0.0,0.0,0.0,0.0,0.0,0.0,0.0,0.0,0.0,Optimal,3567.354144099998,3742376.15534414
4506,,-10.0,0.0,0.0,3.9143595,0.0,0.0,0.0,0.0,0.0,0.0,0.0,0.0,0.0,Optimal,3567.354144099998,3742376.15534414
4507,,-2.5,0.0,0.0,3.9143595,0.0,0.0,0.0,0.0,0.0,0.0,0.0,0.0,0.0,Optimal,3567.354144099998,3742376.15534414
4508,,6.61,0.0,0.0,3.9143595,0.0,0.0,0.0,0.0,0.0,0.0,0.0,0.0,0.0,Optimal,3567.354144099998,3742376.15534414
4509,,9.59,13.394241,0.0,16.772831,0.0,13.394241,13.394241,0.0,0.0,0.0,0.0,0.0,0.0,Optimal,3567.354144099998,3742376.15534414
4510,,18.47,30.0,0.0,45.572831,0.0,30.0,30.0,0.0,0.0,0.0,0.0,0.0,0.0,Optimal,3567.354144099998,3742376.15534414
4511,,14.92,30.0,0.0,74.372831,0.0,30.0,30.0,0.0,0.0,0.0,0.0,0.0,0.0,Optimal,3567.354144099998,3742376.15534414
4512,,0.46,0.0,0.0,74.372831,0.0,0.0,0.0,0.0,0.0,0.0,0.0,0.0,0.0,Optimal,3567.354144099998,3742376.15534414
4513,,0.35,0.0,0.0,74.372831,0.0,0.0,0.0,0.0,0.0,0.0,0.0,0.0,0.0,Optimal,3567.354144099998,3742376.15534414
4514,,-0.32,0.0,30.0,43.122831,30.0,0.0,-30.0,0.0,0.0,0.0,0.0,0.0,0.0,Optimal,3567.354144099998,3742376.15534414
4515,,0.0,0.0,30.0,11.872831,30.0,0.0,-30.0,0.0,0.0,0.0,0.0,0.0,0.0,Optimal,3567.354144099998,3742376.15534414
4516,,0.34,30.0,0.0,40.672831,0.0,30.0,30.0,0.0,0.0,0.0,0.0,0.0,0.0,Optimal,3567.354144099998,3742376.15534414
4517,,0.25,30.0,0.0,69.472831,0.0,30.0,30.0,0.0,0.0,0.0,0.0,0.0,0.0,Optimal,3567.354144099998,3742376.15534414
4518,,0.04,5.1041667,0.0,74.372831,0.0,5.1041667,5.1041667,0.0,0.0,0.0,0.0,0.0,0.0,Optimal,3567.354144099998,3742376.15534414
4519,,0.0,0.0,0.0,74.372831,0.0,0.0,0.0,0.0,0.0,0.0,0.0,0.0,0.0,Optimal,3567.354144099998,3742376.15534414
4520,,-0.6,0.0,0.0,74.372831,0.0,0.0,0.0,0.0,0.0,0.0,0.0,0.0,0.0,Optimal,3567.354144099998,3742376.15534414
4521,,-6.61,0.0,0.0,74.372831,0.0,0.0,0.0,0.0,0.0,0.0,0.0,0.0,0.0,Optimal,3567.354144099998,3742376.15534414
4522,,-10.1,0.0,0.0,74.372831,0.0,0.0,0.0,0.0,0.0,0.0,0.0,0.0,0.0,Optimal,3567.354144099998,3742376.15534414
4523,,-12.92,0.0,0.0,74.372831,0.0,0.0,0.0,0.0,0.0,0.0,0.0,0.0,0.0,Optimal,3567.354144099998,3742376.15534414
4524,,-13.65,0.0,7.6401325,66.41436,7.6401325,0.0,-7.6401325,0.0,0.0,0.0,0.0,0.0,0.0,Optimal,3567.354144099998,3742376.15534414
4525,,-22.62,0.0,30.0,35.16436,30.0,0.0,-30.0,0.0,0.0,0.0,0.0,0.0,0.0,Optimal,3567.354144099998,3742376.15534414
4526,,-21.0,0.0,30.0,3.9143595,30.0,0.0,-30.0,0.0,0.0,0.0,0.0,0.0,0.0,Optimal,3567.354144099998,3742376.15534414
4527,,-12.21,0.0,0.0,3.9143595,0.0,0.0,0.0,0.0,0.0,0.0,0.0,0.0,0.0,Optimal,3567.354144099998,3742376.15534414
4528,,-6.28,0.0,0.0,3.9143595,0.0,0.0,0.0,0.0,0.0,0.0,0.0,0.0,0.0,Optimal,3567.354144099998,3742376.15534414
4529,,-1.59,0.0,0.0,3.9143595,0.0,0.0,0.0,0.0,0.0,0.0,0.0,0.0,0.0,Optimal,3567.354144099998,3742376.15534414
4530,,58.56,0.0,0.0,3.9143595,0.0,0.0,0.0,0.0,0.0,0.0,0.0,0.0,0.0,Optimal,3567.354144099998,3742376.15534414
4531,,86.31,0.0,0.0,3.9143595,0.0,0.0,0.0,0.0,0.0,0.0,0.0,0.0,0.0,Optimal,3567.354144099998,3742376.15534414
4532,,119.05,30.0,0.0,32.71436,0.0,30.0,30.0,0.0,0.0,0.0,0.0,0.0,0.0,Optimal,3567.354144099998,3742376.15534414
4533,,127.05,30.0,0.0,61.51436,0.0,30.0,30.0,0.0,0.0,0.0,0.0,0.0,0.0,Optimal,3567.354144099998,3742376.15534414
4534,,114.44,13.394241,0.0,74.372831,0.0,13.394241,13.394241,0.0,0.0,0.0,0.0,0.0,0.0,Optimal,3567.354144099998,3742376.15534414
4535,,96.86,0.0,0.0,74.372831,0.0,0.0,0.0,0.0,0.0,0.0,0.0,0.0,0.0,Optimal,3567.354144099998,3742376.15534414
4536,,81.67,0.0,0.0,74.372831,0.0,0.0,0.0,0.0,0.0,0.0,0.0,0.0,0.0,Optimal,3567.354144099998,3742376.15534414
4537,,76.65,0.0,30.0,43.122831,30.0,0.0,-30.0,0.0,0.0,0.0,0.0,0.0,0.0,Optimal,3567.354144099998,3742376.15534414
4538,,73.3,0.0,30.0,11.872831,30.0,0.0,-30.0,0.0,0.0,0.0,0.0,0.0,0.0,Optimal,3567.354144099998,3742376.15534414
4539,,76.59,30.0,0.0,40.672831,0.0,30.0,30.0,0.0,0.0,0.0,0.0,0.0,0.0,Optimal,3567.354144099998,3742376.15534414
4540,,75.49,0.0,30.0,9.4228309,30.0,0.0,-30.0,0.0,0.0,0.0,0.0,0.0,0.0,Optimal,3567.354144099998,3742376.15534414
4541,,79.44,0.0,5.2881325,3.9143595,5.2881325,0.0,-5.2881325,0.0,0.0,0.0,0.0,0.0,0.0,Optimal,3567.354144099998,3742376.15534414
4542,,110.0,30.0,0.0,32.71436,0.0,30.0,30.0,0.0,0.0,0.0,0.0,0.0,0.0,Optimal,3567.354144099998,3742376.15534414
4543,,123.36,30.0,0.0,61.51436,0.0,30.0,30.0,0.0,0.0,0.0,0.0,0.0,0.0,Optimal,3567.354144099998,3742376.15534414
4544,,101.24,13.394241,0.0,74.372831,0.0,13.394241,13.394241,0.0,0.0,0.0,0.0,0.0,0.0,Optimal,3567.354144099998,3742376.15534414
4545,,77.86,0.0,0.0,74.372831,0.0,0.0,0.0,0.0,0.0,0.0,0.0,0.0,0.0,Optimal,3567.354144099998,3742376.15534414
4546,,54.2,0.0,0.0,74.372831,0.0,0.0,0.0,0.0,0.0,0.0,0.0,0.0,0.0,Optimal,3567.354144099998,3742376.15534414
4547,,38.98,0.0,0.0,74.372831,0.0,0.0,0.0,0.0,0.0,0.0,0.0,0.0,0.0,Optimal,3567.354144099998,3742376.15534414
4548,,32.14,0.0,7.6401325,66.41436,7.6401325,0.0,-7.6401325,0.0,0.0,0.0,0.0,0.0,0.0,Optimal,3567.354144099998,3742376.15534414
4549,,29.87,0.0,30.0,35.16436,30.0,0.0,-30.0,0.0,0.0,0.0,0.0,0.0,0.0,Optimal,3567.354144099998,3742376.15534414
4550,,29.9,0.0,30.0,3.9143595,30.0,0.0,-30.0,0.0,0.0,0.0,0.0,0.0,0.0,Optimal,3567.354144099998,3742376.15534414
4551,,37.27,0.0,0.0,3.9143595,0.0,0.0,0.0,0.0,0.0,0.0,0.0,0.0,0.0,Optimal,3567.354144099998,3742376.15534414
4552,,63.42,0.0,0.0,3.9143595,0.0,0.0,0.0,0.0,0.0,0.0,0.0,0.0,0.0,Optimal,3567.354144099998,3742376.15534414
4553,,81.37,0.0,0.0,3.9143595,0.0,0.0,0.0,0.0,0.0,0.0,0.0,0.0,0.0,Optimal,3567.354144099998,3742376.15534414
4554,,101.52,0.0,0.0,3.9143595,0.0,0.0,0.0,0.0,0.0,0.0,0.0,0.0,0.0,Optimal,3567.354144099998,3742376.15534414
4555,,135.0,13.394241,0.0,16.772831,0.0,13.394241,13.394241,0.0,0.0,0.0,0.0,0.0,0.0,Optimal,3567.354144099998,3742376.15534414
4556,,249.01,30.0,0.0,45.572831,0.0,30.0,30.0,0.0,0.0,0.0,0.0,0.0,0.0,Optimal,3567.354144099998,3742376.15534414
4557,,169.23,30.0,0.0,74.372831,0.0,30.0,30.0,0.0,0.0,0.0,0.0,0.0,0.0,Optimal,3567.354144099998,3742376.15534414
4558,,113.73,0.0,0.0,74.372831,0.0,0.0,0.0,0.0,0.0,0.0,0.0,0.0,0.0,Optimal,3567.354144099998,3742376.15534414
4559,,91.88,0.0,27.648,45.572831,27.648,0.0,-27.648,0.0,0.0,0.0,0.0,0.0,0.0,Optimal,3567.354144099998,3742376.15534414
4560,,101.69,30.0,0.0,74.372831,0.0,30.0,30.0,0.0,0.0,0.0,0.0,0.0,0.0,Optimal,3567.354144099998,3742376.15534414
4561,,91.07,0.0,27.648,45.572831,27.648,0.0,-27.648,0.0,0.0,0.0,0.0,0.0,0.0,Optimal,3567.354144099998,3742376.15534414
4562,,86.98,30.0,0.0,74.372831,0.0,30.0,30.0,0.0,0.0,0.0,0.0,0.0,0.0,Optimal,3567.354144099998,3742376.15534414
4563,,83.52,0.0,30.0,43.122831,30.0,0.0,-30.0,0.0,0.0,0.0,0.0,0.0,0.0,Optimal,3567.354144099998,3742376.15534414
4564,,80.17,0.0,30.0,11.872831,30.0,0.0,-30.0,0.0,0.0,0.0,0.0,0.0,0.0,Optimal,3567.354144099998,3742376.15534414
4565,,88.89,0.0,7.6401325,3.9143595,7.6401325,0.0,-7.6401325,0.0,0.0,0.0,0.0,0.0,0.0,Optimal,3567.354144099998,3742376.15534414
4566,,101.92,30.0,0.0,32.71436,0.0,30.0,30.0,0.0,0.0,0.0,0.0,0.0,0.0,Optimal,3567.354144099998,3742376.15534414
4567,,100.12,30.0,0.0,61.51436,0.0,30.0,30.0,0.0,0.0,0.0,0.0,0.0,0.0,Optimal,3567.354144099998,3742376.15534414
4568,,91.7,13.394241,0.0,74.372831,0.0,13.394241,13.394241,0.0,0.0,0.0,0.0,0.0,0.0,Optimal,3567.354144099998,3742376.15534414
4569,,67.02,0.0,0.0,74.372831,0.0,0.0,0.0,0.0,0.0,0.0,0.0,0.0,0.0,Optimal,3567.354144099998,3742376.15534414
4570,,46.63,0.0,0.0,74.372831,0.0,0.0,0.0,0.0,0.0,0.0,0.0,0.0,0.0,Optimal,3567.354144099998,3742376.15534414
4571,,33.71,0.0,0.0,74.372831,0.0,0.0,0.0,0.0,0.0,0.0,0.0,0.0,0.0,Optimal,3567.354144099998,3742376.15534414
4572,,21.95,0.0,0.0,74.372831,0.0,0.0,0.0,0.0,0.0,0.0,0.0,0.0,0.0,Optimal,3567.354144099998,3742376.15534414
4573,,6.57,0.0,30.0,43.122831,30.0,0.0,-30.0,0.0,0.0,0.0,0.0,0.0,0.0,Optimal,3567.354144099998,3742376.15534414
4574,,4.34,0.0,30.0,11.872831,30.0,0.0,-30.0,0.0,0.0,0.0,0.0,0.0,0.0,Optimal,3567.354144099998,3742376.15534414
4575,,11.17,0.0,7.6401325,3.9143595,7.6401325,0.0,-7.6401325,0.0,0.0,0.0,0.0,0.0,0.0,Optimal,3567.354144099998,3742376.15534414
4576,,49.32,0.0,0.0,3.9143595,0.0,0.0,0.0,0.0,0.0,0.0,0.0,0.0,0.0,Optimal,3567.354144099998,3742376.15534414
4577,,79.47,0.0,0.0,3.9143595,0.0,0.0,0.0,0.0,0.0,0.0,0.0,0.0,0.0,Optimal,3567.354144099998,3742376.15534414
4578,,101.49,0.0,0.0,3.9143595,0.0,0.0,0.0,0.0,0.0,0.0,0.0,0.0,0.0,Optimal,3567.354144099998,3742376.15534414
4579,,143.6,30.0,0.0,32.71436,0.0,30.0,30.0,0.0,0.0,0.0,0.0,0.0,0.0,Optimal,3567.354144099998,3742376.15534414
4580,,143.13,30.0,0.0,61.51436,0.0,30.0,30.0,0.0,0.0,0.0,0.0,0.0,0.0,Optimal,3567.354144099998,3742376.15534414
4581,,108.68,13.394241,0.0,74.372831,0.0,13.394241,13.394241,0.0,0.0,0.0,0.0,0.0,0.0,Optimal,3567.354144099998,3742376.15534414
4582,,87.39,0.0,30.0,43.122831,30.0,0.0,-30.0,0.0,0.0,0.0,0.0,0.0,0.0,Optimal,3567.354144099998,3742376.15534414
4583,,100.0,30.0,0.0,71.922831,0.0,30.0,30.0,0.0,0.0,0.0,0.0,0.0,0.0,Optimal,3567.354144099998,3742376.15534414
4584,,99.9,2.5520833,0.0,74.372831,0.0,2.5520833,2.5520833,0.0,0.0,0.0,0.0,0.0,0.0,Optimal,3567.354144099998,3742376.15534414
4585,,79.9,0.0,27.648,45.572831,27.648,0.0,-27.648,0.0,0.0,0.0,0.0,0.0,0.0,Optimal,3567.354144099998,3742376.15534414
4586,,95.0,30.0,0.0,74.372831,0.0,30.0,30.0,0.0,0.0,0.0,0.0,0.0,0.0,Optimal,3567.354144099998,3742376.15534414
4587,,76.3,0.0,7.6401325,66.41436,7.6401325,0.0,-7.6401325,0.0,0.0,0.0,0.0,0.0,0.0,Optimal,3567.354144099998,3742376.15534414
4588,,60.1,0.0,30.0,35.16436,30.0,0.0,-30.0,0.0,0.0,0.0,0.0,0.0,0.0,Optimal,3567.354144099998,3742376.15534414
4589,,65.32,0.0,30.0,3.9143595,30.0,0.0,-30.0,0.0,0.0,0.0,0.0,0.0,0.0,Optimal,3567.354144099998,3742376.15534414
4590,,83.37,0.0,0.0,3.9143595,0.0,0.0,0.0,0.0,0.0,0.0,0.0,0.0,0.0,Optimal,3567.354144099998,3742376.15534414
4591,,104.57,30.0,0.0,32.71436,0.0,30.0,30.0,0.0,0.0,0.0,0.0,0.0,0.0,Optimal,3567.354144099998,3742376.15534414
4592,,102.0,30.0,0.0,61.51436,0.0,30.0,30.0,0.0,0.0,0.0,0.0,0.0,0.0,Optimal,3567.354144099998,3742376.15534414
4593,,84.93,13.394241,0.0,74.372831,0.0,13.394241,13.394241,0.0,0.0,0.0,0.0,0.0,0.0,Optimal,3567.354144099998,3742376.15534414
4594,,65.0,0.0,0.0,74.372831,0.0,0.0,0.0,0.0,0.0,0.0,0.0,0.0,0.0,Optimal,3567.354144099998,3742376.15534414
4595,,55.77,0.0,0.0,74.372831,0.0,0.0,0.0,0.0,0.0,0.0,0.0,0.0,0.0,Optimal,3567.354144099998,3742376.15534414
4596,,47.13,0.0,0.0,74.372831,0.0,0.0,0.0,0.0,0.0,0.0,0.0,0.0,0.0,Optimal,3567.354144099998,3742376.15534414
4597,,36.68,0.0,0.0,74.372831,0.0,0.0,0.0,0.0,0.0,0.0,0.0,0.0,0.0,Optimal,3567.354144099998,3742376.15534414
4598,,27.15,0.0,7.6401325,66.41436,7.6401325,0.0,-7.6401325,0.0,0.0,0.0,0.0,0.0,0.0,Optimal,3567.354144099998,3742376.15534414
4599,,-1.0,0.0,30.0,35.16436,30.0,0.0,-30.0,0.0,0.0,0.0,0.0,0.0,0.0,Optimal,3567.354144099998,3742376.15534414
4600,,1.33,0.0,30.0,3.9143595,30.0,0.0,-30.0,0.0,0.0,0.0,0.0,0.0,0.0,Optimal,3567.354144099998,3742376.15534414
4601,,35.22,0.0,0.0,3.9143595,0.0,0.0,0.0,0.0,0.0,0.0,0.0,0.0,0.0,Optimal,3567.354144099998,3742376.15534414
4602,,79.77,0.0,0.0,3.9143595,0.0,0.0,0.0,0.0,0.0,0.0,0.0,0.0,0.0,Optimal,3567.354144099998,3742376.15534414
4603,,99.72,0.0,0.0,3.9143595,0.0,0.0,0.0,0.0,0.0,0.0,0.0,0.0,0.0,Optimal,3567.354144099998,3742376.15534414
4604,,117.0,30.0,0.0,32.71436,0.0,30.0,30.0,0.0,0.0,0.0,0.0,0.0,0.0,Optimal,3567.354144099998,3742376.15534414
4605,,150.51,30.0,0.0,61.51436,0.0,30.0,30.0,0.0,0.0,0.0,0.0,0.0,0.0,Optimal,3567.354144099998,3742376.15534414
4606,,113.34,13.394241,0.0,74.372831,0.0,13.394241,13.394241,0.0,0.0,0.0,0.0,0.0,0.0,Optimal,3567.354144099998,3742376.15534414
4607,,93.55,0.0,27.648,45.572831,27.648,0.0,-27.648,0.0,0.0,0.0,0.0,0.0,0.0,Optimal,3567.354144099998,3742376.15534414
4608,,95.91,30.0,0.0,74.372831,0.0,30.0,30.0,0.0,0.0,0.0,0.0,0.0,0.0,Optimal,3567.354144099998,3742376.15534414
4609,,79.7,0.0,30.0,43.122831,30.0,0.0,-30.0,0.0,0.0,0.0,0.0,0.0,0.0,Optimal,3567.354144099998,3742376.15534414
4610,,77.0,0.0,30.0,11.872831,30.0,0.0,-30.0,0.0,0.0,0.0,0.0,0.0,0.0,Optimal,3567.354144099998,3742376.15534414
4611,,78.48,30.0,0.0,40.672831,0.0,30.0,30.0,0.0,0.0,0.0,0.0,0.0,0.0,Optimal,3567.354144099998,3742376.15534414
4612,,78.58,0.0,30.0,9.4228309,30.0,0.0,-30.0,0.0,0.0,0.0,0.0,0.0,0.0,Optimal,3567.354144099998,3742376.15534414
4613,,81.89,0.0,5.2881325,3.9143595,5.2881325,0.0,-5.2881325,0.0,0.0,0.0,0.0,0.0,0.0,Optimal,3567.354144099998,3742376.15534414
4614,,107.46,30.0,0.0,32.71436,0.0,30.0,30.0,0.0,0.0,0.0,0.0,0.0,0.0,Optimal,3567.354144099998,3742376.15534414
4615,,112.91,30.0,0.0,61.51436,0.0,30.0,30.0,0.0,0.0,0.0,0.0,0.0,0.0,Optimal,3567.354144099998,3742376.15534414
4616,,105.15,13.394241,0.0,74.372831,0.0,13.394241,13.394241,0.0,0.0,0.0,0.0,0.0,0.0,Optimal,3567.354144099998,3742376.15534414
4617,,89.43,0.0,0.0,74.372831,0.0,0.0,0.0,0.0,0.0,0.0,0.0,0.0,0.0,Optimal,3567.354144099998,3742376.15534414
4618,,80.81,0.0,0.0,74.372831,0.0,0.0,0.0,0.0,0.0,0.0,0.0,0.0,0.0,Optimal,3567.354144099998,3742376.15534414
4619,,67.39,0.0,0.0,74.372831,0.0,0.0,0.0,0.0,0.0,0.0,0.0,0.0,0.0,Optimal,3567.354144099998,3742376.15534414
4620,,58.0,0.0,0.0,74.372831,0.0,0.0,0.0,0.0,0.0,0.0,0.0,0.0,0.0,Optimal,3567.354144099998,3742376.15534414
4621,,47.96,0.0,30.0,43.122831,30.0,0.0,-30.0,0.0,0.0,0.0,0.0,0.0,0.0,Optimal,3567.354144099998,3742376.15534414
4622,,44.39,0.0,30.0,11.872831,30.0,0.0,-30.0,0.0,0.0,0.0,0.0,0.0,0.0,Optimal,3567.354144099998,3742376.15534414
4623,,51.06,0.0,7.6401325,3.9143595,7.6401325,0.0,-7.6401325,0.0,0.0,0.0,0.0,0.0,0.0,Optimal,3567.354144099998,3742376.15534414
4624,,62.12,0.0,0.0,3.9143595,0.0,0.0,0.0,0.0,0.0,0.0,0.0,0.0,0.0,Optimal,3567.354144099998,3742376.15534414
4625,,79.34,0.0,0.0,3.9143595,0.0,0.0,0.0,0.0,0.0,0.0,0.0,0.0,0.0,Optimal,3567.354144099998,3742376.15534414
4626,,91.99,0.0,0.0,3.9143595,0.0,0.0,0.0,0.0,0.0,0.0,0.0,0.0,0.0,Optimal,3567.354144099998,3742376.15534414
4627,,117.0,0.0,0.0,3.9143595,0.0,0.0,0.0,0.0,0.0,0.0,0.0,0.0,0.0,Optimal,3567.354144099998,3742376.15534414
4628,,178.12,30.0,0.0,32.71436,0.0,30.0,30.0,0.0,0.0,0.0,0.0,0.0,0.0,Optimal,3567.354144099998,3742376.15534414
4629,,162.17,30.0,0.0,61.51436,0.0,30.0,30.0,0.0,0.0,0.0,0.0,0.0,0.0,Optimal,3567.354144099998,3742376.15534414
4630,,121.3,13.394241,0.0,74.372831,0.0,13.394241,13.394241,0.0,0.0,0.0,0.0,0.0,0.0,Optimal,3567.354144099998,3742376.15534414
4631,,98.69,0.0,27.648,45.572831,27.648,0.0,-27.648,0.0,0.0,0.0,0.0,0.0,0.0,Optimal,3567.354144099998,3742376.15534414
4632,,100.3,30.0,0.0,74.372831,0.0,30.0,30.0,0.0,0.0,0.0,0.0,0.0,0.0,Optimal,3567.354144099998,3742376.15534414
4633,,84.38,0.0,5.2881325,68.86436,5.2881325,0.0,-5.2881325,0.0,0.0,0.0,0.0,0.0,0.0,Optimal,3567.354144099998,3742376.15534414
4634,,80.6,0.0,30.0,37.61436,30.0,0.0,-30.0,0.0,0.0,0.0,0.0,0.0,0.0,Optimal,3567.354144099998,3742376.15534414
4635,,79.98,30.0,0.0,66.41436,0.0,30.0,30.0,0.0,0.0,0.0,0.0,0.0,0.0,Optimal,3567.354144099998,3742376.15534414
4636,,76.4,0.0,30.0,35.16436,30.0,0.0,-30.0,0.0,0.0,0.0,0.0,0.0,0.0,Optimal,3567.354144099998,3742376.15534414
4637,,79.37,0.0,30.0,3.9143595,30.0,0.0,-30.0,0.0,0.0,0.0,0.0,0.0,0.0,Optimal,3567.354144099998,3742376.15534414
4638,,100.12,13.394241,0.0,16.772831,0.0,13.394241,13.394241,0.0,0.0,0.0,0.0,0.0,0.0,Optimal,3567.354144099998,3742376.15534414
4639,,106.09,30.0,0.0,45.572831,0.0,30.0,30.0,0.0,0.0,0.0,0.0,0.0,0.0,Optimal,3567.354144099998,3742376.15534414
4640,,105.54,30.0,0.0,74.372831,0.0,30.0,30.0,0.0,0.0,0.0,0.0,0.0,0.0,Optimal,3567.354144099998,3742376.15534414
4641,,97.85,0.0,0.0,74.372831,0.0,0.0,0.0,0.0,0.0,0.0,0.0,0.0,0.0,Optimal,3567.354144099998,3742376.15534414
4642,,89.29,0.0,27.648,45.572831,27.648,0.0,-27.648,0.0,0.0,0.0,0.0,0.0,0.0,Optimal,3567.354144099998,3742376.15534414
4643,,85.5,30.0,0.0,74.372831,0.0,30.0,30.0,0.0,0.0,0.0,0.0,0.0,0.0,Optimal,3567.354144099998,3742376.15534414
4644,,80.0,0.0,0.0,74.372831,0.0,0.0,0.0,0.0,0.0,0.0,0.0,0.0,0.0,Optimal,3567.354144099998,3742376.15534414
4645,,74.71,0.0,30.0,43.122831,30.0,0.0,-30.0,0.0,0.0,0.0,0.0,0.0,0.0,Optimal,3567.354144099998,3742376.15534414
4646,,74.78,0.0,30.0,11.872831,30.0,0.0,-30.0,0.0,0.0,0.0,0.0,0.0,0.0,Optimal,3567.354144099998,3742376.15534414
4647,,75.59,30.0,0.0,40.672831,0.0,30.0,30.0,0.0,0.0,0.0,0.0,0.0,0.0,Optimal,3567.354144099998,3742376.15534414
4648,,74.01,0.0,30.0,9.4228309,30.0,0.0,-30.0,0.0,0.0,0.0,0.0,0.0,0.0,Optimal,3567.354144099998,3742376.15534414
4649,,77.01,0.0,5.2881325,3.9143595,5.2881325,0.0,-5.2881325,0.0,0.0,0.0,0.0,0.0,0.0,Optimal,3567.354144099998,3742376.15534414
4650,,87.94,30.0,0.0,32.71436,0.0,30.0,30.0,0.0,0.0,0.0,0.0,0.0,0.0,Optimal,3567.354144099998,3742376.15534414
4651,,96.62,30.0,0.0,61.51436,0.0,30.0,30.0,0.0,0.0,0.0,0.0,0.0,0.0,Optimal,3567.354144099998,3742376.15534414
4652,,91.6,0.0,30.0,30.26436,30.0,0.0,-30.0,0.0,0.0,0.0,0.0,0.0,0.0,Optimal,3567.354144099998,3742376.15534414
4653,,95.0,30.0,0.0,59.06436,0.0,30.0,30.0,0.0,0.0,0.0,0.0,0.0,0.0,Optimal,3567.354144099998,3742376.15534414
4654,,86.15,15.946324,0.0,74.372831,0.0,15.946324,15.946324,0.0,0.0,0.0,0.0,0.0,0.0,Optimal,3567.354144099998,3742376.15534414
4655,,79.43,0.0,27.648,45.572831,27.648,0.0,-27.648,0.0,0.0,0.0,0.0,0.0,0.0,Optimal,3567.354144099998,3742376.15534414
4656,,90.0,30.0,0.0,74.372831,0.0,30.0,30.0,0.0,0.0,0.0,0.0,0.0,0.0,Optimal,3567.354144099998,3742376.15534414
4657,,75.0,0.0,27.648,45.572831,27.648,0.0,-27.648,0.0,0.0,0.0,0.0,0.0,0.0,Optimal,3567.354144099998,3742376.15534414
4658,,71.25,30.0,0.0,74.372831,0.0,30.0,30.0,0.0,0.0,0.0,0.0,0.0,0.0,Optimal,3567.354144099998,3742376.15534414
4659,,38.0,0.0,0.0,74.372831,0.0,0.0,0.0,0.0,0.0,0.0,0.0,0.0,0.0,Optimal,3567.354144099998,3742376.15534414
4660,,32.9,0.0,0.0,74.372831,0.0,0.0,0.0,0.0,0.0,0.0,0.0,0.0,0.0,Optimal,3567.354144099998,3742376.15534414
4661,,31.22,0.0,27.648,45.572831,27.648,0.0,-27.648,0.0,0.0,0.0,0.0,0.0,0.0,Optimal,3567.354144099998,3742376.15534414
4662,,31.1,30.0,0.0,74.372831,0.0,30.0,30.0,0.0,0.0,0.0,0.0,0.0,0.0,Optimal,3567.354144099998,3742376.15534414
4663,,27.97,0.0,27.648,45.572831,27.648,0.0,-27.648,0.0,0.0,0.0,0.0,0.0,0.0,Optimal,3567.354144099998,3742376.15534414
4664,,26.6,30.0,0.0,74.372831,0.0,30.0,30.0,0.0,0.0,0.0,0.0,0.0,0.0,Optimal,3567.354144099998,3742376.15534414
4665,,20.97,0.0,0.0,74.372831,0.0,0.0,0.0,0.0,0.0,0.0,0.0,0.0,0.0,Optimal,3567.354144099998,3742376.15534414
4666,,5.16,0.0,0.0,74.372831,0.0,0.0,0.0,0.0,0.0,0.0,0.0,0.0,0.0,Optimal,3567.354144099998,3742376.15534414
4667,,0.04,0.0,0.0,74.372831,0.0,0.0,0.0,0.0,0.0,0.0,0.0,0.0,0.0,Optimal,3567.354144099998,3742376.15534414
4668,,-0.01,0.0,0.0,74.372831,0.0,0.0,0.0,0.0,0.0,0.0,0.0,0.0,0.0,Optimal,3567.354144099998,3742376.15534414
4669,,-4.98,0.0,7.6401325,66.41436,7.6401325,0.0,-7.6401325,0.0,0.0,0.0,0.0,0.0,0.0,Optimal,3567.354144099998,3742376.15534414
4670,,-14.84,0.0,30.0,35.16436,30.0,0.0,-30.0,0.0,0.0,0.0,0.0,0.0,0.0,Optimal,3567.354144099998,3742376.15534414
4671,,-11.35,0.0,30.0,3.9143595,30.0,0.0,-30.0,0.0,0.0,0.0,0.0,0.0,0.0,Optimal,3567.354144099998,3742376.15534414
4672,,-3.23,0.0,0.0,3.9143595,0.0,0.0,0.0,0.0,0.0,0.0,0.0,0.0,0.0,Optimal,3567.354144099998,3742376.15534414
4673,,0.38,0.0,0.0,3.9143595,0.0,0.0,0.0,0.0,0.0,0.0,0.0,0.0,0.0,Optimal,3567.354144099998,3742376.15534414
4674,,29.39,0.0,0.0,3.9143595,0.0,0.0,0.0,0.0,0.0,0.0,0.0,0.0,0.0,Optimal,3567.354144099998,3742376.15534414
4675,,51.44,0.0,0.0,3.9143595,0.0,0.0,0.0,0.0,0.0,0.0,0.0,0.0,0.0,Optimal,3567.354144099998,3742376.15534414
4676,,75.96,13.394241,0.0,16.772831,0.0,13.394241,13.394241,0.0,0.0,0.0,0.0,0.0,0.0,Optimal,3567.354144099998,3742376.15534414
4677,,76.59,30.0,0.0,45.572831,0.0,30.0,30.0,0.0,0.0,0.0,0.0,0.0,0.0,Optimal,3567.354144099998,3742376.15534414
4678,,79.27,30.0,0.0,74.372831,0.0,30.0,30.0,0.0,0.0,0.0,0.0,0.0,0.0,Optimal,3567.354144099998,3742376.15534414
4679,,67.37,0.0,30.0,43.122831,30.0,0.0,-30.0,0.0,0.0,0.0,0.0,0.0,0.0,Optimal,3567.354144099998,3742376.15534414
4680,,89.06,30.0,0.0,71.922831,0.0,30.0,30.0,0.0,0.0,0.0,0.0,0.0,0.0,Optimal,3567.354144099998,3742376.15534414
4681,,63.34,2.5520833,0.0,74.372831,0.0,2.5520833,2.5520833,0.0,0.0,0.0,0.0,0.0,0.0,Optimal,3567.354144099998,3742376.15534414
4682,,55.56,0.0,0.0,74.372831,0.0,0.0,0.0,0.0,0.0,0.0,0.0,0.0,0.0,Optimal,3567.354144099998,3742376.15534414
4683,,44.43,0.0,0.0,74.372831,0.0,0.0,0.0,0.0,0.0,0.0,0.0,0.0,0.0,Optimal,3567.354144099998,3742376.15534414
4684,,37.97,0.0,27.648,45.572831,27.648,0.0,-27.648,0.0,0.0,0.0,0.0,0.0,0.0,Optimal,3567.354144099998,3742376.15534414
4685,,37.0,30.0,0.0,74.372831,0.0,30.0,30.0,0.0,0.0,0.0,0.0,0.0,0.0,Optimal,3567.354144099998,3742376.15534414
4686,,31.77,0.0,0.0,74.372831,0.0,0.0,0.0,0.0,0.0,0.0,0.0,0.0,0.0,Optimal,3567.354144099998,3742376.15534414
4687,,14.28,0.0,0.0,74.372831,0.0,0.0,0.0,0.0,0.0,0.0,0.0,0.0,0.0,Optimal,3567.354144099998,3742376.15534414
4688,,0.29,0.0,0.0,74.372831,0.0,0.0,0.0,0.0,0.0,0.0,0.0,0.0,0.0,Optimal,3567.354144099998,3742376.15534414
4689,,-3.3,0.0,0.0,74.372831,0.0,0.0,0.0,0.0,0.0,0.0,0.0,0.0,0.0,Optimal,3567.354144099998,3742376.15534414
4690,,-21.0,0.0,0.0,74.372831,0.0,0.0,0.0,0.0,0.0,0.0,0.0,0.0,0.0,Optimal,3567.354144099998,3742376.15534414
4691,,-39.96,0.0,0.0,74.372831,0.0,0.0,0.0,0.0,0.0,0.0,0.0,0.0,0.0,Optimal,3567.354144099998,3742376.15534414
4692,,-59.42,0.0,7.6401325,66.41436,7.6401325,0.0,-7.6401325,0.0,0.0,0.0,0.0,0.0,0.0,Optimal,3567.354144099998,3742376.15534414
4693,,-73.63,0.0,30.0,35.16436,30.0,0.0,-30.0,0.0,0.0,0.0,0.0,0.0,0.0,Optimal,3567.354144099998,3742376.15534414
4694,,-73.85,0.0,30.0,3.9143595,30.0,0.0,-30.0,0.0,0.0,0.0,0.0,0.0,0.0,Optimal,3567.354144099998,3742376.15534414
4695,,-51.63,0.0,0.0,3.9143595,0.0,0.0,0.0,0.0,0.0,0.0,0.0,0.0,0.0,Optimal,3567.354144099998,3742376.15534414
4696,,-19.46,0.0,0.0,3.9143595,0.0,0.0,0.0,0.0,0.0,0.0,0.0,0.0,0.0,Optimal,3567.354144099998,3742376.15534414
4697,,-0.51,0.0,0.0,3.9143595,0.0,0.0,0.0,0.0,0.0,0.0,0.0,0.0,0.0,Optimal,3567.354144099998,3742376.15534414
4698,,40.61,0.0,0.0,3.9143595,0.0,0.0,0.0,0.0,0.0,0.0,0.0,0.0,0.0,Optimal,3567.354144099998,3742376.15534414
4699,,87.76,0.0,0.0,3.9143595,0.0,0.0,0.0,0.0,0.0,0.0,0.0,0.0,0.0,Optimal,3567.354144099998,3742376.15534414
4700,,112.8,30.0,0.0,32.71436,0.0,30.0,30.0,0.0,0.0,0.0,0.0,0.0,0.0,Optimal,3567.354144099998,3742376.15534414
4701,,108.03,30.0,0.0,61.51436,0.0,30.0,30.0,0.0,0.0,0.0,0.0,0.0,0.0,Optimal,3567.354144099998,3742376.15534414
4702,,106.61,13.394241,0.0,74.372831,0.0,13.394241,13.394241,0.0,0.0,0.0,0.0,0.0,0.0,Optimal,3567.354144099998,3742376.15534414
4703,,87.33,0.0,0.0,74.372831,0.0,0.0,0.0,0.0,0.0,0.0,0.0,0.0,0.0,Optimal,3567.354144099998,3742376.15534414
4704,,79.63,0.0,0.0,74.372831,0.0,0.0,0.0,0.0,0.0,0.0,0.0,0.0,0.0,Optimal,3567.354144099998,3742376.15534414
4705,,68.8,0.0,30.0,43.122831,30.0,0.0,-30.0,0.0,0.0,0.0,0.0,0.0,0.0,Optimal,3567.354144099998,3742376.15534414
4706,,68.8,0.0,30.0,11.872831,30.0,0.0,-30.0,0.0,0.0,0.0,0.0,0.0,0.0,Optimal,3567.354144099998,3742376.15534414
4707,,72.0,0.0,7.6401325,3.9143595,7.6401325,0.0,-7.6401325,0.0,0.0,0.0,0.0,0.0,0.0,Optimal,3567.354144099998,3742376.15534414
4708,,89.9,0.0,0.0,3.9143595,0.0,0.0,0.0,0.0,0.0,0.0,0.0,0.0,0.0,Optimal,3567.354144099998,3742376.15534414
4709,,94.9,13.394241,0.0,16.772831,0.0,13.394241,13.394241,0.0,0.0,0.0,0.0,0.0,0.0,Optimal,3567.354144099998,3742376.15534414
4710,,113.6,30.0,0.0,45.572831,0.0,30.0,30.0,0.0,0.0,0.0,0.0,0.0,0.0,Optimal,3567.354144099998,3742376.15534414
4711,,130.2,30.0,0.0,74.372831,0.0,30.0,30.0,0.0,0.0,0.0,0.0,0.0,0.0,Optimal,3567.354144099998,3742376.15534414
4712,,89.23,0.0,0.0,74.372831,0.0,0.0,0.0,0.0,0.0,0.0,0.0,0.0,0.0,Optimal,3567.354144099998,3742376.15534414
4713,,60.37,0.0,0.0,74.372831,0.0,0.0,0.0,0.0,0.0,0.0,0.0,0.0,0.0,Optimal,3567.354144099998,3742376.15534414
4714,,36.35,0.0,0.0,74.372831,0.0,0.0,0.0,0.0,0.0,0.0,0.0,0.0,0.0,Optimal,3567.354144099998,3742376.15534414
4715,,12.15,0.0,0.0,74.372831,0.0,0.0,0.0,0.0,0.0,0.0,0.0,0.0,0.0,Optimal,3567.354144099998,3742376.15534414
4716,,0.64,0.0,7.6401325,66.41436,7.6401325,0.0,-7.6401325,0.0,0.0,0.0,0.0,0.0,0.0,Optimal,3567.354144099998,3742376.15534414
4717,,-0.84,0.0,30.0,35.16436,30.0,0.0,-30.0,0.0,0.0,0.0,0.0,0.0,0.0,Optimal,3567.354144099998,3742376.15534414
4718,,-1.52,0.0,30.0,3.9143595,30.0,0.0,-30.0,0.0,0.0,0.0,0.0,0.0,0.0,Optimal,3567.354144099998,3742376.15534414
4719,,3.54,0.0,0.0,3.9143595,0.0,0.0,0.0,0.0,0.0,0.0,0.0,0.0,0.0,Optimal,3567.354144099998,3742376.15534414
4720,,41.05,0.0,0.0,3.9143595,0.0,0.0,0.0,0.0,0.0,0.0,0.0,0.0,0.0,Optimal,3567.354144099998,3742376.15534414
4721,,77.06,0.0,0.0,3.9143595,0.0,0.0,0.0,0.0,0.0,0.0,0.0,0.0,0.0,Optimal,3567.354144099998,3742376.15534414
4722,,108.82,0.0,0.0,3.9143595,0.0,0.0,0.0,0.0,0.0,0.0,0.0,0.0,0.0,Optimal,3567.354144099998,3742376.15534414
4723,,191.77,30.0,0.0,32.71436,0.0,30.0,30.0,0.0,0.0,0.0,0.0,0.0,0.0,Optimal,3567.354144099998,3742376.15534414
4724,,214.24,30.0,0.0,61.51436,0.0,30.0,30.0,0.0,0.0,0.0,0.0,0.0,0.0,Optimal,3567.354144099998,3742376.15534414
4725,,140.16,13.394241,0.0,74.372831,0.0,13.394241,13.394241,0.0,0.0,0.0,0.0,0.0,0.0,Optimal,3567.354144099998,3742376.15534414
4726,,93.09,0.0,0.0,74.372831,0.0,0.0,0.0,0.0,0.0,0.0,0.0,0.0,0.0,Optimal,3567.354144099998,3742376.15534414
4727,,80.18,0.0,0.0,74.372831,0.0,0.0,0.0,0.0,0.0,0.0,0.0,0.0,0.0,Optimal,3567.354144099998,3742376.15534414
4728,,72.59,0.0,0.0,74.372831,0.0,0.0,0.0,0.0,0.0,0.0,0.0,0.0,0.0,Optimal,3567.354144099998,3742376.15534414
4729,,58.16,0.0,0.0,74.372831,0.0,0.0,0.0,0.0,0.0,0.0,0.0,0.0,0.0,Optimal,3567.354144099998,3742376.15534414
4730,,49.9,0.0,0.0,74.372831,0.0,0.0,0.0,0.0,0.0,0.0,0.0,0.0,0.0,Optimal,3567.354144099998,3742376.15534414
4731,,36.2,0.0,30.0,43.122831,30.0,0.0,-30.0,0.0,0.0,0.0,0.0,0.0,0.0,Optimal,3567.354144099998,3742376.15534414
4732,,36.28,0.0,30.0,11.872831,30.0,0.0,-30.0,0.0,0.0,0.0,0.0,0.0,0.0,Optimal,3567.354144099998,3742376.15534414
4733,,47.04,0.0,7.6401325,3.9143595,7.6401325,0.0,-7.6401325,0.0,0.0,0.0,0.0,0.0,0.0,Optimal,3567.354144099998,3742376.15534414
4734,,74.56,13.394241,0.0,16.772831,0.0,13.394241,13.394241,0.0,0.0,0.0,0.0,0.0,0.0,Optimal,3567.354144099998,3742376.15534414
4735,,79.48,30.0,0.0,45.572831,0.0,30.0,30.0,0.0,0.0,0.0,0.0,0.0,0.0,Optimal,3567.354144099998,3742376.15534414
4736,,76.17,30.0,0.0,74.372831,0.0,30.0,30.0,0.0,0.0,0.0,0.0,0.0,0.0,Optimal,3567.354144099998,3742376.15534414
4737,,10.0,0.0,0.0,74.372831,0.0,0.0,0.0,0.0,0.0,0.0,0.0,0.0,0.0,Optimal,3567.354144099998,3742376.15534414
4738,,-3.0,0.0,0.0,74.372831,0.0,0.0,0.0,0.0,0.0,0.0,0.0,0.0,0.0,Optimal,3567.354144099998,3742376.15534414
4739,,-10.0,0.0,0.0,74.372831,0.0,0.0,0.0,0.0,0.0,0.0,0.0,0.0,0.0,Optimal,3567.354144099998,3742376.15534414
4740,,-10.09,0.0,30.0,43.122831,30.0,0.0,-30.0,0.0,0.0,0.0,0.0,0.0,0.0,Optimal,3567.354144099998,3742376.15534414
4741,,-10.1,0.0,30.0,11.872831,30.0,0.0,-30.0,0.0,0.0,0.0,0.0,0.0,0.0,Optimal,3567.354144099998,3742376.15534414
4742,,-10.07,0.0,0.0,11.872831,0.0,0.0,0.0,0.0,0.0,0.0,0.0,0.0,0.0,Optimal,3567.354144099998,3742376.15534414
4743,,-10.08,0.0,7.6401325,3.9143595,7.6401325,0.0,-7.6401325,0.0,0.0,0.0,0.0,0.0,0.0,Optimal,3567.354144099998,3742376.15534414
4744,,-10.0,0.0,0.0,3.9143595,0.0,0.0,0.0,0.0,0.0,0.0,0.0,0.0,0.0,Optimal,3567.354144099998,3742376.15534414
4745,,24.9,0.0,0.0,3.9143595,0.0,0.0,0.0,0.0,0.0,0.0,0.0,0.0,0.0,Optimal,3567.354144099998,3742376.15534414
4746,,63.98,0.0,0.0,3.9143595,0.0,0.0,0.0,0.0,0.0,0.0,0.0,0.0,0.0,Optimal,3567.354144099998,3742376.15534414
4747,,89.1,0.0,0.0,3.9143595,0.0,0.0,0.0,0.0,0.0,0.0,0.0,0.0,0.0,Optimal,3567.354144099998,3742376.15534414
4748,,121.37,30.0,0.0,32.71436,0.0,30.0,30.0,0.0,0.0,0.0,0.0,0.0,0.0,Optimal,3567.354144099998,3742376.15534414
4749,,114.68,30.0,0.0,61.51436,0.0,30.0,30.0,0.0,0.0,0.0,0.0,0.0,0.0,Optimal,3567.354144099998,3742376.15534414
4750,,106.25,13.394241,0.0,74.372831,0.0,13.394241,13.394241,0.0,0.0,0.0,0.0,0.0,0.0,Optimal,3567.354144099998,3742376.15534414
4751,,85.1,0.0,27.648,45.572831,27.648,0.0,-27.648,0.0,0.0,0.0,0.0,0.0,0.0,Optimal,3567.354144099998,3742376.15534414
4752,,87.6,30.0,0.0,74.372831,0.0,30.0,30.0,0.0,0.0,0.0,0.0,0.0,0.0,Optimal,3567.354144099998,3742376.15534414
4753,,73.08,0.0,30.0,43.122831,30.0,0.0,-30.0,0.0,0.0,0.0,0.0,0.0,0.0,Optimal,3567.354144099998,3742376.15534414
4754,,72.87,30.0,0.0,71.922831,0.0,30.0,30.0,0.0,0.0,0.0,0.0,0.0,0.0,Optimal,3567.354144099998,3742376.15534414
4755,,70.56,0.0,30.0,40.672831,30.0,0.0,-30.0,0.0,0.0,0.0,0.0,0.0,0.0,Optimal,3567.354144099998,3742376.15534414
4756,,71.08,0.0,30.0,9.4228309,30.0,0.0,-30.0,0.0,0.0,0.0,0.0,0.0,0.0,Optimal,3567.354144099998,3742376.15534414
4757,,77.51,0.0,5.2881325,3.9143595,5.2881325,0.0,-5.2881325,0.0,0.0,0.0,0.0,0.0,0.0,Optimal,3567.354144099998,3742376.15534414
4758,,90.05,13.394241,0.0,16.772831,0.0,13.394241,13.394241,0.0,0.0,0.0,0.0,0.0,0.0,Optimal,3567.354144099998,3742376.15534414
4759,,100.12,30.0,0.0,45.572831,0.0,30.0,30.0,0.0,0.0,0.0,0.0,0.0,0.0,Optimal,3567.354144099998,3742376.15534414
4760,,105.7,30.0,0.0,74.372831,0.0,30.0,30.0,0.0,0.0,0.0,0.0,0.0,0.0,Optimal,3567.354144099998,3742376.15534414
4761,,78.04,0.0,0.0,74.372831,0.0,0.0,0.0,0.0,0.0,0.0,0.0,0.0,0.0,Optimal,3567.354144099998,3742376.15534414
4762,,59.34,0.0,0.0,74.372831,0.0,0.0,0.0,0.0,0.0,0.0,0.0,0.0,0.0,Optimal,3567.354144099998,3742376.15534414
4763,,42.65,0.0,0.0,74.372831,0.0,0.0,0.0,0.0,0.0,0.0,0.0,0.0,0.0,Optimal,3567.354144099998,3742376.15534414
4764,,33.53,0.0,0.0,74.372831,0.0,0.0,0.0,0.0,0.0,0.0,0.0,0.0,0.0,Optimal,3567.354144099998,3742376.15534414
4765,,22.71,0.0,7.6401325,66.41436,7.6401325,0.0,-7.6401325,0.0,0.0,0.0,0.0,0.0,0.0,Optimal,3567.354144099998,3742376.15534414
4766,,11.89,0.0,30.0,35.16436,30.0,0.0,-30.0,0.0,0.0,0.0,0.0,0.0,0.0,Optimal,3567.354144099998,3742376.15534414
4767,,14.29,0.0,30.0,3.9143595,30.0,0.0,-30.0,0.0,0.0,0.0,0.0,0.0,0.0,Optimal,3567.354144099998,3742376.15534414
4768,,40.13,0.0,0.0,3.9143595,0.0,0.0,0.0,0.0,0.0,0.0,0.0,0.0,0.0,Optimal,3567.354144099998,3742376.15534414
4769,,63.0,0.0,0.0,3.9143595,0.0,0.0,0.0,0.0,0.0,0.0,0.0,0.0,0.0,Optimal,3567.354144099998,3742376.15534414
4770,,84.93,0.0,0.0,3.9143595,0.0,0.0,0.0,0.0,0.0,0.0,0.0,0.0,0.0,Optimal,3567.354144099998,3742376.15534414
4771,,109.63,0.0,0.0,3.9143595,0.0,0.0,0.0,0.0,0.0,0.0,0.0,0.0,0.0,Optimal,3567.354144099998,3742376.15534414
4772,,182.61,30.0,0.0,32.71436,0.0,30.0,30.0,0.0,0.0,0.0,0.0,0.0,0.0,Optimal,3567.354144099998,3742376.15534414
4773,,142.63,30.0,0.0,61.51436,0.0,30.0,30.0,0.0,0.0,0.0,0.0,0.0,0.0,Optimal,3567.354144099998,3742376.15534414
4774,,115.97,13.394241,0.0,74.372831,0.0,13.394241,13.394241,0.0,0.0,0.0,0.0,0.0,0.0,Optimal,3567.354144099998,3742376.15534414
4775,,92.17,0.0,27.648,45.572831,27.648,0.0,-27.648,0.0,0.0,0.0,0.0,0.0,0.0,Optimal,3567.354144099998,3742376.15534414
4776,,90.26,30.0,0.0,74.372831,0.0,30.0,30.0,0.0,0.0,0.0,0.0,0.0,0.0,Optimal,3567.354144099998,3742376.15534414
4777,,80.34,0.0,30.0,43.122831,30.0,0.0,-30.0,0.0,0.0,0.0,0.0,0.0,0.0,Optimal,3567.354144099998,3742376.15534414
4778,,77.43,0.0,30.0,11.872831,30.0,0.0,-30.0,0.0,0.0,0.0,0.0,0.0,0.0,Optimal,3567.354144099998,3742376.15534414
4779,,78.01,24.262009,0.0,35.16436,0.0,24.262009,24.262009,0.0,0.0,0.0,0.0,0.0,0.0,Optimal,3567.354144099998,3742376.15534414
4780,,77.52,0.0,30.0,3.9143595,30.0,0.0,-30.0,0.0,0.0,0.0,0.0,0.0,0.0,Optimal,3567.354144099998,3742376.15534414
4781,,90.22,0.0,0.0,3.9143595,0.0,0.0,0.0,0.0,0.0,0.0,0.0,0.0,0.0,Optimal,3567.354144099998,3742376.15534414
4782,,116.0,30.0,0.0,32.71436,0.0,30.0,30.0,0.0,0.0,0.0,0.0,0.0,0.0,Optimal,3567.354144099998,3742376.15534414
4783,,106.56,30.0,0.0,61.51436,0.0,30.0,30.0,0.0,0.0,0.0,0.0,0.0,0.0,Optimal,3567.354144099998,3742376.15534414
4784,,97.22,13.394241,0.0,74.372831,0.0,13.394241,13.394241,0.0,0.0,0.0,0.0,0.0,0.0,Optimal,3567.354144099998,3742376.15534414
4785,,79.9,0.0,0.0,74.372831,0.0,0.0,0.0,0.0,0.0,0.0,0.0,0.0,0.0,Optimal,3567.354144099998,3742376.15534414
4786,,64.82,0.0,0.0,74.372831,0.0,0.0,0.0,0.0,0.0,0.0,0.0,0.0,0.0,Optimal,3567.354144099998,3742376.15534414
4787,,48.13,0.0,0.0,74.372831,0.0,0.0,0.0,0.0,0.0,0.0,0.0,0.0,0.0,Optimal,3567.354144099998,3742376.15534414
4788,,35.85,0.0,30.0,43.122831,30.0,0.0,-30.0,0.0,0.0,0.0,0.0,0.0,0.0,Optimal,3567.354144099998,3742376.15534414
4789,,34.86,0.0,30.0,11.872831,30.0,0.0,-30.0,0.0,0.0,0.0,0.0,0.0,0.0,Optimal,3567.354144099998,3742376.15534414
4790,,38.02,0.0,7.6401325,3.9143595,7.6401325,0.0,-7.6401325,0.0,0.0,0.0,0.0,0.0,0.0,Optimal,3567.354144099998,3742376.15534414
4791,,49.91,0.0,0.0,3.9143595,0.0,0.0,0.0,0.0,0.0,0.0,0.0,0.0,0.0,Optimal,3567.354144099998,3742376.15534414
4792,,68.59,0.0,0.0,3.9143595,0.0,0.0,0.0,0.0,0.0,0.0,0.0,0.0,0.0,Optimal,3567.354144099998,3742376.15534414
4793,,86.07,0.0,0.0,3.9143595,0.0,0.0,0.0,0.0,0.0,0.0,0.0,0.0,0.0,Optimal,3567.354144099998,3742376.15534414
4794,,96.11,0.0,0.0,3.9143595,0.0,0.0,0.0,0.0,0.0,0.0,0.0,0.0,0.0,Optimal,3567.354144099998,3742376.15534414
4795,,130.36,13.394241,0.0,16.772831,0.0,13.394241,13.394241,0.0,0.0,0.0,0.0,0.0,0.0,Optimal,3567.354144099998,3742376.15534414
4796,,212.02,30.0,0.0,45.572831,0.0,30.0,30.0,0.0,0.0,0.0,0.0,0.0,0.0,Optimal,3567.354144099998,3742376.15534414
4797,,176.73,30.0,0.0,74.372831,0.0,30.0,30.0,0.0,0.0,0.0,0.0,0.0,0.0,Optimal,3567.354144099998,3742376.15534414
4798,,119.96,0.0,0.0,74.372831,0.0,0.0,0.0,0.0,0.0,0.0,0.0,0.0,0.0,Optimal,3567.354144099998,3742376.15534414
4799,,102.0,0.0,0.0,74.372831,0.0,0.0,0.0,0.0,0.0,0.0,0.0,0.0,0.0,Optimal,3567.354144099998,3742376.15534414
4800,,90.32,0.0,0.0,74.372831,0.0,0.0,0.0,0.0,0.0,0.0,0.0,0.0,0.0,Optimal,3567.354144099998,3742376.15534414
4801,,80.52,0.0,30.0,43.122831,30.0,0.0,-30.0,0.0,0.0,0.0,0.0,0.0,0.0,Optimal,3567.354144099998,3742376.15534414
4802,,79.98,24.262009,0.0,66.41436,0.0,24.262009,24.262009,0.0,0.0,0.0,0.0,0.0,0.0,Optimal,3567.354144099998,3742376.15534414
4803,,78.21,0.0,30.0,35.16436,30.0,0.0,-30.0,0.0,0.0,0.0,0.0,0.0,0.0,Optimal,3567.354144099998,3742376.15534414
4804,,81.28,0.0,30.0,3.9143595,30.0,0.0,-30.0,0.0,0.0,0.0,0.0,0.0,0.0,Optimal,3567.354144099998,3742376.15534414
4805,,89.41,0.0,0.0,3.9143595,0.0,0.0,0.0,0.0,0.0,0.0,0.0,0.0,0.0,Optimal,3567.354144099998,3742376.15534414
4806,,110.89,30.0,0.0,32.71436,0.0,30.0,30.0,0.0,0.0,0.0,0.0,0.0,0.0,Optimal,3567.354144099998,3742376.15534414
4807,,108.67,30.0,0.0,61.51436,0.0,30.0,30.0,0.0,0.0,0.0,0.0,0.0,0.0,Optimal,3567.354144099998,3742376.15534414
4808,,98.4,13.394241,0.0,74.372831,0.0,13.394241,13.394241,0.0,0.0,0.0,0.0,0.0,0.0,Optimal,3567.354144099998,3742376.15534414
4809,,81.43,0.0,0.0,74.372831,0.0,0.0,0.0,0.0,0.0,0.0,0.0,0.0,0.0,Optimal,3567.354144099998,3742376.15534414
4810,,70.28,0.0,0.0,74.372831,0.0,0.0,0.0,0.0,0.0,0.0,0.0,0.0,0.0,Optimal,3567.354144099998,3742376.15534414
4811,,59.52,0.0,0.0,74.372831,0.0,0.0,0.0,0.0,0.0,0.0,0.0,0.0,0.0,Optimal,3567.354144099998,3742376.15534414
4812,,45.13,0.0,0.0,74.372831,0.0,0.0,0.0,0.0,0.0,0.0,0.0,0.0,0.0,Optimal,3567.354144099998,3742376.15534414
4813,,37.09,0.0,30.0,43.122831,30.0,0.0,-30.0,0.0,0.0,0.0,0.0,0.0,0.0,Optimal,3567.354144099998,3742376.15534414
4814,,36.81,0.0,30.0,11.872831,30.0,0.0,-30.0,0.0,0.0,0.0,0.0,0.0,0.0,Optimal,3567.354144099998,3742376.15534414
4815,,43.25,0.0,7.6401325,3.9143595,7.6401325,0.0,-7.6401325,0.0,0.0,0.0,0.0,0.0,0.0,Optimal,3567.354144099998,3742376.15534414
4816,,65.0,0.0,0.0,3.9143595,0.0,0.0,0.0,0.0,0.0,0.0,0.0,0.0,0.0,Optimal,3567.354144099998,3742376.15534414
4817,,77.59,0.0,0.0,3.9143595,0.0,0.0,0.0,0.0,0.0,0.0,0.0,0.0,0.0,Optimal,3567.354144099998,3742376.15534414
4818,,91.15,0.0,0.0,3.9143595,0.0,0.0,0.0,0.0,0.0,0.0,0.0,0.0,0.0,Optimal,3567.354144099998,3742376.15534414
4819,,119.04,13.394241,0.0,16.772831,0.0,13.394241,13.394241,0.0,0.0,0.0,0.0,0.0,0.0,Optimal,3567.354144099998,3742376.15534414
4820,,181.12,30.0,0.0,45.572831,0.0,30.0,30.0,0.0,0.0,0.0,0.0,0.0,0.0,Optimal,3567.354144099998,3742376.15534414
4821,,120.96,30.0,0.0,74.372831,0.0,30.0,30.0,0.0,0.0,0.0,0.0,0.0,0.0,Optimal,3567.354144099998,3742376.15534414
4822,,107.06,0.0,0.0,74.372831,0.0,0.0,0.0,0.0,0.0,0.0,0.0,0.0,0.0,Optimal,3567.354144099998,3742376.15534414
4823,,91.67,0.0,27.648,45.572831,27.648,0.0,-27.648,0.0,0.0,0.0,0.0,0.0,0.0,Optimal,3567.354144099998,3742376.15534414
4824,,95.0,30.0,0.0,74.372831,0.0,30.0,30.0,0.0,0.0,0.0,0.0,0.0,0.0,Optimal,3567.354144099998,3742376.15534414
4825,,89.66,0.0,30.0,43.122831,30.0,0.0,-30.0,0.0,0.0,0.0,0.0,0.0,0.0,Optimal,3567.354144099998,3742376.15534414
4826,,88.0,0.0,30.0,11.872831,30.0,0.0,-30.0,0.0,0.0,0.0,0.0,0.0,0.0,Optimal,3567.354144099998,3742376.15534414
4827,,89.88,0.0,7.6401325,3.9143595,7.6401325,0.0,-7.6401325,0.0,0.0,0.0,0.0,0.0,0.0,Optimal,3567.354144099998,3742376.15534414
4828,,94.24,30.0,0.0,32.71436,0.0,30.0,30.0,0.0,0.0,0.0,0.0,0.0,0.0,Optimal,3567.354144099998,3742376.15534414
4829,,93.8,30.0,0.0,61.51436,0.0,30.0,30.0,0.0,0.0,0.0,0.0,0.0,0.0,Optimal,3567.354144099998,3742376.15534414
4830,,88.45,13.394241,0.0,74.372831,0.0,13.394241,13.394241,0.0,0.0,0.0,0.0,0.0,0.0,Optimal,3567.354144099998,3742376.15534414
4831,,81.68,0.0,0.0,74.372831,0.0,0.0,0.0,0.0,0.0,0.0,0.0,0.0,0.0,Optimal,3567.354144099998,3742376.15534414
4832,,68.11,0.0,0.0,74.372831,0.0,0.0,0.0,0.0,0.0,0.0,0.0,0.0,0.0,Optimal,3567.354144099998,3742376.15534414
4833,,49.89,0.0,0.0,74.372831,0.0,0.0,0.0,0.0,0.0,0.0,0.0,0.0,0.0,Optimal,3567.354144099998,3742376.15534414
4834,,5.15,0.0,0.0,74.372831,0.0,0.0,0.0,0.0,0.0,0.0,0.0,0.0,0.0,Optimal,3567.354144099998,3742376.15534414
4835,,-0.97,0.0,0.0,74.372831,0.0,0.0,0.0,0.0,0.0,0.0,0.0,0.0,0.0,Optimal,3567.354144099998,3742376.15534414
4836,,-5.4,0.0,30.0,43.122831,30.0,0.0,-30.0,0.0,0.0,0.0,0.0,0.0,0.0,Optimal,3567.354144099998,3742376.15534414
4837,,-5.07,0.0,30.0,11.872831,30.0,0.0,-30.0,0.0,0.0,0.0,0.0,0.0,0.0,Optimal,3567.354144099998,3742376.15534414
4838,,-4.0,0.0,7.6401325,3.9143595,7.6401325,0.0,-7.6401325,0.0,0.0,0.0,0.0,0.0,0.0,Optimal,3567.354144099998,3742376.15534414
4839,,-3.3,0.0,0.0,3.9143595,0.0,0.0,0.0,0.0,0.0,0.0,0.0,0.0,0.0,Optimal,3567.354144099998,3742376.15534414
4840,,1.43,0.0,0.0,3.9143595,0.0,0.0,0.0,0.0,0.0,0.0,0.0,0.0,0.0,Optimal,3567.354144099998,3742376.15534414
4841,,52.29,0.0,0.0,3.9143595,0.0,0.0,0.0,0.0,0.0,0.0,0.0,0.0,0.0,Optimal,3567.354144099998,3742376.15534414
4842,,85.0,0.0,0.0,3.9143595,0.0,0.0,0.0,0.0,0.0,0.0,0.0,0.0,0.0,Optimal,3567.354144099998,3742376.15534414
4843,,107.95,30.0,0.0,32.71436,0.0,30.0,30.0,0.0,0.0,0.0,0.0,0.0,0.0,Optimal,3567.354144099998,3742376.15534414
4844,,136.36,30.0,0.0,61.51436,0.0,30.0,30.0,0.0,0.0,0.0,0.0,0.0,0.0,Optimal,3567.354144099998,3742376.15534414
4845,,112.54,0.0,15.303867,45.572831,15.303867,0.0,-15.303867,0.0,0.0,0.0,0.0,0.0,0.0,Optimal,3567.354144099998,3742376.15534414
4846,,126.3,30.0,0.0,74.372831,0.0,30.0,30.0,0.0,0.0,0.0,0.0,0.0,0.0,Optimal,3567.354144099998,3742376.15534414
4847,,90.93,0.0,0.0,74.372831,0.0,0.0,0.0,0.0,0.0,0.0,0.0,0.0,0.0,Optimal,3567.354144099998,3742376.15534414
4848,,89.0,0.0,27.648,45.572831,27.648,0.0,-27.648,0.0,0.0,0.0,0.0,0.0,0.0,Optimal,3567.354144099998,3742376.15534414
4849,,91.1,30.0,0.0,74.372831,0.0,30.0,30.0,0.0,0.0,0.0,0.0,0.0,0.0,Optimal,3567.354144099998,3742376.15534414
4850,,83.0,0.0,30.0,43.122831,30.0,0.0,-30.0,0.0,0.0,0.0,0.0,0.0,0.0,Optimal,3567.354144099998,3742376.15534414
4851,,90.0,30.0,0.0,71.922831,0.0,30.0,30.0,0.0,0.0,0.0,0.0,0.0,0.0,Optimal,3567.354144099998,3742376.15534414
4852,,86.4,0.0,25.296,45.572831,25.296,0.0,-25.296,0.0,0.0,0.0,0.0,0.0,0.0,Optimal,3567.354144099998,3742376.15534414
4853,,100.0,30.0,0.0,74.372831,0.0,30.0,30.0,0.0,0.0,0.0,0.0,0.0,0.0,Optimal,3567.354144099998,3742376.15534414
4854,,73.9,0.0,0.0,74.372831,0.0,0.0,0.0,0.0,0.0,0.0,0.0,0.0,0.0,Optimal,3567.354144099998,3742376.15534414
4855,,56.53,0.0,27.648,45.572831,27.648,0.0,-27.648,0.0,0.0,0.0,0.0,0.0,0.0,Optimal,3567.354144099998,3742376.15534414
4856,,64.9,30.0,0.0,74.372831,0.0,30.0,30.0,0.0,0.0,0.0,0.0,0.0,0.0,Optimal,3567.354144099998,3742376.15534414
4857,,19.7,0.0,0.0,74.372831,0.0,0.0,0.0,0.0,0.0,0.0,0.0,0.0,0.0,Optimal,3567.354144099998,3742376.15534414
4858,,0.09,0.0,0.0,74.372831,0.0,0.0,0.0,0.0,0.0,0.0,0.0,0.0,0.0,Optimal,3567.354144099998,3742376.15534414
4859,,0.03,0.0,0.0,74.372831,0.0,0.0,0.0,0.0,0.0,0.0,0.0,0.0,0.0,Optimal,3567.354144099998,3742376.15534414
4860,,0.02,0.0,7.6401325,66.41436,7.6401325,0.0,-7.6401325,0.0,0.0,0.0,0.0,0.0,0.0,Optimal,3567.354144099998,3742376.15534414
4861,,-0.06,0.0,30.0,35.16436,30.0,0.0,-30.0,0.0,0.0,0.0,0.0,0.0,0.0,Optimal,3567.354144099998,3742376.15534414
4862,,-0.18,0.0,30.0,3.9143595,30.0,0.0,-30.0,0.0,0.0,0.0,0.0,0.0,0.0,Optimal,3567.354144099998,3742376.15534414
4863,,0.07,0.0,0.0,3.9143595,0.0,0.0,0.0,0.0,0.0,0.0,0.0,0.0,0.0,Optimal,3567.354144099998,3742376.15534414
4864,,0.27,0.0,0.0,3.9143595,0.0,0.0,0.0,0.0,0.0,0.0,0.0,0.0,0.0,Optimal,3567.354144099998,3742376.15534414
4865,,51.72,0.0,0.0,3.9143595,0.0,0.0,0.0,0.0,0.0,0.0,0.0,0.0,0.0,Optimal,3567.354144099998,3742376.15534414
4866,,80.45,0.0,0.0,3.9143595,0.0,0.0,0.0,0.0,0.0,0.0,0.0,0.0,0.0,Optimal,3567.354144099998,3742376.15534414
4867,,98.5,0.0,0.0,3.9143595,0.0,0.0,0.0,0.0,0.0,0.0,0.0,0.0,0.0,Optimal,3567.354144099998,3742376.15534414
4868,,122.51,30.0,0.0,32.71436,0.0,30.0,30.0,0.0,0.0,0.0,0.0,0.0,0.0,Optimal,3567.354144099998,3742376.15534414
4869,,124.53,30.0,0.0,61.51436,0.0,30.0,30.0,0.0,0.0,0.0,0.0,0.0,0.0,Optimal,3567.354144099998,3742376.15534414
4870,,107.92,13.394241,0.0,74.372831,0.0,13.394241,13.394241,0.0,0.0,0.0,0.0,0.0,0.0,Optimal,3567.354144099998,3742376.15534414
4871,,90.16,0.0,30.0,43.122831,30.0,0.0,-30.0,0.0,0.0,0.0,0.0,0.0,0.0,Optimal,3567.354144099998,3742376.15534414
4872,,116.11,30.0,0.0,71.922831,0.0,30.0,30.0,0.0,0.0,0.0,0.0,0.0,0.0,Optimal,3567.354144099998,3742376.15534414
4873,,91.51,2.5520833,0.0,74.372831,0.0,2.5520833,2.5520833,0.0,0.0,0.0,0.0,0.0,0.0,Optimal,3567.354144099998,3742376.15534414
4874,,83.7,0.0,30.0,43.122831,30.0,0.0,-30.0,0.0,0.0,0.0,0.0,0.0,0.0,Optimal,3567.354144099998,3742376.15534414
4875,,85.0,24.262009,0.0,66.41436,0.0,24.262009,24.262009,0.0,0.0,0.0,0.0,0.0,0.0,Optimal,3567.354144099998,3742376.15534414
4876,,81.84,0.0,30.0,35.16436,30.0,0.0,-30.0,0.0,0.0,0.0,0.0,0.0,0.0,Optimal,3567.354144099998,3742376.15534414
4877,,79.32,0.0,30.0,3.9143595,30.0,0.0,-30.0,0.0,0.0,0.0,0.0,0.0,0.0,Optimal,3567.354144099998,3742376.15534414
4878,,108.71,13.394241,0.0,16.772831,0.0,13.394241,13.394241,0.0,0.0,0.0,0.0,0.0,0.0,Optimal,3567.354144099998,3742376.15534414
4879,,120.09,30.0,0.0,45.572831,0.0,30.0,30.0,0.0,0.0,0.0,0.0,0.0,0.0,Optimal,3567.354144099998,3742376.15534414
4880,,114.28,30.0,0.0,74.372831,0.0,30.0,30.0,0.0,0.0,0.0,0.0,0.0,0.0,Optimal,3567.354144099998,3742376.15534414
4881,,87.1,0.0,0.0,74.372831,0.0,0.0,0.0,0.0,0.0,0.0,0.0,0.0,0.0,Optimal,3567.354144099998,3742376.15534414
4882,,50.0,0.0,0.0,74.372831,0.0,0.0,0.0,0.0,0.0,0.0,0.0,0.0,0.0,Optimal,3567.354144099998,3742376.15534414
4883,,14.23,0.0,30.0,43.122831,30.0,0.0,-30.0,0.0,0.0,0.0,0.0,0.0,0.0,Optimal,3567.354144099998,3742376.15534414
4884,,25.61,30.0,0.0,71.922831,0.0,30.0,30.0,0.0,0.0,0.0,0.0,0.0,0.0,Optimal,3567.354144099998,3742376.15534414
4885,,21.12,0.0,5.2881325,66.41436,5.2881325,0.0,-5.2881325,0.0,0.0,0.0,0.0,0.0,0.0,Optimal,3567.354144099998,3742376.15534414
4886,,17.42,0.0,30.0,35.16436,30.0,0.0,-30.0,0.0,0.0,0.0,0.0,0.0,0.0,Optimal,3567.354144099998,3742376.15534414
4887,,17.49,0.0,30.0,3.9143595,30.0,0.0,-30.0,0.0,0.0,0.0,0.0,0.0,0.0,Optimal,3567.354144099998,3742376.15534414
4888,,21.8,0.0,0.0,3.9143595,0.0,0.0,0.0,0.0,0.0,0.0,0.0,0.0,0.0,Optimal,3567.354144099998,3742376.15534414
4889,,63.32,0.0,0.0,3.9143595,0.0,0.0,0.0,0.0,0.0,0.0,0.0,0.0,0.0,Optimal,3567.354144099998,3742376.15534414
4890,,79.9,0.0,0.0,3.9143595,0.0,0.0,0.0,0.0,0.0,0.0,0.0,0.0,0.0,Optimal,3567.354144099998,3742376.15534414
4891,,99.91,0.0,0.0,3.9143595,0.0,0.0,0.0,0.0,0.0,0.0,0.0,0.0,0.0,Optimal,3567.354144099998,3742376.15534414
4892,,139.87,30.0,0.0,32.71436,0.0,30.0,30.0,0.0,0.0,0.0,0.0,0.0,0.0,Optimal,3567.354144099998,3742376.15534414
4893,,140.26,30.0,0.0,61.51436,0.0,30.0,30.0,0.0,0.0,0.0,0.0,0.0,0.0,Optimal,3567.354144099998,3742376.15534414
4894,,109.97,13.394241,0.0,74.372831,0.0,13.394241,13.394241,0.0,0.0,0.0,0.0,0.0,0.0,Optimal,3567.354144099998,3742376.15534414
4895,,95.52,0.0,0.0,74.372831,0.0,0.0,0.0,0.0,0.0,0.0,0.0,0.0,0.0,Optimal,3567.354144099998,3742376.15534414
4896,,82.85,0.0,0.0,74.372831,0.0,0.0,0.0,0.0,0.0,0.0,0.0,0.0,0.0,Optimal,3567.354144099998,3742376.15534414
4897,,73.65,0.0,30.0,43.122831,30.0,0.0,-30.0,0.0,0.0,0.0,0.0,0.0,0.0,Optimal,3567.354144099998,3742376.15534414
4898,,73.39,30.0,0.0,71.922831,0.0,30.0,30.0,0.0,0.0,0.0,0.0,0.0,0.0,Optimal,3567.354144099998,3742376.15534414
4899,,68.13,0.0,30.0,40.672831,30.0,0.0,-30.0,0.0,0.0,0.0,0.0,0.0,0.0,Optimal,3567.354144099998,3742376.15534414
4900,,70.56,0.0,30.0,9.4228309,30.0,0.0,-30.0,0.0,0.0,0.0,0.0,0.0,0.0,Optimal,3567.354144099998,3742376.15534414
4901,,73.68,0.0,5.2881325,3.9143595,5.2881325,0.0,-5.2881325,0.0,0.0,0.0,0.0,0.0,0.0,Optimal,3567.354144099998,3742376.15534414
4902,,99.9,13.394241,0.0,16.772831,0.0,13.394241,13.394241,0.0,0.0,0.0,0.0,0.0,0.0,Optimal,3567.354144099998,3742376.15534414
4903,,116.0,30.0,0.0,45.572831,0.0,30.0,30.0,0.0,0.0,0.0,0.0,0.0,0.0,Optimal,3567.354144099998,3742376.15534414
4904,,110.45,30.0,0.0,74.372831,0.0,30.0,30.0,0.0,0.0,0.0,0.0,0.0,0.0,Optimal,3567.354144099998,3742376.15534414
4905,,86.48,0.0,0.0,74.372831,0.0,0.0,0.0,0.0,0.0,0.0,0.0,0.0,0.0,Optimal,3567.354144099998,3742376.15534414
4906,,68.87,0.0,0.0,74.372831,0.0,0.0,0.0,0.0,0.0,0.0,0.0,0.0,0.0,Optimal,3567.354144099998,3742376.15534414
4907,,58.2,0.0,0.0,74.372831,0.0,0.0,0.0,0.0,0.0,0.0,0.0,0.0,0.0,Optimal,3567.354144099998,3742376.15534414
4908,,36.48,0.0,0.0,74.372831,0.0,0.0,0.0,0.0,0.0,0.0,0.0,0.0,0.0,Optimal,3567.354144099998,3742376.15534414
4909,,32.43,0.0,30.0,43.122831,30.0,0.0,-30.0,0.0,0.0,0.0,0.0,0.0,0.0,Optimal,3567.354144099998,3742376.15534414
4910,,29.32,0.0,30.0,11.872831,30.0,0.0,-30.0,0.0,0.0,0.0,0.0,0.0,0.0,Optimal,3567.354144099998,3742376.15534414
4911,,32.72,0.0,7.6401325,3.9143595,7.6401325,0.0,-7.6401325,0.0,0.0,0.0,0.0,0.0,0.0,Optimal,3567.354144099998,3742376.15534414
4912,,46.2,0.0,0.0,3.9143595,0.0,0.0,0.0,0.0,0.0,0.0,0.0,0.0,0.0,Optimal,3567.354144099998,3742376.15534414
4913,,75.4,0.0,0.0,3.9143595,0.0,0.0,0.0,0.0,0.0,0.0,0.0,0.0,0.0,Optimal,3567.354144099998,3742376.15534414
4914,,82.41,0.0,0.0,3.9143595,0.0,0.0,0.0,0.0,0.0,0.0,0.0,0.0,0.0,Optimal,3567.354144099998,3742376.15534414
4915,,96.03,0.0,0.0,3.9143595,0.0,0.0,0.0,0.0,0.0,0.0,0.0,0.0,0.0,Optimal,3567.354144099998,3742376.15534414
4916,,116.93,30.0,0.0,32.71436,0.0,30.0,30.0,0.0,0.0,0.0,0.0,0.0,0.0,Optimal,3567.354144099998,3742376.15534414
4917,,102.01,30.0,0.0,61.51436,0.0,30.0,30.0,0.0,0.0,0.0,0.0,0.0,0.0,Optimal,3567.354144099998,3742376.15534414
4918,,100.35,13.394241,0.0,74.372831,0.0,13.394241,13.394241,0.0,0.0,0.0,0.0,0.0,0.0,Optimal,3567.354144099998,3742376.15534414
4919,,91.7,0.0,0.0,74.372831,0.0,0.0,0.0,0.0,0.0,0.0,0.0,0.0,0.0,Optimal,3567.354144099998,3742376.15534414
4920,,83.51,0.0,30.0,43.122831,30.0,0.0,-30.0,0.0,0.0,0.0,0.0,0.0,0.0,Optimal,3567.354144099998,3742376.15534414
4921,,78.33,26.814092,0.0,68.86436,0.0,26.814092,26.814092,0.0,0.0,0.0,0.0,0.0,0.0,Optimal,3567.354144099998,3742376.15534414
4922,,73.0,0.0,30.0,37.61436,30.0,0.0,-30.0,0.0,0.0,0.0,0.0,0.0,0.0,Optimal,3567.354144099998,3742376.15534414
4923,,73.6,0.0,30.0,6.3643595,30.0,0.0,-30.0,0.0,0.0,0.0,0.0,0.0,0.0,Optimal,3567.354144099998,3742376.15534414
4924,,84.8,30.0,0.0,35.16436,0.0,30.0,30.0,0.0,0.0,0.0,0.0,0.0,0.0,Optimal,3567.354144099998,3742376.15534414
4925,,73.62,0.0,30.0,3.9143595,30.0,0.0,-30.0,0.0,0.0,0.0,0.0,0.0,0.0,Optimal,3567.354144099998,3742376.15534414
4926,,94.72,13.394241,0.0,16.772831,0.0,13.394241,13.394241,0.0,0.0,0.0,0.0,0.0,0.0,Optimal,3567.354144099998,3742376.15534414
4927,,112.94,30.0,0.0,45.572831,0.0,30.0,30.0,0.0,0.0,0.0,0.0,0.0,0.0,Optimal,3567.354144099998,3742376.15534414
4928,,99.05,30.0,0.0,74.372831,0.0,30.0,30.0,0.0,0.0,0.0,0.0,0.0,0.0,Optimal,3567.354144099998,3742376.15534414
4929,,72.86,0.0,0.0,74.372831,0.0,0.0,0.0,0.0,0.0,0.0,0.0,0.0,0.0,Optimal,3567.354144099998,3742376.15534414
4930,,54.64,0.0,0.0,74.372831,0.0,0.0,0.0,0.0,0.0,0.0,0.0,0.0,0.0,Optimal,3567.354144099998,3742376.15534414
4931,,20.09,0.0,0.0,74.372831,0.0,0.0,0.0,0.0,0.0,0.0,0.0,0.0,0.0,Optimal,3567.354144099998,3742376.15534414
4932,,0.0,0.0,0.0,74.372831,0.0,0.0,0.0,0.0,0.0,0.0,0.0,0.0,0.0,Optimal,3567.354144099998,3742376.15534414
4933,,-1.97,0.0,7.6401325,66.41436,7.6401325,0.0,-7.6401325,0.0,0.0,0.0,0.0,0.0,0.0,Optimal,3567.354144099998,3742376.15534414
4934,,-10.0,0.0,30.0,35.16436,30.0,0.0,-30.0,0.0,0.0,0.0,0.0,0.0,0.0,Optimal,3567.354144099998,3742376.15534414
4935,,-3.59,0.0,30.0,3.9143595,30.0,0.0,-30.0,0.0,0.0,0.0,0.0,0.0,0.0,Optimal,3567.354144099998,3742376.15534414
4936,,1.81,0.0,0.0,3.9143595,0.0,0.0,0.0,0.0,0.0,0.0,0.0,0.0,0.0,Optimal,3567.354144099998,3742376.15534414
4937,,39.68,0.0,0.0,3.9143595,0.0,0.0,0.0,0.0,0.0,0.0,0.0,0.0,0.0,Optimal,3567.354144099998,3742376.15534414
4938,,68.7,0.0,0.0,3.9143595,0.0,0.0,0.0,0.0,0.0,0.0,0.0,0.0,0.0,Optimal,3567.354144099998,3742376.15534414
4939,,96.87,0.0,0.0,3.9143595,0.0,0.0,0.0,0.0,0.0,0.0,0.0,0.0,0.0,Optimal,3567.354144099998,3742376.15534414
4940,,110.51,30.0,0.0,32.71436,0.0,30.0,30.0,0.0,0.0,0.0,0.0,0.0,0.0,Optimal,3567.354144099998,3742376.15534414
4941,,121.47,30.0,0.0,61.51436,0.0,30.0,30.0,0.0,0.0,0.0,0.0,0.0,0.0,Optimal,3567.354144099998,3742376.15534414
4942,,109.01,13.394241,0.0,74.372831,0.0,13.394241,13.394241,0.0,0.0,0.0,0.0,0.0,0.0,Optimal,3567.354144099998,3742376.15534414
4943,,93.66,0.0,27.648,45.572831,27.648,0.0,-27.648,0.0,0.0,0.0,0.0,0.0,0.0,Optimal,3567.354144099998,3742376.15534414
4944,,92.55,30.0,0.0,74.372831,0.0,30.0,30.0,0.0,0.0,0.0,0.0,0.0,0.0,Optimal,3567.354144099998,3742376.15534414
4945,,87.2,0.0,30.0,43.122831,30.0,0.0,-30.0,0.0,0.0,0.0,0.0,0.0,0.0,Optimal,3567.354144099998,3742376.15534414
4946,,84.9,24.262009,0.0,66.41436,0.0,24.262009,24.262009,0.0,0.0,0.0,0.0,0.0,0.0,Optimal,3567.354144099998,3742376.15534414
4947,,79.92,0.0,30.0,35.16436,30.0,0.0,-30.0,0.0,0.0,0.0,0.0,0.0,0.0,Optimal,3567.354144099998,3742376.15534414
4948,,76.4,0.0,30.0,3.9143595,30.0,0.0,-30.0,0.0,0.0,0.0,0.0,0.0,0.0,Optimal,3567.354144099998,3742376.15534414
4949,,92.53,13.394241,0.0,16.772831,0.0,13.394241,13.394241,0.0,0.0,0.0,0.0,0.0,0.0,Optimal,3567.354144099998,3742376.15534414
4950,,106.16,30.0,0.0,45.572831,0.0,30.0,30.0,0.0,0.0,0.0,0.0,0.0,0.0,Optimal,3567.354144099998,3742376.15534414
4951,,109.03,30.0,0.0,74.372831,0.0,30.0,30.0,0.0,0.0,0.0,0.0,0.0,0.0,Optimal,3567.354144099998,3742376.15534414
4952,,90.98,0.0,0.0,74.372831,0.0,0.0,0.0,0.0,0.0,0.0,0.0,0.0,0.0,Optimal,3567.354144099998,3742376.15534414
4953,,71.98,0.0,0.0,74.372831,0.0,0.0,0.0,0.0,0.0,0.0,0.0,0.0,0.0,Optimal,3567.354144099998,3742376.15534414
4954,,55.08,0.0,0.0,74.372831,0.0,0.0,0.0,0.0,0.0,0.0,0.0,0.0,0.0,Optimal,3567.354144099998,3742376.15534414
4955,,36.95,0.0,0.0,74.372831,0.0,0.0,0.0,0.0,0.0,0.0,0.0,0.0,0.0,Optimal,3567.354144099998,3742376.15534414
4956,,24.31,0.0,7.6401325,66.41436,7.6401325,0.0,-7.6401325,0.0,0.0,0.0,0.0,0.0,0.0,Optimal,3567.354144099998,3742376.15534414
4957,,17.36,0.0,30.0,35.16436,30.0,0.0,-30.0,0.0,0.0,0.0,0.0,0.0,0.0,Optimal,3567.354144099998,3742376.15534414
4958,,13.27,0.0,30.0,3.9143595,30.0,0.0,-30.0,0.0,0.0,0.0,0.0,0.0,0.0,Optimal,3567.354144099998,3742376.15534414
4959,,26.2,0.0,0.0,3.9143595,0.0,0.0,0.0,0.0,0.0,0.0,0.0,0.0,0.0,Optimal,3567.354144099998,3742376.15534414
4960,,53.8,0.0,0.0,3.9143595,0.0,0.0,0.0,0.0,0.0,0.0,0.0,0.0,0.0,Optimal,3567.354144099998,3742376.15534414
4961,,80.0,0.0,0.0,3.9143595,0.0,0.0,0.0,0.0,0.0,0.0,0.0,0.0,0.0,Optimal,3567.354144099998,3742376.15534414
4962,,97.0,0.0,0.0,3.9143595,0.0,0.0,0.0,0.0,0.0,0.0,0.0,0.0,0.0,Optimal,3567.354144099998,3742376.15534414
4963,,119.9,13.394241,0.0,16.772831,0.0,13.394241,13.394241,0.0,0.0,0.0,0.0,0.0,0.0,Optimal,3567.354144099998,3742376.15534414
4964,,148.3,30.0,0.0,45.572831,0.0,30.0,30.0,0.0,0.0,0.0,0.0,0.0,0.0,Optimal,3567.354144099998,3742376.15534414
4965,,129.97,30.0,0.0,74.372831,0.0,30.0,30.0,0.0,0.0,0.0,0.0,0.0,0.0,Optimal,3567.354144099998,3742376.15534414
4966,,100.0,0.0,0.0,74.372831,0.0,0.0,0.0,0.0,0.0,0.0,0.0,0.0,0.0,Optimal,3567.354144099998,3742376.15534414
4967,,84.95,0.0,27.648,45.572831,27.648,0.0,-27.648,0.0,0.0,0.0,0.0,0.0,0.0,Optimal,3567.354144099998,3742376.15534414
4968,,81.0,30.0,0.0,74.372831,0.0,30.0,30.0,0.0,0.0,0.0,0.0,0.0,0.0,Optimal,3567.354144099998,3742376.15534414
4969,,73.5,0.0,30.0,43.122831,30.0,0.0,-30.0,0.0,0.0,0.0,0.0,0.0,0.0,Optimal,3567.354144099998,3742376.15534414
4970,,75.01,0.0,30.0,11.872831,30.0,0.0,-30.0,0.0,0.0,0.0,0.0,0.0,0.0,Optimal,3567.354144099998,3742376.15534414
4971,,77.5,30.0,0.0,40.672831,0.0,30.0,30.0,0.0,0.0,0.0,0.0,0.0,0.0,Optimal,3567.354144099998,3742376.15534414
4972,,76.9,0.0,30.0,9.4228309,30.0,0.0,-30.0,0.0,0.0,0.0,0.0,0.0,0.0,Optimal,3567.354144099998,3742376.15534414
4973,,79.99,0.0,5.2881325,3.9143595,5.2881325,0.0,-5.2881325,0.0,0.0,0.0,0.0,0.0,0.0,Optimal,3567.354144099998,3742376.15534414
4974,,94.76,13.394241,0.0,16.772831,0.0,13.394241,13.394241,0.0,0.0,0.0,0.0,0.0,0.0,Optimal,3567.354144099998,3742376.15534414
4975,,110.2,30.0,0.0,45.572831,0.0,30.0,30.0,0.0,0.0,0.0,0.0,0.0,0.0,Optimal,3567.354144099998,3742376.15534414
4976,,100.56,30.0,0.0,74.372831,0.0,30.0,30.0,0.0,0.0,0.0,0.0,0.0,0.0,Optimal,3567.354144099998,3742376.15534414
4977,,94.8,0.0,27.648,45.572831,27.648,0.0,-27.648,0.0,0.0,0.0,0.0,0.0,0.0,Optimal,3567.354144099998,3742376.15534414
4978,,88.72,30.0,0.0,74.372831,0.0,30.0,30.0,0.0,0.0,0.0,0.0,0.0,0.0,Optimal,3567.354144099998,3742376.15534414
4979,,78.19,0.0,0.0,74.372831,0.0,0.0,0.0,0.0,0.0,0.0,0.0,0.0,0.0,Optimal,3567.354144099998,3742376.15534414
4980,,69.16,0.0,0.0,74.372831,0.0,0.0,0.0,0.0,0.0,0.0,0.0,0.0,0.0,Optimal,3567.354144099998,3742376.15534414
4981,,59.4,0.0,30.0,43.122831,30.0,0.0,-30.0,0.0,0.0,0.0,0.0,0.0,0.0,Optimal,3567.354144099998,3742376.15534414
4982,,50.0,0.0,30.0,11.872831,30.0,0.0,-30.0,0.0,0.0,0.0,0.0,0.0,0.0,Optimal,3567.354144099998,3742376.15534414
4983,,60.49,0.0,7.6401325,3.9143595,7.6401325,0.0,-7.6401325,0.0,0.0,0.0,0.0,0.0,0.0,Optimal,3567.354144099998,3742376.15534414
4984,,71.14,0.0,0.0,3.9143595,0.0,0.0,0.0,0.0,0.0,0.0,0.0,0.0,0.0,Optimal,3567.354144099998,3742376.15534414
4985,,88.19,30.0,0.0,32.71436,0.0,30.0,30.0,0.0,0.0,0.0,0.0,0.0,0.0,Optimal,3567.354144099998,3742376.15534414
4986,,94.99,0.0,27.648,3.9143595,27.648,0.0,-27.648,0.0,0.0,0.0,0.0,0.0,0.0,Optimal,3567.354144099998,3742376.15534414
4987,,109.9,13.394241,0.0,16.772831,0.0,13.394241,13.394241,0.0,0.0,0.0,0.0,0.0,0.0,Optimal,3567.354144099998,3742376.15534414
4988,,146.09,30.0,0.0,45.572831,0.0,30.0,30.0,0.0,0.0,0.0,0.0,0.0,0.0,Optimal,3567.354144099998,3742376.15534414
4989,,138.39,30.0,0.0,74.372831,0.0,30.0,30.0,0.0,0.0,0.0,0.0,0.0,0.0,Optimal,3567.354144099998,3742376.15534414
4990,,106.46,0.0,25.296,48.022831,25.296,0.0,-25.296,0.0,0.0,0.0,0.0,0.0,0.0,Optimal,3567.354144099998,3742376.15534414
4991,,97.9,0.0,30.0,16.772831,30.0,0.0,-30.0,0.0,0.0,0.0,0.0,0.0,0.0,Optimal,3567.354144099998,3742376.15534414
4992,,103.88,30.0,0.0,45.572831,0.0,30.0,30.0,0.0,0.0,0.0,0.0,0.0,0.0,Optimal,3567.354144099998,3742376.15534414
4993,,103.03,30.0,0.0,74.372831,0.0,30.0,30.0,0.0,0.0,0.0,0.0,0.0,0.0,Optimal,3567.354144099998,3742376.15534414
4994,,96.89,0.0,27.648,45.572831,27.648,0.0,-27.648,0.0,0.0,0.0,0.0,0.0,0.0,Optimal,3567.354144099998,3742376.15534414
4995,,94.81,30.0,0.0,74.372831,0.0,30.0,30.0,0.0,0.0,0.0,0.0,0.0,0.0,Optimal,3567.354144099998,3742376.15534414
4996,,92.79,0.0,30.0,43.122831,30.0,0.0,-30.0,0.0,0.0,0.0,0.0,0.0,0.0,Optimal,3567.354144099998,3742376.15534414
4997,,90.19,30.0,0.0,71.922831,0.0,30.0,30.0,0.0,0.0,0.0,0.0,0.0,0.0,Optimal,3567.354144099998,3742376.15534414
4998,,87.09,2.5520833,0.0,74.372831,0.0,2.5520833,2.5520833,0.0,0.0,0.0,0.0,0.0,0.0,Optimal,3567.354144099998,3742376.15534414
4999,,82.41,0.0,27.648,45.572831,27.648,0.0,-27.648,0.0,0.0,0.0,0.0,0.0,0.0,Optimal,3567.354144099998,3742376.15534414
5000,,84.69,30.0,0.0,74.372831,0.0,30.0,30.0,0.0,0.0,0.0,0.0,0.0,0.0,Optimal,3567.354144099998,3742376.15534414
5001,,66.38,0.0,0.0,74.372831,0.0,0.0,0.0,0.0,0.0,0.0,0.0,0.0,0.0,Optimal,3567.354144099998,3742376.15534414
5002,,59.83,0.0,0.0,74.372831,0.0,0.0,0.0,0.0,0.0,0.0,0.0,0.0,0.0,Optimal,3567.354144099998,3742376.15534414
5003,,39.9,0.0,0.0,74.372831,0.0,0.0,0.0,0.0,0.0,0.0,0.0,0.0,0.0,Optimal,3567.354144099998,3742376.15534414
5004,,28.0,0.0,7.6401325,66.41436,7.6401325,0.0,-7.6401325,0.0,0.0,0.0,0.0,0.0,0.0,Optimal,3567.354144099998,3742376.15534414
5005,,17.8,0.0,30.0,35.16436,30.0,0.0,-30.0,0.0,0.0,0.0,0.0,0.0,0.0,Optimal,3567.354144099998,3742376.15534414
5006,,17.92,0.0,30.0,3.9143595,30.0,0.0,-30.0,0.0,0.0,0.0,0.0,0.0,0.0,Optimal,3567.354144099998,3742376.15534414
5007,,32.2,0.0,0.0,3.9143595,0.0,0.0,0.0,0.0,0.0,0.0,0.0,0.0,0.0,Optimal,3567.354144099998,3742376.15534414
5008,,58.56,0.0,0.0,3.9143595,0.0,0.0,0.0,0.0,0.0,0.0,0.0,0.0,0.0,Optimal,3567.354144099998,3742376.15534414
5009,,84.04,0.0,0.0,3.9143595,0.0,0.0,0.0,0.0,0.0,0.0,0.0,0.0,0.0,Optimal,3567.354144099998,3742376.15534414
5010,,103.01,0.0,0.0,3.9143595,0.0,0.0,0.0,0.0,0.0,0.0,0.0,0.0,0.0,Optimal,3567.354144099998,3742376.15534414
5011,,115.66,13.394241,0.0,16.772831,0.0,13.394241,13.394241,0.0,0.0,0.0,0.0,0.0,0.0,Optimal,3567.354144099998,3742376.15534414
5012,,121.76,30.0,0.0,45.572831,0.0,30.0,30.0,0.0,0.0,0.0,0.0,0.0,0.0,Optimal,3567.354144099998,3742376.15534414
5013,,120.43,30.0,0.0,74.372831,0.0,30.0,30.0,0.0,0.0,0.0,0.0,0.0,0.0,Optimal,3567.354144099998,3742376.15534414
5014,,107.51,0.0,0.0,74.372831,0.0,0.0,0.0,0.0,0.0,0.0,0.0,0.0,0.0,Optimal,3567.354144099998,3742376.15534414
5015,,97.43,0.0,27.648,45.572831,27.648,0.0,-27.648,0.0,0.0,0.0,0.0,0.0,0.0,Optimal,3567.354144099998,3742376.15534414
5016,,107.0,30.0,0.0,74.372831,0.0,30.0,30.0,0.0,0.0,0.0,0.0,0.0,0.0,Optimal,3567.354144099998,3742376.15534414
5017,,94.59,0.0,27.648,45.572831,27.648,0.0,-27.648,0.0,0.0,0.0,0.0,0.0,0.0,Optimal,3567.354144099998,3742376.15534414
5018,,87.6,30.0,0.0,74.372831,0.0,30.0,30.0,0.0,0.0,0.0,0.0,0.0,0.0,Optimal,3567.354144099998,3742376.15534414
5019,,81.53,0.0,27.648,45.572831,27.648,0.0,-27.648,0.0,0.0,0.0,0.0,0.0,0.0,Optimal,3567.354144099998,3742376.15534414
5020,,80.55,30.0,0.0,74.372831,0.0,30.0,30.0,0.0,0.0,0.0,0.0,0.0,0.0,Optimal,3567.354144099998,3742376.15534414
5021,,77.24,0.0,27.648,45.572831,27.648,0.0,-27.648,0.0,0.0,0.0,0.0,0.0,0.0,Optimal,3567.354144099998,3742376.15534414
5022,,75.53,30.0,0.0,74.372831,0.0,30.0,30.0,0.0,0.0,0.0,0.0,0.0,0.0,Optimal,3567.354144099998,3742376.15534414
5023,,67.45,0.0,0.0,74.372831,0.0,0.0,0.0,0.0,0.0,0.0,0.0,0.0,0.0,Optimal,3567.354144099998,3742376.15534414
5024,,25.49,0.0,0.0,74.372831,0.0,0.0,0.0,0.0,0.0,0.0,0.0,0.0,0.0,Optimal,3567.354144099998,3742376.15534414
5025,,4.84,0.0,0.0,74.372831,0.0,0.0,0.0,0.0,0.0,0.0,0.0,0.0,0.0,Optimal,3567.354144099998,3742376.15534414
5026,,0.0,0.0,0.0,74.372831,0.0,0.0,0.0,0.0,0.0,0.0,0.0,0.0,0.0,Optimal,3567.354144099998,3742376.15534414
5027,,-4.9,0.0,0.0,74.372831,0.0,0.0,0.0,0.0,0.0,0.0,0.0,0.0,0.0,Optimal,3567.354144099998,3742376.15534414
5028,,-32.91,0.0,0.0,74.372831,0.0,0.0,0.0,0.0,0.0,0.0,0.0,0.0,0.0,Optimal,3567.354144099998,3742376.15534414
5029,,-64.13,0.0,30.0,43.122831,30.0,0.0,-30.0,0.0,0.0,0.0,0.0,0.0,0.0,Optimal,3567.354144099998,3742376.15534414
5030,,-60.0,0.0,30.0,11.872831,30.0,0.0,-30.0,0.0,0.0,0.0,0.0,0.0,0.0,Optimal,3567.354144099998,3742376.15534414
5031,,-33.6,0.0,7.6401325,3.9143595,7.6401325,0.0,-7.6401325,0.0,0.0,0.0,0.0,0.0,0.0,Optimal,3567.354144099998,3742376.15534414
5032,,-13.2,0.0,0.0,3.9143595,0.0,0.0,0.0,0.0,0.0,0.0,0.0,0.0,0.0,Optimal,3567.354144099998,3742376.15534414
5033,,-1.91,0.0,0.0,3.9143595,0.0,0.0,0.0,0.0,0.0,0.0,0.0,0.0,0.0,Optimal,3567.354144099998,3742376.15534414
5034,,40.0,0.0,0.0,3.9143595,0.0,0.0,0.0,0.0,0.0,0.0,0.0,0.0,0.0,Optimal,3567.354144099998,3742376.15534414
5035,,90.4,0.0,0.0,3.9143595,0.0,0.0,0.0,0.0,0.0,0.0,0.0,0.0,0.0,Optimal,3567.354144099998,3742376.15534414
5036,,109.38,30.0,0.0,32.71436,0.0,30.0,30.0,0.0,0.0,0.0,0.0,0.0,0.0,Optimal,3567.354144099998,3742376.15534414
5037,,112.38,30.0,0.0,61.51436,0.0,30.0,30.0,0.0,0.0,0.0,0.0,0.0,0.0,Optimal,3567.354144099998,3742376.15534414
5038,,103.12,13.394241,0.0,74.372831,0.0,13.394241,13.394241,0.0,0.0,0.0,0.0,0.0,0.0,Optimal,3567.354144099998,3742376.15534414
5039,,83.01,0.0,27.648,45.572831,27.648,0.0,-27.648,0.0,0.0,0.0,0.0,0.0,0.0,Optimal,3567.354144099998,3742376.15534414
5040,,78.06,30.0,0.0,74.372831,0.0,30.0,30.0,0.0,0.0,0.0,0.0,0.0,0.0,Optimal,3567.354144099998,3742376.15534414
5041,,74.42,0.0,30.0,43.122831,30.0,0.0,-30.0,0.0,0.0,0.0,0.0,0.0,0.0,Optimal,3567.354144099998,3742376.15534414
5042,,70.8,0.0,30.0,11.872831,30.0,0.0,-30.0,0.0,0.0,0.0,0.0,0.0,0.0,Optimal,3567.354144099998,3742376.15534414
5043,,73.04,24.262009,0.0,35.16436,0.0,24.262009,24.262009,0.0,0.0,0.0,0.0,0.0,0.0,Optimal,3567.354144099998,3742376.15534414
5044,,76.42,0.0,30.0,3.9143595,30.0,0.0,-30.0,0.0,0.0,0.0,0.0,0.0,0.0,Optimal,3567.354144099998,3742376.15534414
5045,,96.95,13.394241,0.0,16.772831,0.0,13.394241,13.394241,0.0,0.0,0.0,0.0,0.0,0.0,Optimal,3567.354144099998,3742376.15534414
5046,,130.9,30.0,0.0,45.572831,0.0,30.0,30.0,0.0,0.0,0.0,0.0,0.0,0.0,Optimal,3567.354144099998,3742376.15534414
5047,,109.2,30.0,0.0,74.372831,0.0,30.0,30.0,0.0,0.0,0.0,0.0,0.0,0.0,Optimal,3567.354144099998,3742376.15534414
5048,,90.19,0.0,0.0,74.372831,0.0,0.0,0.0,0.0,0.0,0.0,0.0,0.0,0.0,Optimal,3567.354144099998,3742376.15534414
5049,,63.2,0.0,0.0,74.372831,0.0,0.0,0.0,0.0,0.0,0.0,0.0,0.0,0.0,Optimal,3567.354144099998,3742376.15534414
5050,,12.0,0.0,0.0,74.372831,0.0,0.0,0.0,0.0,0.0,0.0,0.0,0.0,0.0,Optimal,3567.354144099998,3742376.15534414
5051,,-3.45,0.0,30.0,43.122831,30.0,0.0,-30.0,0.0,0.0,0.0,0.0,0.0,0.0,Optimal,3567.354144099998,3742376.15534414
5052,,-0.23,30.0,0.0,71.922831,0.0,30.0,30.0,0.0,0.0,0.0,0.0,0.0,0.0,Optimal,3567.354144099998,3742376.15534414
5053,,-3.0,0.0,30.0,40.672831,30.0,0.0,-30.0,0.0,0.0,0.0,0.0,0.0,0.0,Optimal,3567.354144099998,3742376.15534414
5054,,-0.98,0.0,30.0,9.4228309,30.0,0.0,-30.0,0.0,0.0,0.0,0.0,0.0,0.0,Optimal,3567.354144099998,3742376.15534414
5055,,-0.39,0.0,5.2881325,3.9143595,5.2881325,0.0,-5.2881325,0.0,0.0,0.0,0.0,0.0,0.0,Optimal,3567.354144099998,3742376.15534414
5056,,13.4,0.0,0.0,3.9143595,0.0,0.0,0.0,0.0,0.0,0.0,0.0,0.0,0.0,Optimal,3567.354144099998,3742376.15534414
5057,,64.16,0.0,0.0,3.9143595,0.0,0.0,0.0,0.0,0.0,0.0,0.0,0.0,0.0,Optimal,3567.354144099998,3742376.15534414
5058,,95.7,0.0,0.0,3.9143595,0.0,0.0,0.0,0.0,0.0,0.0,0.0,0.0,0.0,Optimal,3567.354144099998,3742376.15534414
5059,,119.72,13.394241,0.0,16.772831,0.0,13.394241,13.394241,0.0,0.0,0.0,0.0,0.0,0.0,Optimal,3567.354144099998,3742376.15534414
5060,,172.2,30.0,0.0,45.572831,0.0,30.0,30.0,0.0,0.0,0.0,0.0,0.0,0.0,Optimal,3567.354144099998,3742376.15534414
5061,,130.1,30.0,0.0,74.372831,0.0,30.0,30.0,0.0,0.0,0.0,0.0,0.0,0.0,Optimal,3567.354144099998,3742376.15534414
5062,,106.97,0.0,0.0,74.372831,0.0,0.0,0.0,0.0,0.0,0.0,0.0,0.0,0.0,Optimal,3567.354144099998,3742376.15534414
5063,,90.2,0.0,0.0,74.372831,0.0,0.0,0.0,0.0,0.0,0.0,0.0,0.0,0.0,Optimal,3567.354144099998,3742376.15534414
5064,,76.32,0.0,7.6401325,66.41436,7.6401325,0.0,-7.6401325,0.0,0.0,0.0,0.0,0.0,0.0,Optimal,3567.354144099998,3742376.15534414
5065,,74.19,0.0,30.0,35.16436,30.0,0.0,-30.0,0.0,0.0,0.0,0.0,0.0,0.0,Optimal,3567.354144099998,3742376.15534414
5066,,76.18,0.0,30.0,3.9143595,30.0,0.0,-30.0,0.0,0.0,0.0,0.0,0.0,0.0,Optimal,3567.354144099998,3742376.15534414
5067,,80.82,30.0,0.0,32.71436,0.0,30.0,30.0,0.0,0.0,0.0,0.0,0.0,0.0,Optimal,3567.354144099998,3742376.15534414
5068,,85.38,0.0,27.648,3.9143595,27.648,0.0,-27.648,0.0,0.0,0.0,0.0,0.0,0.0,Optimal,3567.354144099998,3742376.15534414
5069,,100.24,13.394241,0.0,16.772831,0.0,13.394241,13.394241,0.0,0.0,0.0,0.0,0.0,0.0,Optimal,3567.354144099998,3742376.15534414
5070,,110.88,30.0,0.0,45.572831,0.0,30.0,30.0,0.0,0.0,0.0,0.0,0.0,0.0,Optimal,3567.354144099998,3742376.15534414
5071,,108.95,30.0,0.0,74.372831,0.0,30.0,30.0,0.0,0.0,0.0,0.0,0.0,0.0,Optimal,3567.354144099998,3742376.15534414
5072,,98.41,0.0,0.0,74.372831,0.0,0.0,0.0,0.0,0.0,0.0,0.0,0.0,0.0,Optimal,3567.354144099998,3742376.15534414
5073,,67.1,0.0,0.0,74.372831,0.0,0.0,0.0,0.0,0.0,0.0,0.0,0.0,0.0,Optimal,3567.354144099998,3742376.15534414
5074,,37.52,0.0,0.0,74.372831,0.0,0.0,0.0,0.0,0.0,0.0,0.0,0.0,0.0,Optimal,3567.354144099998,3742376.15534414
5075,,7.84,0.0,0.0,74.372831,0.0,0.0,0.0,0.0,0.0,0.0,0.0,0.0,0.0,Optimal,3567.354144099998,3742376.15534414
5076,,1.0,0.0,7.6401325,66.41436,7.6401325,0.0,-7.6401325,0.0,0.0,0.0,0.0,0.0,0.0,Optimal,3567.354144099998,3742376.15534414
5077,,-0.06,0.0,30.0,35.16436,30.0,0.0,-30.0,0.0,0.0,0.0,0.0,0.0,0.0,Optimal,3567.354144099998,3742376.15534414
5078,,-0.06,0.0,30.0,3.9143595,30.0,0.0,-30.0,0.0,0.0,0.0,0.0,0.0,0.0,Optimal,3567.354144099998,3742376.15534414
5079,,13.11,0.0,0.0,3.9143595,0.0,0.0,0.0,0.0,0.0,0.0,0.0,0.0,0.0,Optimal,3567.354144099998,3742376.15534414
5080,,40.74,0.0,0.0,3.9143595,0.0,0.0,0.0,0.0,0.0,0.0,0.0,0.0,0.0,Optimal,3567.354144099998,3742376.15534414
5081,,77.31,0.0,0.0,3.9143595,0.0,0.0,0.0,0.0,0.0,0.0,0.0,0.0,0.0,Optimal,3567.354144099998,3742376.15534414
5082,,102.19,0.0,0.0,3.9143595,0.0,0.0,0.0,0.0,0.0,0.0,0.0,0.0,0.0,Optimal,3567.354144099998,3742376.15534414
5083,,126.76,13.394241,0.0,16.772831,0.0,13.394241,13.394241,0.0,0.0,0.0,0.0,0.0,0.0,Optimal,3567.354144099998,3742376.15534414
5084,,164.68,30.0,0.0,45.572831,0.0,30.0,30.0,0.0,0.0,0.0,0.0,0.0,0.0,Optimal,3567.354144099998,3742376.15534414
5085,,144.62,30.0,0.0,74.372831,0.0,30.0,30.0,0.0,0.0,0.0,0.0,0.0,0.0,Optimal,3567.354144099998,3742376.15534414
5086,,114.59,0.0,0.0,74.372831,0.0,0.0,0.0,0.0,0.0,0.0,0.0,0.0,0.0,Optimal,3567.354144099998,3742376.15534414
5087,,99.04,0.0,27.648,45.572831,27.648,0.0,-27.648,0.0,0.0,0.0,0.0,0.0,0.0,Optimal,3567.354144099998,3742376.15534414
5088,,98.55,30.0,0.0,74.372831,0.0,30.0,30.0,0.0,0.0,0.0,0.0,0.0,0.0,Optimal,3567.354144099998,3742376.15534414
5089,,86.2,0.0,30.0,43.122831,30.0,0.0,-30.0,0.0,0.0,0.0,0.0,0.0,0.0,Optimal,3567.354144099998,3742376.15534414
5090,,83.82,24.262009,0.0,66.41436,0.0,24.262009,24.262009,0.0,0.0,0.0,0.0,0.0,0.0,Optimal,3567.354144099998,3742376.15534414
5091,,77.32,0.0,30.0,35.16436,30.0,0.0,-30.0,0.0,0.0,0.0,0.0,0.0,0.0,Optimal,3567.354144099998,3742376.15534414
5092,,85.1,0.0,30.0,3.9143595,30.0,0.0,-30.0,0.0,0.0,0.0,0.0,0.0,0.0,Optimal,3567.354144099998,3742376.15534414
5093,,94.12,0.0,0.0,3.9143595,0.0,0.0,0.0,0.0,0.0,0.0,0.0,0.0,0.0,Optimal,3567.354144099998,3742376.15534414
5094,,105.05,30.0,0.0,32.71436,0.0,30.0,30.0,0.0,0.0,0.0,0.0,0.0,0.0,Optimal,3567.354144099998,3742376.15534414
5095,,109.69,30.0,0.0,61.51436,0.0,30.0,30.0,0.0,0.0,0.0,0.0,0.0,0.0,Optimal,3567.354144099998,3742376.15534414
5096,,95.26,13.394241,0.0,74.372831,0.0,13.394241,13.394241,0.0,0.0,0.0,0.0,0.0,0.0,Optimal,3567.354144099998,3742376.15534414
5097,,78.83,0.0,0.0,74.372831,0.0,0.0,0.0,0.0,0.0,0.0,0.0,0.0,0.0,Optimal,3567.354144099998,3742376.15534414
5098,,55.89,0.0,0.0,74.372831,0.0,0.0,0.0,0.0,0.0,0.0,0.0,0.0,0.0,Optimal,3567.354144099998,3742376.15534414
5099,,33.46,0.0,0.0,74.372831,0.0,0.0,0.0,0.0,0.0,0.0,0.0,0.0,0.0,Optimal,3567.354144099998,3742376.15534414
5100,,22.83,0.0,7.6401325,66.41436,7.6401325,0.0,-7.6401325,0.0,0.0,0.0,0.0,0.0,0.0,Optimal,3567.354144099998,3742376.15534414
5101,,11.36,0.0,30.0,35.16436,30.0,0.0,-30.0,0.0,0.0,0.0,0.0,0.0,0.0,Optimal,3567.354144099998,3742376.15534414
5102,,18.37,0.0,30.0,3.9143595,30.0,0.0,-30.0,0.0,0.0,0.0,0.0,0.0,0.0,Optimal,3567.354144099998,3742376.15534414
5103,,30.6,0.0,0.0,3.9143595,0.0,0.0,0.0,0.0,0.0,0.0,0.0,0.0,0.0,Optimal,3567.354144099998,3742376.15534414
5104,,34.06,0.0,0.0,3.9143595,0.0,0.0,0.0,0.0,0.0,0.0,0.0,0.0,0.0,Optimal,3567.354144099998,3742376.15534414
5105,,75.8,0.0,0.0,3.9143595,0.0,0.0,0.0,0.0,0.0,0.0,0.0,0.0,0.0,Optimal,3567.354144099998,3742376.15534414
5106,,95.89,0.0,0.0,3.9143595,0.0,0.0,0.0,0.0,0.0,0.0,0.0,0.0,0.0,Optimal,3567.354144099998,3742376.15534414
5107,,114.62,30.0,0.0,32.71436,0.0,30.0,30.0,0.0,0.0,0.0,0.0,0.0,0.0,Optimal,3567.354144099998,3742376.15534414
5108,,133.63,30.0,0.0,61.51436,0.0,30.0,30.0,0.0,0.0,0.0,0.0,0.0,0.0,Optimal,3567.354144099998,3742376.15534414
5109,,112.64,13.394241,0.0,74.372831,0.0,13.394241,13.394241,0.0,0.0,0.0,0.0,0.0,0.0,Optimal,3567.354144099998,3742376.15534414
5110,,104.44,0.0,0.0,74.372831,0.0,0.0,0.0,0.0,0.0,0.0,0.0,0.0,0.0,Optimal,3567.354144099998,3742376.15534414
5111,,96.56,0.0,27.648,45.572831,27.648,0.0,-27.648,0.0,0.0,0.0,0.0,0.0,0.0,Optimal,3567.354144099998,3742376.15534414
5112,,96.72,30.0,0.0,74.372831,0.0,30.0,30.0,0.0,0.0,0.0,0.0,0.0,0.0,Optimal,3567.354144099998,3742376.15534414
5113,,89.8,0.0,30.0,43.122831,30.0,0.0,-30.0,0.0,0.0,0.0,0.0,0.0,0.0,Optimal,3567.354144099998,3742376.15534414
5114,,86.76,24.262009,0.0,66.41436,0.0,24.262009,24.262009,0.0,0.0,0.0,0.0,0.0,0.0,Optimal,3567.354144099998,3742376.15534414
5115,,80.4,0.0,30.0,35.16436,30.0,0.0,-30.0,0.0,0.0,0.0,0.0,0.0,0.0,Optimal,3567.354144099998,3742376.15534414
5116,,86.1,0.0,30.0,3.9143595,30.0,0.0,-30.0,0.0,0.0,0.0,0.0,0.0,0.0,Optimal,3567.354144099998,3742376.15534414
5117,,99.1,0.0,0.0,3.9143595,0.0,0.0,0.0,0.0,0.0,0.0,0.0,0.0,0.0,Optimal,3567.354144099998,3742376.15534414
5118,,114.22,30.0,0.0,32.71436,0.0,30.0,30.0,0.0,0.0,0.0,0.0,0.0,0.0,Optimal,3567.354144099998,3742376.15534414
5119,,106.99,30.0,0.0,61.51436,0.0,30.0,30.0,0.0,0.0,0.0,0.0,0.0,0.0,Optimal,3567.354144099998,3742376.15534414
5120,,105.95,13.394241,0.0,74.372831,0.0,13.394241,13.394241,0.0,0.0,0.0,0.0,0.0,0.0,Optimal,3567.354144099998,3742376.15534414
5121,,90.1,0.0,0.0,74.372831,0.0,0.0,0.0,0.0,0.0,0.0,0.0,0.0,0.0,Optimal,3567.354144099998,3742376.15534414
5122,,76.95,0.0,0.0,74.372831,0.0,0.0,0.0,0.0,0.0,0.0,0.0,0.0,0.0,Optimal,3567.354144099998,3742376.15534414
5123,,67.64,0.0,30.0,43.122831,30.0,0.0,-30.0,0.0,0.0,0.0,0.0,0.0,0.0,Optimal,3567.354144099998,3742376.15534414
5124,,64.03,24.262009,0.0,66.41436,0.0,24.262009,24.262009,0.0,0.0,0.0,0.0,0.0,0.0,Optimal,3567.354144099998,3742376.15534414
5125,,60.34,0.0,30.0,35.16436,30.0,0.0,-30.0,0.0,0.0,0.0,0.0,0.0,0.0,Optimal,3567.354144099998,3742376.15534414
5126,,62.13,0.0,30.0,3.9143595,30.0,0.0,-30.0,0.0,0.0,0.0,0.0,0.0,0.0,Optimal,3567.354144099998,3742376.15534414
5127,,70.55,30.0,0.0,32.71436,0.0,30.0,30.0,0.0,0.0,0.0,0.0,0.0,0.0,Optimal,3567.354144099998,3742376.15534414
5128,,74.24,0.0,27.648,3.9143595,27.648,0.0,-27.648,0.0,0.0,0.0,0.0,0.0,0.0,Optimal,3567.354144099998,3742376.15534414
5129,,93.78,30.0,0.0,32.71436,0.0,30.0,30.0,0.0,0.0,0.0,0.0,0.0,0.0,Optimal,3567.354144099998,3742376.15534414
5130,,99.9,0.0,27.648,3.9143595,27.648,0.0,-27.648,0.0,0.0,0.0,0.0,0.0,0.0,Optimal,3567.354144099998,3742376.15534414
5131,,115.2,13.394241,0.0,16.772831,0.0,13.394241,13.394241,0.0,0.0,0.0,0.0,0.0,0.0,Optimal,3567.354144099998,3742376.15534414
5132,,140.1,30.0,0.0,45.572831,0.0,30.0,30.0,0.0,0.0,0.0,0.0,0.0,0.0,Optimal,3567.354144099998,3742376.15534414
5133,,123.36,30.0,0.0,74.372831,0.0,30.0,30.0,0.0,0.0,0.0,0.0,0.0,0.0,Optimal,3567.354144099998,3742376.15534414
5134,,111.73,0.0,27.648,45.572831,27.648,0.0,-27.648,0.0,0.0,0.0,0.0,0.0,0.0,Optimal,3567.354144099998,3742376.15534414
5135,,105.33,30.0,0.0,74.372831,0.0,30.0,30.0,0.0,0.0,0.0,0.0,0.0,0.0,Optimal,3567.354144099998,3742376.15534414
5136,,93.93,0.0,5.2881325,68.86436,5.2881325,0.0,-5.2881325,0.0,0.0,0.0,0.0,0.0,0.0,Optimal,3567.354144099998,3742376.15534414
5137,,88.87,0.0,30.0,37.61436,30.0,0.0,-30.0,0.0,0.0,0.0,0.0,0.0,0.0,Optimal,3567.354144099998,3742376.15534414
5138,,87.8,30.0,0.0,66.41436,0.0,30.0,30.0,0.0,0.0,0.0,0.0,0.0,0.0,Optimal,3567.354144099998,3742376.15534414
5139,,82.26,0.0,30.0,35.16436,30.0,0.0,-30.0,0.0,0.0,0.0,0.0,0.0,0.0,Optimal,3567.354144099998,3742376.15534414
5140,,86.1,0.0,30.0,3.9143595,30.0,0.0,-30.0,0.0,0.0,0.0,0.0,0.0,0.0,Optimal,3567.354144099998,3742376.15534414
5141,,94.44,0.0,0.0,3.9143595,0.0,0.0,0.0,0.0,0.0,0.0,0.0,0.0,0.0,Optimal,3567.354144099998,3742376.15534414
5142,,109.51,13.394241,0.0,16.772831,0.0,13.394241,13.394241,0.0,0.0,0.0,0.0,0.0,0.0,Optimal,3567.354144099998,3742376.15534414
5143,,119.79,30.0,0.0,45.572831,0.0,30.0,30.0,0.0,0.0,0.0,0.0,0.0,0.0,Optimal,3567.354144099998,3742376.15534414
5144,,112.75,30.0,0.0,74.372831,0.0,30.0,30.0,0.0,0.0,0.0,0.0,0.0,0.0,Optimal,3567.354144099998,3742376.15534414
5145,,104.42,0.0,0.0,74.372831,0.0,0.0,0.0,0.0,0.0,0.0,0.0,0.0,0.0,Optimal,3567.354144099998,3742376.15534414
5146,,65.1,0.0,30.0,43.122831,30.0,0.0,-30.0,0.0,0.0,0.0,0.0,0.0,0.0,Optimal,3567.354144099998,3742376.15534414
5147,,69.08,30.0,0.0,71.922831,0.0,30.0,30.0,0.0,0.0,0.0,0.0,0.0,0.0,Optimal,3567.354144099998,3742376.15534414
5148,,63.84,2.5520833,0.0,74.372831,0.0,2.5520833,2.5520833,0.0,0.0,0.0,0.0,0.0,0.0,Optimal,3567.354144099998,3742376.15534414
5149,,51.7,0.0,7.6401325,66.41436,7.6401325,0.0,-7.6401325,0.0,0.0,0.0,0.0,0.0,0.0,Optimal,3567.354144099998,3742376.15534414
5150,,50.23,0.0,30.0,35.16436,30.0,0.0,-30.0,0.0,0.0,0.0,0.0,0.0,0.0,Optimal,3567.354144099998,3742376.15534414
5151,,50.05,0.0,30.0,3.9143595,30.0,0.0,-30.0,0.0,0.0,0.0,0.0,0.0,0.0,Optimal,3567.354144099998,3742376.15534414
5152,,64.72,0.0,0.0,3.9143595,0.0,0.0,0.0,0.0,0.0,0.0,0.0,0.0,0.0,Optimal,3567.354144099998,3742376.15534414
5153,,76.91,0.0,0.0,3.9143595,0.0,0.0,0.0,0.0,0.0,0.0,0.0,0.0,0.0,Optimal,3567.354144099998,3742376.15534414
5154,,99.9,0.0,0.0,3.9143595,0.0,0.0,0.0,0.0,0.0,0.0,0.0,0.0,0.0,Optimal,3567.354144099998,3742376.15534414
5155,,128.76,30.0,0.0,32.71436,0.0,30.0,30.0,0.0,0.0,0.0,0.0,0.0,0.0,Optimal,3567.354144099998,3742376.15534414
5156,,145.73,30.0,0.0,61.51436,0.0,30.0,30.0,0.0,0.0,0.0,0.0,0.0,0.0,Optimal,3567.354144099998,3742376.15534414
5157,,116.92,13.394241,0.0,74.372831,0.0,13.394241,13.394241,0.0,0.0,0.0,0.0,0.0,0.0,Optimal,3567.354144099998,3742376.15534414
5158,,110.9,0.0,0.0,74.372831,0.0,0.0,0.0,0.0,0.0,0.0,0.0,0.0,0.0,Optimal,3567.354144099998,3742376.15534414
5159,,99.4,0.0,30.0,43.122831,30.0,0.0,-30.0,0.0,0.0,0.0,0.0,0.0,0.0,Optimal,3567.354144099998,3742376.15534414
5160,,100.16,30.0,0.0,71.922831,0.0,30.0,30.0,0.0,0.0,0.0,0.0,0.0,0.0,Optimal,3567.354144099998,3742376.15534414
5161,,96.33,2.5520833,0.0,74.372831,0.0,2.5520833,2.5520833,0.0,0.0,0.0,0.0,0.0,0.0,Optimal,3567.354144099998,3742376.15534414
5162,,90.7,0.0,7.6401325,66.41436,7.6401325,0.0,-7.6401325,0.0,0.0,0.0,0.0,0.0,0.0,Optimal,3567.354144099998,3742376.15534414
5163,,86.54,0.0,30.0,35.16436,30.0,0.0,-30.0,0.0,0.0,0.0,0.0,0.0,0.0,Optimal,3567.354144099998,3742376.15534414
5164,,83.74,0.0,30.0,3.9143595,30.0,0.0,-30.0,0.0,0.0,0.0,0.0,0.0,0.0,Optimal,3567.354144099998,3742376.15534414
5165,,92.1,30.0,0.0,32.71436,0.0,30.0,30.0,0.0,0.0,0.0,0.0,0.0,0.0,Optimal,3567.354144099998,3742376.15534414
5166,,99.9,30.0,0.0,61.51436,0.0,30.0,30.0,0.0,0.0,0.0,0.0,0.0,0.0,Optimal,3567.354144099998,3742376.15534414
5167,,92.05,13.394241,0.0,74.372831,0.0,13.394241,13.394241,0.0,0.0,0.0,0.0,0.0,0.0,Optimal,3567.354144099998,3742376.15534414
5168,,81.19,0.0,0.0,74.372831,0.0,0.0,0.0,0.0,0.0,0.0,0.0,0.0,0.0,Optimal,3567.354144099998,3742376.15534414
5169,,62.91,0.0,0.0,74.372831,0.0,0.0,0.0,0.0,0.0,0.0,0.0,0.0,0.0,Optimal,3567.354144099998,3742376.15534414
5170,,32.44,0.0,0.0,74.372831,0.0,0.0,0.0,0.0,0.0,0.0,0.0,0.0,0.0,Optimal,3567.354144099998,3742376.15534414
5171,,20.36,0.0,0.0,74.372831,0.0,0.0,0.0,0.0,0.0,0.0,0.0,0.0,0.0,Optimal,3567.354144099998,3742376.15534414
5172,,14.66,0.0,0.0,74.372831,0.0,0.0,0.0,0.0,0.0,0.0,0.0,0.0,0.0,Optimal,3567.354144099998,3742376.15534414
5173,,6.41,0.0,30.0,43.122831,30.0,0.0,-30.0,0.0,0.0,0.0,0.0,0.0,0.0,Optimal,3567.354144099998,3742376.15534414
5174,,4.1,0.0,30.0,11.872831,30.0,0.0,-30.0,0.0,0.0,0.0,0.0,0.0,0.0,Optimal,3567.354144099998,3742376.15534414
5175,,12.02,0.0,7.6401325,3.9143595,7.6401325,0.0,-7.6401325,0.0,0.0,0.0,0.0,0.0,0.0,Optimal,3567.354144099998,3742376.15534414
5176,,28.8,0.0,0.0,3.9143595,0.0,0.0,0.0,0.0,0.0,0.0,0.0,0.0,0.0,Optimal,3567.354144099998,3742376.15534414
5177,,70.7,0.0,0.0,3.9143595,0.0,0.0,0.0,0.0,0.0,0.0,0.0,0.0,0.0,Optimal,3567.354144099998,3742376.15534414
5178,,99.9,30.0,0.0,32.71436,0.0,30.0,30.0,0.0,0.0,0.0,0.0,0.0,0.0,Optimal,3567.354144099998,3742376.15534414
5179,,106.85,0.0,27.648,3.9143595,27.648,0.0,-27.648,0.0,0.0,0.0,0.0,0.0,0.0,Optimal,3567.354144099998,3742376.15534414
5180,,119.9,30.0,0.0,32.71436,0.0,30.0,30.0,0.0,0.0,0.0,0.0,0.0,0.0,Optimal,3567.354144099998,3742376.15534414
5181,,130.85,30.0,0.0,61.51436,0.0,30.0,30.0,0.0,0.0,0.0,0.0,0.0,0.0,Optimal,3567.354144099998,3742376.15534414
5182,,115.05,13.394241,0.0,74.372831,0.0,13.394241,13.394241,0.0,0.0,0.0,0.0,0.0,0.0,Optimal,3567.354144099998,3742376.15534414
5183,,99.9,0.0,27.648,45.572831,27.648,0.0,-27.648,0.0,0.0,0.0,0.0,0.0,0.0,Optimal,3567.354144099998,3742376.15534414
5184,,106.89,30.0,0.0,74.372831,0.0,30.0,30.0,0.0,0.0,0.0,0.0,0.0,0.0,Optimal,3567.354144099998,3742376.15534414
5185,,97.65,0.0,27.648,45.572831,27.648,0.0,-27.648,0.0,0.0,0.0,0.0,0.0,0.0,Optimal,3567.354144099998,3742376.15534414
5186,,93.88,30.0,0.0,74.372831,0.0,30.0,30.0,0.0,0.0,0.0,0.0,0.0,0.0,Optimal,3567.354144099998,3742376.15534414
5187,,88.05,0.0,27.648,45.572831,27.648,0.0,-27.648,0.0,0.0,0.0,0.0,0.0,0.0,Optimal,3567.354144099998,3742376.15534414
5188,,85.5,30.0,0.0,74.372831,0.0,30.0,30.0,0.0,0.0,0.0,0.0,0.0,0.0,Optimal,3567.354144099998,3742376.15534414
5189,,79.06,0.0,27.648,45.572831,27.648,0.0,-27.648,0.0,0.0,0.0,0.0,0.0,0.0,Optimal,3567.354144099998,3742376.15534414
5190,,77.7,30.0,0.0,74.372831,0.0,30.0,30.0,0.0,0.0,0.0,0.0,0.0,0.0,Optimal,3567.354144099998,3742376.15534414
5191,,69.83,0.0,0.0,74.372831,0.0,0.0,0.0,0.0,0.0,0.0,0.0,0.0,0.0,Optimal,3567.354144099998,3742376.15534414
5192,,58.98,0.0,0.0,74.372831,0.0,0.0,0.0,0.0,0.0,0.0,0.0,0.0,0.0,Optimal,3567.354144099998,3742376.15534414
5193,,26.87,0.0,0.0,74.372831,0.0,0.0,0.0,0.0,0.0,0.0,0.0,0.0,0.0,Optimal,3567.354144099998,3742376.15534414
5194,,8.05,0.0,0.0,74.372831,0.0,0.0,0.0,0.0,0.0,0.0,0.0,0.0,0.0,Optimal,3567.354144099998,3742376.15534414
5195,,2.05,0.0,0.0,74.372831,0.0,0.0,0.0,0.0,0.0,0.0,0.0,0.0,0.0,Optimal,3567.354144099998,3742376.15534414
5196,,0.06,0.0,0.0,74.372831,0.0,0.0,0.0,0.0,0.0,0.0,0.0,0.0,0.0,Optimal,3567.354144099998,3742376.15534414
5197,,-0.04,0.0,30.0,43.122831,30.0,0.0,-30.0,0.0,0.0,0.0,0.0,0.0,0.0,Optimal,3567.354144099998,3742376.15534414
5198,,-2.14,0.0,30.0,11.872831,30.0,0.0,-30.0,0.0,0.0,0.0,0.0,0.0,0.0,Optimal,3567.354144099998,3742376.15534414
5199,,-0.01,0.0,7.6401325,3.9143595,7.6401325,0.0,-7.6401325,0.0,0.0,0.0,0.0,0.0,0.0,Optimal,3567.354144099998,3742376.15534414
5200,,1.03,0.0,0.0,3.9143595,0.0,0.0,0.0,0.0,0.0,0.0,0.0,0.0,0.0,Optimal,3567.354144099998,3742376.15534414
5201,,22.45,0.0,0.0,3.9143595,0.0,0.0,0.0,0.0,0.0,0.0,0.0,0.0,0.0,Optimal,3567.354144099998,3742376.15534414
5202,,72.15,0.0,0.0,3.9143595,0.0,0.0,0.0,0.0,0.0,0.0,0.0,0.0,0.0,Optimal,3567.354144099998,3742376.15534414
5203,,104.0,0.0,0.0,3.9143595,0.0,0.0,0.0,0.0,0.0,0.0,0.0,0.0,0.0,Optimal,3567.354144099998,3742376.15534414
5204,,118.8,30.0,0.0,32.71436,0.0,30.0,30.0,0.0,0.0,0.0,0.0,0.0,0.0,Optimal,3567.354144099998,3742376.15534414
5205,,122.65,30.0,0.0,61.51436,0.0,30.0,30.0,0.0,0.0,0.0,0.0,0.0,0.0,Optimal,3567.354144099998,3742376.15534414
5206,,111.88,13.394241,0.0,74.372831,0.0,13.394241,13.394241,0.0,0.0,0.0,0.0,0.0,0.0,Optimal,3567.354144099998,3742376.15534414
5207,,102.93,0.0,27.648,45.572831,27.648,0.0,-27.648,0.0,0.0,0.0,0.0,0.0,0.0,Optimal,3567.354144099998,3742376.15534414
5208,,103.52,30.0,0.0,74.372831,0.0,30.0,30.0,0.0,0.0,0.0,0.0,0.0,0.0,Optimal,3567.354144099998,3742376.15534414
5209,,85.72,0.0,30.0,43.122831,30.0,0.0,-30.0,0.0,0.0,0.0,0.0,0.0,0.0,Optimal,3567.354144099998,3742376.15534414
5210,,82.3,0.0,30.0,11.872831,30.0,0.0,-30.0,0.0,0.0,0.0,0.0,0.0,0.0,Optimal,3567.354144099998,3742376.15534414
5211,,85.12,24.262009,0.0,35.16436,0.0,24.262009,24.262009,0.0,0.0,0.0,0.0,0.0,0.0,Optimal,3567.354144099998,3742376.15534414
5212,,82.81,0.0,30.0,3.9143595,30.0,0.0,-30.0,0.0,0.0,0.0,0.0,0.0,0.0,Optimal,3567.354144099998,3742376.15534414
5213,,97.02,0.0,0.0,3.9143595,0.0,0.0,0.0,0.0,0.0,0.0,0.0,0.0,0.0,Optimal,3567.354144099998,3742376.15534414
5214,,118.98,30.0,0.0,32.71436,0.0,30.0,30.0,0.0,0.0,0.0,0.0,0.0,0.0,Optimal,3567.354144099998,3742376.15534414
5215,,137.29,30.0,0.0,61.51436,0.0,30.0,30.0,0.0,0.0,0.0,0.0,0.0,0.0,Optimal,3567.354144099998,3742376.15534414
5216,,113.42,13.394241,0.0,74.372831,0.0,13.394241,13.394241,0.0,0.0,0.0,0.0,0.0,0.0,Optimal,3567.354144099998,3742376.15534414
5217,,102.83,0.0,0.0,74.372831,0.0,0.0,0.0,0.0,0.0,0.0,0.0,0.0,0.0,Optimal,3567.354144099998,3742376.15534414
5218,,73.18,0.0,0.0,74.372831,0.0,0.0,0.0,0.0,0.0,0.0,0.0,0.0,0.0,Optimal,3567.354144099998,3742376.15534414
5219,,51.44,0.0,0.0,74.372831,0.0,0.0,0.0,0.0,0.0,0.0,0.0,0.0,0.0,Optimal,3567.354144099998,3742376.15534414
5220,,31.0,0.0,0.0,74.372831,0.0,0.0,0.0,0.0,0.0,0.0,0.0,0.0,0.0,Optimal,3567.354144099998,3742376.15534414
5221,,26.0,0.0,30.0,43.122831,30.0,0.0,-30.0,0.0,0.0,0.0,0.0,0.0,0.0,Optimal,3567.354144099998,3742376.15534414
5222,,3.31,0.0,30.0,11.872831,30.0,0.0,-30.0,0.0,0.0,0.0,0.0,0.0,0.0,Optimal,3567.354144099998,3742376.15534414
5223,,27.1,0.0,7.6401325,3.9143595,7.6401325,0.0,-7.6401325,0.0,0.0,0.0,0.0,0.0,0.0,Optimal,3567.354144099998,3742376.15534414
5224,,53.89,0.0,0.0,3.9143595,0.0,0.0,0.0,0.0,0.0,0.0,0.0,0.0,0.0,Optimal,3567.354144099998,3742376.15534414
5225,,83.6,0.0,0.0,3.9143595,0.0,0.0,0.0,0.0,0.0,0.0,0.0,0.0,0.0,Optimal,3567.354144099998,3742376.15534414
5226,,102.0,0.0,0.0,3.9143595,0.0,0.0,0.0,0.0,0.0,0.0,0.0,0.0,0.0,Optimal,3567.354144099998,3742376.15534414
5227,,151.34,13.394241,0.0,16.772831,0.0,13.394241,13.394241,0.0,0.0,0.0,0.0,0.0,0.0,Optimal,3567.354144099998,3742376.15534414
5228,,245.23,30.0,0.0,45.572831,0.0,30.0,30.0,0.0,0.0,0.0,0.0,0.0,0.0,Optimal,3567.354144099998,3742376.15534414
5229,,170.93,30.0,0.0,74.372831,0.0,30.0,30.0,0.0,0.0,0.0,0.0,0.0,0.0,Optimal,3567.354144099998,3742376.15534414
5230,,119.94,0.0,0.0,74.372831,0.0,0.0,0.0,0.0,0.0,0.0,0.0,0.0,0.0,Optimal,3567.354144099998,3742376.15534414
5231,,102.75,0.0,27.648,45.572831,27.648,0.0,-27.648,0.0,0.0,0.0,0.0,0.0,0.0,Optimal,3567.354144099998,3742376.15534414
5232,,101.6,30.0,0.0,74.372831,0.0,30.0,30.0,0.0,0.0,0.0,0.0,0.0,0.0,Optimal,3567.354144099998,3742376.15534414
5233,,93.52,0.0,0.0,74.372831,0.0,0.0,0.0,0.0,0.0,0.0,0.0,0.0,0.0,Optimal,3567.354144099998,3742376.15534414
5234,,86.61,0.0,7.6401325,66.41436,7.6401325,0.0,-7.6401325,0.0,0.0,0.0,0.0,0.0,0.0,Optimal,3567.354144099998,3742376.15534414
5235,,82.41,0.0,30.0,35.16436,30.0,0.0,-30.0,0.0,0.0,0.0,0.0,0.0,0.0,Optimal,3567.354144099998,3742376.15534414
5236,,83.24,0.0,30.0,3.9143595,30.0,0.0,-30.0,0.0,0.0,0.0,0.0,0.0,0.0,Optimal,3567.354144099998,3742376.15534414
5237,,92.44,13.394241,0.0,16.772831,0.0,13.394241,13.394241,0.0,0.0,0.0,0.0,0.0,0.0,Optimal,3567.354144099998,3742376.15534414
5238,,118.84,30.0,0.0,45.572831,0.0,30.0,30.0,0.0,0.0,0.0,0.0,0.0,0.0,Optimal,3567.354144099998,3742376.15534414
5239,,124.52,30.0,0.0,74.372831,0.0,30.0,30.0,0.0,0.0,0.0,0.0,0.0,0.0,Optimal,3567.354144099998,3742376.15534414
5240,,84.33,0.0,0.0,74.372831,0.0,0.0,0.0,0.0,0.0,0.0,0.0,0.0,0.0,Optimal,3567.354144099998,3742376.15534414
5241,,73.69,0.0,0.0,74.372831,0.0,0.0,0.0,0.0,0.0,0.0,0.0,0.0,0.0,Optimal,3567.354144099998,3742376.15534414
5242,,36.04,0.0,0.0,74.372831,0.0,0.0,0.0,0.0,0.0,0.0,0.0,0.0,0.0,Optimal,3567.354144099998,3742376.15534414
5243,,21.11,0.0,0.0,74.372831,0.0,0.0,0.0,0.0,0.0,0.0,0.0,0.0,0.0,Optimal,3567.354144099998,3742376.15534414
5244,,15.84,0.0,7.6401325,66.41436,7.6401325,0.0,-7.6401325,0.0,0.0,0.0,0.0,0.0,0.0,Optimal,3567.354144099998,3742376.15534414
5245,,2.93,0.0,30.0,35.16436,30.0,0.0,-30.0,0.0,0.0,0.0,0.0,0.0,0.0,Optimal,3567.354144099998,3742376.15534414
5246,,4.76,0.0,30.0,3.9143595,30.0,0.0,-30.0,0.0,0.0,0.0,0.0,0.0,0.0,Optimal,3567.354144099998,3742376.15534414
5247,,19.24,0.0,0.0,3.9143595,0.0,0.0,0.0,0.0,0.0,0.0,0.0,0.0,0.0,Optimal,3567.354144099998,3742376.15534414
5248,,38.84,0.0,0.0,3.9143595,0.0,0.0,0.0,0.0,0.0,0.0,0.0,0.0,0.0,Optimal,3567.354144099998,3742376.15534414
5249,,80.75,0.0,0.0,3.9143595,0.0,0.0,0.0,0.0,0.0,0.0,0.0,0.0,0.0,Optimal,3567.354144099998,3742376.15534414
5250,,105.0,0.0,0.0,3.9143595,0.0,0.0,0.0,0.0,0.0,0.0,0.0,0.0,0.0,Optimal,3567.354144099998,3742376.15534414
5251,,161.39,13.394241,0.0,16.772831,0.0,13.394241,13.394241,0.0,0.0,0.0,0.0,0.0,0.0,Optimal,3567.354144099998,3742376.15534414
5252,,228.2,30.0,0.0,45.572831,0.0,30.0,30.0,0.0,0.0,0.0,0.0,0.0,0.0,Optimal,3567.354144099998,3742376.15534414
5253,,168.9,30.0,0.0,74.372831,0.0,30.0,30.0,0.0,0.0,0.0,0.0,0.0,0.0,Optimal,3567.354144099998,3742376.15534414
5254,,118.03,0.0,0.0,74.372831,0.0,0.0,0.0,0.0,0.0,0.0,0.0,0.0,0.0,Optimal,3567.354144099998,3742376.15534414
5255,,99.22,0.0,0.0,74.372831,0.0,0.0,0.0,0.0,0.0,0.0,0.0,0.0,0.0,Optimal,3567.354144099998,3742376.15534414
5256,,90.1,0.0,5.2881325,68.86436,5.2881325,0.0,-5.2881325,0.0,0.0,0.0,0.0,0.0,0.0,Optimal,3567.354144099998,3742376.15534414
5257,,84.12,0.0,30.0,37.61436,30.0,0.0,-30.0,0.0,0.0,0.0,0.0,0.0,0.0,Optimal,3567.354144099998,3742376.15534414
5258,,79.1,0.0,30.0,6.3643595,30.0,0.0,-30.0,0.0,0.0,0.0,0.0,0.0,0.0,Optimal,3567.354144099998,3742376.15534414
5259,,84.47,30.0,0.0,35.16436,0.0,30.0,30.0,0.0,0.0,0.0,0.0,0.0,0.0,Optimal,3567.354144099998,3742376.15534414
5260,,87.7,0.0,30.0,3.9143595,30.0,0.0,-30.0,0.0,0.0,0.0,0.0,0.0,0.0,Optimal,3567.354144099998,3742376.15534414
5261,,104.36,0.0,0.0,3.9143595,0.0,0.0,0.0,0.0,0.0,0.0,0.0,0.0,0.0,Optimal,3567.354144099998,3742376.15534414
5262,,126.07,30.0,0.0,32.71436,0.0,30.0,30.0,0.0,0.0,0.0,0.0,0.0,0.0,Optimal,3567.354144099998,3742376.15534414
5263,,128.32,30.0,0.0,61.51436,0.0,30.0,30.0,0.0,0.0,0.0,0.0,0.0,0.0,Optimal,3567.354144099998,3742376.15534414
5264,,108.15,13.394241,0.0,74.372831,0.0,13.394241,13.394241,0.0,0.0,0.0,0.0,0.0,0.0,Optimal,3567.354144099998,3742376.15534414
5265,,87.84,0.0,0.0,74.372831,0.0,0.0,0.0,0.0,0.0,0.0,0.0,0.0,0.0,Optimal,3567.354144099998,3742376.15534414
5266,,72.05,0.0,0.0,74.372831,0.0,0.0,0.0,0.0,0.0,0.0,0.0,0.0,0.0,Optimal,3567.354144099998,3742376.15534414
5267,,61.48,0.0,0.0,74.372831,0.0,0.0,0.0,0.0,0.0,0.0,0.0,0.0,0.0,Optimal,3567.354144099998,3742376.15534414
5268,,36.88,0.0,0.0,74.372831,0.0,0.0,0.0,0.0,0.0,0.0,0.0,0.0,0.0,Optimal,3567.354144099998,3742376.15534414
5269,,-2.88,0.0,7.6401325,66.41436,7.6401325,0.0,-7.6401325,0.0,0.0,0.0,0.0,0.0,0.0,Optimal,3567.354144099998,3742376.15534414
5270,,-10.06,0.0,30.0,35.16436,30.0,0.0,-30.0,0.0,0.0,0.0,0.0,0.0,0.0,Optimal,3567.354144099998,3742376.15534414
5271,,-10.06,0.0,30.0,3.9143595,30.0,0.0,-30.0,0.0,0.0,0.0,0.0,0.0,0.0,Optimal,3567.354144099998,3742376.15534414
5272,,0.0,0.0,0.0,3.9143595,0.0,0.0,0.0,0.0,0.0,0.0,0.0,0.0,0.0,Optimal,3567.354144099998,3742376.15534414
5273,,55.0,0.0,0.0,3.9143595,0.0,0.0,0.0,0.0,0.0,0.0,0.0,0.0,0.0,Optimal,3567.354144099998,3742376.15534414
5274,,105.0,30.0,0.0,32.71436,0.0,30.0,30.0,0.0,0.0,0.0,0.0,0.0,0.0,Optimal,3567.354144099998,3742376.15534414
5275,,97.94,0.0,27.648,3.9143595,27.648,0.0,-27.648,0.0,0.0,0.0,0.0,0.0,0.0,Optimal,3567.354144099998,3742376.15534414
5276,,125.93,30.0,0.0,32.71436,0.0,30.0,30.0,0.0,0.0,0.0,0.0,0.0,0.0,Optimal,3567.354144099998,3742376.15534414
5277,,134.25,30.0,0.0,61.51436,0.0,30.0,30.0,0.0,0.0,0.0,0.0,0.0,0.0,Optimal,3567.354144099998,3742376.15534414
5278,,112.74,13.394241,0.0,74.372831,0.0,13.394241,13.394241,0.0,0.0,0.0,0.0,0.0,0.0,Optimal,3567.354144099998,3742376.15534414
5279,,102.78,0.0,27.648,45.572831,27.648,0.0,-27.648,0.0,0.0,0.0,0.0,0.0,0.0,Optimal,3567.354144099998,3742376.15534414
5280,,96.63,30.0,0.0,74.372831,0.0,30.0,30.0,0.0,0.0,0.0,0.0,0.0,0.0,Optimal,3567.354144099998,3742376.15534414
5281,,88.79,0.0,30.0,43.122831,30.0,0.0,-30.0,0.0,0.0,0.0,0.0,0.0,0.0,Optimal,3567.354144099998,3742376.15534414
5282,,88.52,24.262009,0.0,66.41436,0.0,24.262009,24.262009,0.0,0.0,0.0,0.0,0.0,0.0,Optimal,3567.354144099998,3742376.15534414
5283,,88.06,0.0,30.0,35.16436,30.0,0.0,-30.0,0.0,0.0,0.0,0.0,0.0,0.0,Optimal,3567.354144099998,3742376.15534414
5284,,88.41,0.0,30.0,3.9143595,30.0,0.0,-30.0,0.0,0.0,0.0,0.0,0.0,0.0,Optimal,3567.354144099998,3742376.15534414
5285,,96.11,0.0,0.0,3.9143595,0.0,0.0,0.0,0.0,0.0,0.0,0.0,0.0,0.0,Optimal,3567.354144099998,3742376.15534414
5286,,110.91,13.394241,0.0,16.772831,0.0,13.394241,13.394241,0.0,0.0,0.0,0.0,0.0,0.0,Optimal,3567.354144099998,3742376.15534414
5287,,124.95,30.0,0.0,45.572831,0.0,30.0,30.0,0.0,0.0,0.0,0.0,0.0,0.0,Optimal,3567.354144099998,3742376.15534414
5288,,117.76,30.0,0.0,74.372831,0.0,30.0,30.0,0.0,0.0,0.0,0.0,0.0,0.0,Optimal,3567.354144099998,3742376.15534414
5289,,106.84,0.0,0.0,74.372831,0.0,0.0,0.0,0.0,0.0,0.0,0.0,0.0,0.0,Optimal,3567.354144099998,3742376.15534414
5290,,86.1,0.0,0.0,74.372831,0.0,0.0,0.0,0.0,0.0,0.0,0.0,0.0,0.0,Optimal,3567.354144099998,3742376.15534414
5291,,71.6,0.0,0.0,74.372831,0.0,0.0,0.0,0.0,0.0,0.0,0.0,0.0,0.0,Optimal,3567.354144099998,3742376.15534414
5292,,50.26,0.0,0.0,74.372831,0.0,0.0,0.0,0.0,0.0,0.0,0.0,0.0,0.0,Optimal,3567.354144099998,3742376.15534414
5293,,40.49,0.0,7.6401325,66.41436,7.6401325,0.0,-7.6401325,0.0,0.0,0.0,0.0,0.0,0.0,Optimal,3567.354144099998,3742376.15534414
5294,,29.99,0.0,30.0,35.16436,30.0,0.0,-30.0,0.0,0.0,0.0,0.0,0.0,0.0,Optimal,3567.354144099998,3742376.15534414
5295,,38.21,0.0,30.0,3.9143595,30.0,0.0,-30.0,0.0,0.0,0.0,0.0,0.0,0.0,Optimal,3567.354144099998,3742376.15534414
5296,,57.45,0.0,0.0,3.9143595,0.0,0.0,0.0,0.0,0.0,0.0,0.0,0.0,0.0,Optimal,3567.354144099998,3742376.15534414
5297,,80.22,0.0,0.0,3.9143595,0.0,0.0,0.0,0.0,0.0,0.0,0.0,0.0,0.0,Optimal,3567.354144099998,3742376.15534414
5298,,101.77,30.0,0.0,32.71436,0.0,30.0,30.0,0.0,0.0,0.0,0.0,0.0,0.0,Optimal,3567.354144099998,3742376.15534414
5299,,100.0,0.0,27.648,3.9143595,27.648,0.0,-27.648,0.0,0.0,0.0,0.0,0.0,0.0,Optimal,3567.354144099998,3742376.15534414
5300,,138.77,30.0,0.0,32.71436,0.0,30.0,30.0,0.0,0.0,0.0,0.0,0.0,0.0,Optimal,3567.354144099998,3742376.15534414
5301,,135.0,30.0,0.0,61.51436,0.0,30.0,30.0,0.0,0.0,0.0,0.0,0.0,0.0,Optimal,3567.354144099998,3742376.15534414
5302,,102.0,13.394241,0.0,74.372831,0.0,13.394241,13.394241,0.0,0.0,0.0,0.0,0.0,0.0,Optimal,3567.354144099998,3742376.15534414
5303,,93.56,0.0,27.648,45.572831,27.648,0.0,-27.648,0.0,0.0,0.0,0.0,0.0,0.0,Optimal,3567.354144099998,3742376.15534414
5304,,98.12,30.0,0.0,74.372831,0.0,30.0,30.0,0.0,0.0,0.0,0.0,0.0,0.0,Optimal,3567.354144099998,3742376.15534414
5305,,73.76,0.0,0.0,74.372831,0.0,0.0,0.0,0.0,0.0,0.0,0.0,0.0,0.0,Optimal,3567.354144099998,3742376.15534414
5306,,51.88,0.0,30.0,43.122831,30.0,0.0,-30.0,0.0,0.0,0.0,0.0,0.0,0.0,Optimal,3567.354144099998,3742376.15534414
5307,,36.28,0.0,30.0,11.872831,30.0,0.0,-30.0,0.0,0.0,0.0,0.0,0.0,0.0,Optimal,3567.354144099998,3742376.15534414
5308,,52.8,30.0,0.0,40.672831,0.0,30.0,30.0,0.0,0.0,0.0,0.0,0.0,0.0,Optimal,3567.354144099998,3742376.15534414
5309,,33.49,0.0,30.0,9.4228309,30.0,0.0,-30.0,0.0,0.0,0.0,0.0,0.0,0.0,Optimal,3567.354144099998,3742376.15534414
5310,,79.35,30.0,0.0,38.222831,0.0,30.0,30.0,0.0,0.0,0.0,0.0,0.0,0.0,Optimal,3567.354144099998,3742376.15534414
5311,,82.72,30.0,0.0,67.022831,0.0,30.0,30.0,0.0,0.0,0.0,0.0,0.0,0.0,Optimal,3567.354144099998,3742376.15534414
5312,,52.48,7.65625,0.0,74.372831,0.0,7.65625,7.65625,0.0,0.0,0.0,0.0,0.0,0.0,Optimal,3567.354144099998,3742376.15534414
5313,,30.97,0.0,0.0,74.372831,0.0,0.0,0.0,0.0,0.0,0.0,0.0,0.0,0.0,Optimal,3567.354144099998,3742376.15534414
5314,,8.53,0.0,0.0,74.372831,0.0,0.0,0.0,0.0,0.0,0.0,0.0,0.0,0.0,Optimal,3567.354144099998,3742376.15534414
5315,,0.21,0.0,0.0,74.372831,0.0,0.0,0.0,0.0,0.0,0.0,0.0,0.0,0.0,Optimal,3567.354144099998,3742376.15534414
5316,,-0.48,0.0,0.0,74.372831,0.0,0.0,0.0,0.0,0.0,0.0,0.0,0.0,0.0,Optimal,3567.354144099998,3742376.15534414
5317,,-0.89,0.0,0.0,74.372831,0.0,0.0,0.0,0.0,0.0,0.0,0.0,0.0,0.0,Optimal,3567.354144099998,3742376.15534414
5318,,-3.0,0.0,7.6401325,66.41436,7.6401325,0.0,-7.6401325,0.0,0.0,0.0,0.0,0.0,0.0,Optimal,3567.354144099998,3742376.15534414
5319,,-10.0,0.0,30.0,35.16436,30.0,0.0,-30.0,0.0,0.0,0.0,0.0,0.0,0.0,Optimal,3567.354144099998,3742376.15534414
5320,,-8.88,0.0,30.0,3.9143595,30.0,0.0,-30.0,0.0,0.0,0.0,0.0,0.0,0.0,Optimal,3567.354144099998,3742376.15534414
5321,,-0.9,0.0,0.0,3.9143595,0.0,0.0,0.0,0.0,0.0,0.0,0.0,0.0,0.0,Optimal,3567.354144099998,3742376.15534414
5322,,40.2,0.0,0.0,3.9143595,0.0,0.0,0.0,0.0,0.0,0.0,0.0,0.0,0.0,Optimal,3567.354144099998,3742376.15534414
5323,,83.83,0.0,0.0,3.9143595,0.0,0.0,0.0,0.0,0.0,0.0,0.0,0.0,0.0,Optimal,3567.354144099998,3742376.15534414
5324,,127.01,30.0,0.0,32.71436,0.0,30.0,30.0,0.0,0.0,0.0,0.0,0.0,0.0,Optimal,3567.354144099998,3742376.15534414
5325,,132.32,30.0,0.0,61.51436,0.0,30.0,30.0,0.0,0.0,0.0,0.0,0.0,0.0,Optimal,3567.354144099998,3742376.15534414
5326,,119.9,0.0,15.303867,45.572831,15.303867,0.0,-15.303867,0.0,0.0,0.0,0.0,0.0,0.0,Optimal,3567.354144099998,3742376.15534414
5327,,116.0,30.0,0.0,74.372831,0.0,30.0,30.0,0.0,0.0,0.0,0.0,0.0,0.0,Optimal,3567.354144099998,3742376.15534414
5328,,87.5,0.0,30.0,43.122831,30.0,0.0,-30.0,0.0,0.0,0.0,0.0,0.0,0.0,Optimal,3567.354144099998,3742376.15534414
5329,,96.63,30.0,0.0,71.922831,0.0,30.0,30.0,0.0,0.0,0.0,0.0,0.0,0.0,Optimal,3567.354144099998,3742376.15534414
5330,,91.93,2.5520833,0.0,74.372831,0.0,2.5520833,2.5520833,0.0,0.0,0.0,0.0,0.0,0.0,Optimal,3567.354144099998,3742376.15534414
5331,,89.07,0.0,25.296,48.022831,25.296,0.0,-25.296,0.0,0.0,0.0,0.0,0.0,0.0,Optimal,3567.354144099998,3742376.15534414
5332,,86.4,0.0,30.0,16.772831,30.0,0.0,-30.0,0.0,0.0,0.0,0.0,0.0,0.0,Optimal,3567.354144099998,3742376.15534414
5333,,88.92,30.0,0.0,45.572831,0.0,30.0,30.0,0.0,0.0,0.0,0.0,0.0,0.0,Optimal,3567.354144099998,3742376.15534414
5334,,97.93,30.0,0.0,74.372831,0.0,30.0,30.0,0.0,0.0,0.0,0.0,0.0,0.0,Optimal,3567.354144099998,3742376.15534414
5335,,77.13,0.0,0.0,74.372831,0.0,0.0,0.0,0.0,0.0,0.0,0.0,0.0,0.0,Optimal,3567.354144099998,3742376.15534414
5336,,31.95,0.0,0.0,74.372831,0.0,0.0,0.0,0.0,0.0,0.0,0.0,0.0,0.0,Optimal,3567.354144099998,3742376.15534414
5337,,0.2,0.0,0.0,74.372831,0.0,0.0,0.0,0.0,0.0,0.0,0.0,0.0,0.0,Optimal,3567.354144099998,3742376.15534414
5338,,-3.0,0.0,0.0,74.372831,0.0,0.0,0.0,0.0,0.0,0.0,0.0,0.0,0.0,Optimal,3567.354144099998,3742376.15534414
5339,,-12.2,0.0,0.0,74.372831,0.0,0.0,0.0,0.0,0.0,0.0,0.0,0.0,0.0,Optimal,3567.354144099998,3742376.15534414
5340,,-22.49,0.0,0.0,74.372831,0.0,0.0,0.0,0.0,0.0,0.0,0.0,0.0,0.0,Optimal,3567.354144099998,3742376.15534414
5341,,-47.56,0.0,30.0,43.122831,30.0,0.0,-30.0,0.0,0.0,0.0,0.0,0.0,0.0,Optimal,3567.354144099998,3742376.15534414
5342,,-52.04,0.0,30.0,11.872831,30.0,0.0,-30.0,0.0,0.0,0.0,0.0,0.0,0.0,Optimal,3567.354144099998,3742376.15534414
5343,,-30.0,0.0,7.6401325,3.9143595,7.6401325,0.0,-7.6401325,0.0,0.0,0.0,0.0,0.0,0.0,Optimal,3567.354144099998,3742376.15534414
5344,,-10.08,0.0,0.0,3.9143595,0.0,0.0,0.0,0.0,0.0,0.0,0.0,0.0,0.0,Optimal,3567.354144099998,3742376.15534414
5345,,-1.3,0.0,0.0,3.9143595,0.0,0.0,0.0,0.0,0.0,0.0,0.0,0.0,0.0,Optimal,3567.354144099998,3742376.15534414
5346,,48.77,0.0,0.0,3.9143595,0.0,0.0,0.0,0.0,0.0,0.0,0.0,0.0,0.0,Optimal,3567.354144099998,3742376.15534414
5347,,107.98,0.0,0.0,3.9143595,0.0,0.0,0.0,0.0,0.0,0.0,0.0,0.0,0.0,Optimal,3567.354144099998,3742376.15534414
5348,,128.49,30.0,0.0,32.71436,0.0,30.0,30.0,0.0,0.0,0.0,0.0,0.0,0.0,Optimal,3567.354144099998,3742376.15534414
5349,,136.91,30.0,0.0,61.51436,0.0,30.0,30.0,0.0,0.0,0.0,0.0,0.0,0.0,Optimal,3567.354144099998,3742376.15534414
5350,,119.9,13.394241,0.0,74.372831,0.0,13.394241,13.394241,0.0,0.0,0.0,0.0,0.0,0.0,Optimal,3567.354144099998,3742376.15534414
5351,,107.95,0.0,27.648,45.572831,27.648,0.0,-27.648,0.0,0.0,0.0,0.0,0.0,0.0,Optimal,3567.354144099998,3742376.15534414
5352,,109.41,30.0,0.0,74.372831,0.0,30.0,30.0,0.0,0.0,0.0,0.0,0.0,0.0,Optimal,3567.354144099998,3742376.15534414
5353,,107.81,0.0,27.648,45.572831,27.648,0.0,-27.648,0.0,0.0,0.0,0.0,0.0,0.0,Optimal,3567.354144099998,3742376.15534414
5354,,105.29,30.0,0.0,74.372831,0.0,30.0,30.0,0.0,0.0,0.0,0.0,0.0,0.0,Optimal,3567.354144099998,3742376.15534414
5355,,101.46,0.0,30.0,43.122831,30.0,0.0,-30.0,0.0,0.0,0.0,0.0,0.0,0.0,Optimal,3567.354144099998,3742376.15534414
5356,,105.49,0.0,25.296,16.772831,25.296,0.0,-25.296,0.0,0.0,0.0,0.0,0.0,0.0,Optimal,3567.354144099998,3742376.15534414
5357,,117.98,30.0,0.0,45.572831,0.0,30.0,30.0,0.0,0.0,0.0,0.0,0.0,0.0,Optimal,3567.354144099998,3742376.15534414
5358,,114.34,30.0,0.0,74.372831,0.0,30.0,30.0,0.0,0.0,0.0,0.0,0.0,0.0,Optimal,3567.354144099998,3742376.15534414
5359,,84.0,0.0,0.0,74.372831,0.0,0.0,0.0,0.0,0.0,0.0,0.0,0.0,0.0,Optimal,3567.354144099998,3742376.15534414
5360,,27.98,0.0,0.0,74.372831,0.0,0.0,0.0,0.0,0.0,0.0,0.0,0.0,0.0,Optimal,3567.354144099998,3742376.15534414
5361,,0.0,0.0,0.0,74.372831,0.0,0.0,0.0,0.0,0.0,0.0,0.0,0.0,0.0,Optimal,3567.354144099998,3742376.15534414
5362,,-5.01,0.0,0.0,74.372831,0.0,0.0,0.0,0.0,0.0,0.0,0.0,0.0,0.0,Optimal,3567.354144099998,3742376.15534414
5363,,-14.99,0.0,0.0,74.372831,0.0,0.0,0.0,0.0,0.0,0.0,0.0,0.0,0.0,Optimal,3567.354144099998,3742376.15534414
5364,,-32.93,0.0,7.6401325,66.41436,7.6401325,0.0,-7.6401325,0.0,0.0,0.0,0.0,0.0,0.0,Optimal,3567.354144099998,3742376.15534414
5365,,-59.97,0.0,30.0,35.16436,30.0,0.0,-30.0,0.0,0.0,0.0,0.0,0.0,0.0,Optimal,3567.354144099998,3742376.15534414
5366,,-50.1,0.0,30.0,3.9143595,30.0,0.0,-30.0,0.0,0.0,0.0,0.0,0.0,0.0,Optimal,3567.354144099998,3742376.15534414
5367,,-31.4,0.0,0.0,3.9143595,0.0,0.0,0.0,0.0,0.0,0.0,0.0,0.0,0.0,Optimal,3567.354144099998,3742376.15534414
5368,,-5.24,0.0,0.0,3.9143595,0.0,0.0,0.0,0.0,0.0,0.0,0.0,0.0,0.0,Optimal,3567.354144099998,3742376.15534414
5369,,0.66,0.0,0.0,3.9143595,0.0,0.0,0.0,0.0,0.0,0.0,0.0,0.0,0.0,Optimal,3567.354144099998,3742376.15534414
5370,,90.02,0.0,0.0,3.9143595,0.0,0.0,0.0,0.0,0.0,0.0,0.0,0.0,0.0,Optimal,3567.354144099998,3742376.15534414
5371,,132.0,30.0,0.0,32.71436,0.0,30.0,30.0,0.0,0.0,0.0,0.0,0.0,0.0,Optimal,3567.354144099998,3742376.15534414
5372,,138.93,30.0,0.0,61.51436,0.0,30.0,30.0,0.0,0.0,0.0,0.0,0.0,0.0,Optimal,3567.354144099998,3742376.15534414
5373,,127.68,13.394241,0.0,74.372831,0.0,13.394241,13.394241,0.0,0.0,0.0,0.0,0.0,0.0,Optimal,3567.354144099998,3742376.15534414
5374,,109.99,0.0,0.0,74.372831,0.0,0.0,0.0,0.0,0.0,0.0,0.0,0.0,0.0,Optimal,3567.354144099998,3742376.15534414
5375,,97.28,0.0,27.648,45.572831,27.648,0.0,-27.648,0.0,0.0,0.0,0.0,0.0,0.0,Optimal,3567.354144099998,3742376.15534414
5376,,104.38,30.0,0.0,74.372831,0.0,30.0,30.0,0.0,0.0,0.0,0.0,0.0,0.0,Optimal,3567.354144099998,3742376.15534414
5377,,91.84,0.0,5.2881325,68.86436,5.2881325,0.0,-5.2881325,0.0,0.0,0.0,0.0,0.0,0.0,Optimal,3567.354144099998,3742376.15534414
5378,,85.3,0.0,30.0,37.61436,30.0,0.0,-30.0,0.0,0.0,0.0,0.0,0.0,0.0,Optimal,3567.354144099998,3742376.15534414
5379,,85.5,0.0,30.0,6.3643595,30.0,0.0,-30.0,0.0,0.0,0.0,0.0,0.0,0.0,Optimal,3567.354144099998,3742376.15534414
5380,,86.31,30.0,0.0,35.16436,0.0,30.0,30.0,0.0,0.0,0.0,0.0,0.0,0.0,Optimal,3567.354144099998,3742376.15534414
5381,,86.41,0.0,30.0,3.9143595,30.0,0.0,-30.0,0.0,0.0,0.0,0.0,0.0,0.0,Optimal,3567.354144099998,3742376.15534414
5382,,112.64,30.0,0.0,32.71436,0.0,30.0,30.0,0.0,0.0,0.0,0.0,0.0,0.0,Optimal,3567.354144099998,3742376.15534414
5383,,119.68,30.0,0.0,61.51436,0.0,30.0,30.0,0.0,0.0,0.0,0.0,0.0,0.0,Optimal,3567.354144099998,3742376.15534414
5384,,99.39,13.394241,0.0,74.372831,0.0,13.394241,13.394241,0.0,0.0,0.0,0.0,0.0,0.0,Optimal,3567.354144099998,3742376.15534414
5385,,63.7,0.0,0.0,74.372831,0.0,0.0,0.0,0.0,0.0,0.0,0.0,0.0,0.0,Optimal,3567.354144099998,3742376.15534414
5386,,40.12,0.0,0.0,74.372831,0.0,0.0,0.0,0.0,0.0,0.0,0.0,0.0,0.0,Optimal,3567.354144099998,3742376.15534414
5387,,16.04,0.0,0.0,74.372831,0.0,0.0,0.0,0.0,0.0,0.0,0.0,0.0,0.0,Optimal,3567.354144099998,3742376.15534414
5388,,0.9,0.0,7.6401325,66.41436,7.6401325,0.0,-7.6401325,0.0,0.0,0.0,0.0,0.0,0.0,Optimal,3567.354144099998,3742376.15534414
5389,,-3.0,0.0,30.0,35.16436,30.0,0.0,-30.0,0.0,0.0,0.0,0.0,0.0,0.0,Optimal,3567.354144099998,3742376.15534414
5390,,-10.06,0.0,30.0,3.9143595,30.0,0.0,-30.0,0.0,0.0,0.0,0.0,0.0,0.0,Optimal,3567.354144099998,3742376.15534414
5391,,10.0,0.0,0.0,3.9143595,0.0,0.0,0.0,0.0,0.0,0.0,0.0,0.0,0.0,Optimal,3567.354144099998,3742376.15534414
5392,,48.04,0.0,0.0,3.9143595,0.0,0.0,0.0,0.0,0.0,0.0,0.0,0.0,0.0,Optimal,3567.354144099998,3742376.15534414
5393,,88.65,0.0,0.0,3.9143595,0.0,0.0,0.0,0.0,0.0,0.0,0.0,0.0,0.0,Optimal,3567.354144099998,3742376.15534414
5394,,121.23,0.0,0.0,3.9143595,0.0,0.0,0.0,0.0,0.0,0.0,0.0,0.0,0.0,Optimal,3567.354144099998,3742376.15534414
5395,,198.98,30.0,0.0,32.71436,0.0,30.0,30.0,0.0,0.0,0.0,0.0,0.0,0.0,Optimal,3567.354144099998,3742376.15534414
5396,,219.99,30.0,0.0,61.51436,0.0,30.0,30.0,0.0,0.0,0.0,0.0,0.0,0.0,Optimal,3567.354144099998,3742376.15534414
5397,,128.92,13.394241,0.0,74.372831,0.0,13.394241,13.394241,0.0,0.0,0.0,0.0,0.0,0.0,Optimal,3567.354144099998,3742376.15534414
5398,,106.55,0.0,0.0,74.372831,0.0,0.0,0.0,0.0,0.0,0.0,0.0,0.0,0.0,Optimal,3567.354144099998,3742376.15534414
5399,,99.99,0.0,27.648,45.572831,27.648,0.0,-27.648,0.0,0.0,0.0,0.0,0.0,0.0,Optimal,3567.354144099998,3742376.15534414
5400,,99.38,30.0,0.0,74.372831,0.0,30.0,30.0,0.0,0.0,0.0,0.0,0.0,0.0,Optimal,3567.354144099998,3742376.15534414
5401,,87.72,0.0,30.0,43.122831,30.0,0.0,-30.0,0.0,0.0,0.0,0.0,0.0,0.0,Optimal,3567.354144099998,3742376.15534414
5402,,85.59,0.0,30.0,11.872831,30.0,0.0,-30.0,0.0,0.0,0.0,0.0,0.0,0.0,Optimal,3567.354144099998,3742376.15534414
5403,,87.2,24.262009,0.0,35.16436,0.0,24.262009,24.262009,0.0,0.0,0.0,0.0,0.0,0.0,Optimal,3567.354144099998,3742376.15534414
5404,,89.0,0.0,30.0,3.9143595,30.0,0.0,-30.0,0.0,0.0,0.0,0.0,0.0,0.0,Optimal,3567.354144099998,3742376.15534414
5405,,99.36,0.0,0.0,3.9143595,0.0,0.0,0.0,0.0,0.0,0.0,0.0,0.0,0.0,Optimal,3567.354144099998,3742376.15534414
5406,,124.21,30.0,0.0,32.71436,0.0,30.0,30.0,0.0,0.0,0.0,0.0,0.0,0.0,Optimal,3567.354144099998,3742376.15534414
5407,,132.32,30.0,0.0,61.51436,0.0,30.0,30.0,0.0,0.0,0.0,0.0,0.0,0.0,Optimal,3567.354144099998,3742376.15534414
5408,,117.89,13.394241,0.0,74.372831,0.0,13.394241,13.394241,0.0,0.0,0.0,0.0,0.0,0.0,Optimal,3567.354144099998,3742376.15534414
5409,,100.1,0.0,0.0,74.372831,0.0,0.0,0.0,0.0,0.0,0.0,0.0,0.0,0.0,Optimal,3567.354144099998,3742376.15534414
5410,,73.98,0.0,0.0,74.372831,0.0,0.0,0.0,0.0,0.0,0.0,0.0,0.0,0.0,Optimal,3567.354144099998,3742376.15534414
5411,,56.03,0.0,0.0,74.372831,0.0,0.0,0.0,0.0,0.0,0.0,0.0,0.0,0.0,Optimal,3567.354144099998,3742376.15534414
5412,,43.01,0.0,30.0,43.122831,30.0,0.0,-30.0,0.0,0.0,0.0,0.0,0.0,0.0,Optimal,3567.354144099998,3742376.15534414
5413,,40.5,0.0,30.0,11.872831,30.0,0.0,-30.0,0.0,0.0,0.0,0.0,0.0,0.0,Optimal,3567.354144099998,3742376.15534414
5414,,48.0,0.0,7.6401325,3.9143595,7.6401325,0.0,-7.6401325,0.0,0.0,0.0,0.0,0.0,0.0,Optimal,3567.354144099998,3742376.15534414
5415,,64.16,0.0,0.0,3.9143595,0.0,0.0,0.0,0.0,0.0,0.0,0.0,0.0,0.0,Optimal,3567.354144099998,3742376.15534414
5416,,85.1,0.0,0.0,3.9143595,0.0,0.0,0.0,0.0,0.0,0.0,0.0,0.0,0.0,Optimal,3567.354144099998,3742376.15534414
5417,,102.93,0.0,0.0,3.9143595,0.0,0.0,0.0,0.0,0.0,0.0,0.0,0.0,0.0,Optimal,3567.354144099998,3742376.15534414
5418,,118.3,0.0,0.0,3.9143595,0.0,0.0,0.0,0.0,0.0,0.0,0.0,0.0,0.0,Optimal,3567.354144099998,3742376.15534414
5419,,189.46,30.0,0.0,32.71436,0.0,30.0,30.0,0.0,0.0,0.0,0.0,0.0,0.0,Optimal,3567.354144099998,3742376.15534414
5420,,192.84,30.0,0.0,61.51436,0.0,30.0,30.0,0.0,0.0,0.0,0.0,0.0,0.0,Optimal,3567.354144099998,3742376.15534414
5421,,126.69,13.394241,0.0,74.372831,0.0,13.394241,13.394241,0.0,0.0,0.0,0.0,0.0,0.0,Optimal,3567.354144099998,3742376.15534414
5422,,112.0,0.0,27.648,45.572831,27.648,0.0,-27.648,0.0,0.0,0.0,0.0,0.0,0.0,Optimal,3567.354144099998,3742376.15534414
5423,,104.92,30.0,0.0,74.372831,0.0,30.0,30.0,0.0,0.0,0.0,0.0,0.0,0.0,Optimal,3567.354144099998,3742376.15534414
5424,,87.88,0.0,30.0,43.122831,30.0,0.0,-30.0,0.0,0.0,0.0,0.0,0.0,0.0,Optimal,3567.354144099998,3742376.15534414
5425,,89.9,0.0,7.6401325,35.16436,7.6401325,0.0,-7.6401325,0.0,0.0,0.0,0.0,0.0,0.0,Optimal,3567.354144099998,3742376.15534414
5426,,86.6,0.0,30.0,3.9143595,30.0,0.0,-30.0,0.0,0.0,0.0,0.0,0.0,0.0,Optimal,3567.354144099998,3742376.15534414
5427,,90.3,30.0,0.0,32.71436,0.0,30.0,30.0,0.0,0.0,0.0,0.0,0.0,0.0,Optimal,3567.354144099998,3742376.15534414
5428,,90.42,0.0,27.648,3.9143595,27.648,0.0,-27.648,0.0,0.0,0.0,0.0,0.0,0.0,Optimal,3567.354144099998,3742376.15534414
5429,,103.11,0.0,0.0,3.9143595,0.0,0.0,0.0,0.0,0.0,0.0,0.0,0.0,0.0,Optimal,3567.354144099998,3742376.15534414
5430,,124.38,30.0,0.0,32.71436,0.0,30.0,30.0,0.0,0.0,0.0,0.0,0.0,0.0,Optimal,3567.354144099998,3742376.15534414
5431,,132.43,30.0,0.0,61.51436,0.0,30.0,30.0,0.0,0.0,0.0,0.0,0.0,0.0,Optimal,3567.354144099998,3742376.15534414
5432,,122.61,13.394241,0.0,74.372831,0.0,13.394241,13.394241,0.0,0.0,0.0,0.0,0.0,0.0,Optimal,3567.354144099998,3742376.15534414
5433,,113.29,0.0,0.0,74.372831,0.0,0.0,0.0,0.0,0.0,0.0,0.0,0.0,0.0,Optimal,3567.354144099998,3742376.15534414
5434,,100.0,0.0,27.648,45.572831,27.648,0.0,-27.648,0.0,0.0,0.0,0.0,0.0,0.0,Optimal,3567.354144099998,3742376.15534414
5435,,94.3,30.0,0.0,74.372831,0.0,30.0,30.0,0.0,0.0,0.0,0.0,0.0,0.0,Optimal,3567.354144099998,3742376.15534414
5436,,83.04,0.0,0.0,74.372831,0.0,0.0,0.0,0.0,0.0,0.0,0.0,0.0,0.0,Optimal,3567.354144099998,3742376.15534414
5437,,77.0,0.0,30.0,43.122831,30.0,0.0,-30.0,0.0,0.0,0.0,0.0,0.0,0.0,Optimal,3567.354144099998,3742376.15534414
5438,,74.74,0.0,30.0,11.872831,30.0,0.0,-30.0,0.0,0.0,0.0,0.0,0.0,0.0,Optimal,3567.354144099998,3742376.15534414
5439,,79.32,0.0,7.6401325,3.9143595,7.6401325,0.0,-7.6401325,0.0,0.0,0.0,0.0,0.0,0.0,Optimal,3567.354144099998,3742376.15534414
5440,,91.02,0.0,0.0,3.9143595,0.0,0.0,0.0,0.0,0.0,0.0,0.0,0.0,0.0,Optimal,3567.354144099998,3742376.15534414
5441,,100.8,0.0,0.0,3.9143595,0.0,0.0,0.0,0.0,0.0,0.0,0.0,0.0,0.0,Optimal,3567.354144099998,3742376.15534414
5442,,111.48,0.0,0.0,3.9143595,0.0,0.0,0.0,0.0,0.0,0.0,0.0,0.0,0.0,Optimal,3567.354144099998,3742376.15534414
5443,,155.0,30.0,0.0,32.71436,0.0,30.0,30.0,0.0,0.0,0.0,0.0,0.0,0.0,Optimal,3567.354144099998,3742376.15534414
5444,,205.38,30.0,0.0,61.51436,0.0,30.0,30.0,0.0,0.0,0.0,0.0,0.0,0.0,Optimal,3567.354144099998,3742376.15534414
5445,,143.89,13.394241,0.0,74.372831,0.0,13.394241,13.394241,0.0,0.0,0.0,0.0,0.0,0.0,Optimal,3567.354144099998,3742376.15534414
5446,,118.65,0.0,0.0,74.372831,0.0,0.0,0.0,0.0,0.0,0.0,0.0,0.0,0.0,Optimal,3567.354144099998,3742376.15534414
5447,,108.0,0.0,27.648,45.572831,27.648,0.0,-27.648,0.0,0.0,0.0,0.0,0.0,0.0,Optimal,3567.354144099998,3742376.15534414
5448,,104.5,30.0,0.0,74.372831,0.0,30.0,30.0,0.0,0.0,0.0,0.0,0.0,0.0,Optimal,3567.354144099998,3742376.15534414
5449,,102.71,0.0,27.648,45.572831,27.648,0.0,-27.648,0.0,0.0,0.0,0.0,0.0,0.0,Optimal,3567.354144099998,3742376.15534414
5450,,98.37,30.0,0.0,74.372831,0.0,30.0,30.0,0.0,0.0,0.0,0.0,0.0,0.0,Optimal,3567.354144099998,3742376.15534414
5451,,89.37,0.0,30.0,43.122831,30.0,0.0,-30.0,0.0,0.0,0.0,0.0,0.0,0.0,Optimal,3567.354144099998,3742376.15534414
5452,,90.0,0.0,30.0,11.872831,30.0,0.0,-30.0,0.0,0.0,0.0,0.0,0.0,0.0,Optimal,3567.354144099998,3742376.15534414
5453,,102.05,0.0,7.6401325,3.9143595,7.6401325,0.0,-7.6401325,0.0,0.0,0.0,0.0,0.0,0.0,Optimal,3567.354144099998,3742376.15534414
5454,,112.16,30.0,0.0,32.71436,0.0,30.0,30.0,0.0,0.0,0.0,0.0,0.0,0.0,Optimal,3567.354144099998,3742376.15534414
5455,,112.66,30.0,0.0,61.51436,0.0,30.0,30.0,0.0,0.0,0.0,0.0,0.0,0.0,Optimal,3567.354144099998,3742376.15534414
5456,,104.84,13.394241,0.0,74.372831,0.0,13.394241,13.394241,0.0,0.0,0.0,0.0,0.0,0.0,Optimal,3567.354144099998,3742376.15534414
5457,,80.11,0.0,0.0,74.372831,0.0,0.0,0.0,0.0,0.0,0.0,0.0,0.0,0.0,Optimal,3567.354144099998,3742376.15534414
5458,,52.59,0.0,0.0,74.372831,0.0,0.0,0.0,0.0,0.0,0.0,0.0,0.0,0.0,Optimal,3567.354144099998,3742376.15534414
5459,,18.31,0.0,0.0,74.372831,0.0,0.0,0.0,0.0,0.0,0.0,0.0,0.0,0.0,Optimal,3567.354144099998,3742376.15534414
5460,,9.91,0.0,0.0,74.372831,0.0,0.0,0.0,0.0,0.0,0.0,0.0,0.0,0.0,Optimal,3567.354144099998,3742376.15534414
5461,,-0.14,0.0,0.0,74.372831,0.0,0.0,0.0,0.0,0.0,0.0,0.0,0.0,0.0,Optimal,3567.354144099998,3742376.15534414
5462,,-0.2,0.0,7.6401325,66.41436,7.6401325,0.0,-7.6401325,0.0,0.0,0.0,0.0,0.0,0.0,Optimal,3567.354144099998,3742376.15534414
5463,,-3.0,0.0,30.0,35.16436,30.0,0.0,-30.0,0.0,0.0,0.0,0.0,0.0,0.0,Optimal,3567.354144099998,3742376.15534414
5464,,-10.05,0.0,30.0,3.9143595,30.0,0.0,-30.0,0.0,0.0,0.0,0.0,0.0,0.0,Optimal,3567.354144099998,3742376.15534414
5465,,29.9,0.0,0.0,3.9143595,0.0,0.0,0.0,0.0,0.0,0.0,0.0,0.0,0.0,Optimal,3567.354144099998,3742376.15534414
5466,,100.59,0.0,0.0,3.9143595,0.0,0.0,0.0,0.0,0.0,0.0,0.0,0.0,0.0,Optimal,3567.354144099998,3742376.15534414
5467,,109.4,0.0,0.0,3.9143595,0.0,0.0,0.0,0.0,0.0,0.0,0.0,0.0,0.0,Optimal,3567.354144099998,3742376.15534414
5468,,126.95,30.0,0.0,32.71436,0.0,30.0,30.0,0.0,0.0,0.0,0.0,0.0,0.0,Optimal,3567.354144099998,3742376.15534414
5469,,121.47,30.0,0.0,61.51436,0.0,30.0,30.0,0.0,0.0,0.0,0.0,0.0,0.0,Optimal,3567.354144099998,3742376.15534414
5470,,111.4,13.394241,0.0,74.372831,0.0,13.394241,13.394241,0.0,0.0,0.0,0.0,0.0,0.0,Optimal,3567.354144099998,3742376.15534414
5471,,93.54,0.0,0.0,74.372831,0.0,0.0,0.0,0.0,0.0,0.0,0.0,0.0,0.0,Optimal,3567.354144099998,3742376.15534414
5472,,84.0,0.0,30.0,43.122831,30.0,0.0,-30.0,0.0,0.0,0.0,0.0,0.0,0.0,Optimal,3567.354144099998,3742376.15534414
5473,,73.11,0.0,30.0,11.872831,30.0,0.0,-30.0,0.0,0.0,0.0,0.0,0.0,0.0,Optimal,3567.354144099998,3742376.15534414
5474,,83.45,26.814092,0.0,37.61436,0.0,26.814092,26.814092,0.0,0.0,0.0,0.0,0.0,0.0,Optimal,3567.354144099998,3742376.15534414
5475,,82.1,0.0,30.0,6.3643595,30.0,0.0,-30.0,0.0,0.0,0.0,0.0,0.0,0.0,Optimal,3567.354144099998,3742376.15534414
5476,,84.22,30.0,0.0,35.16436,0.0,30.0,30.0,0.0,0.0,0.0,0.0,0.0,0.0,Optimal,3567.354144099998,3742376.15534414
5477,,89.03,0.0,30.0,3.9143595,30.0,0.0,-30.0,0.0,0.0,0.0,0.0,0.0,0.0,Optimal,3567.354144099998,3742376.15534414
5478,,120.42,30.0,0.0,32.71436,0.0,30.0,30.0,0.0,0.0,0.0,0.0,0.0,0.0,Optimal,3567.354144099998,3742376.15534414
5479,,126.53,30.0,0.0,61.51436,0.0,30.0,30.0,0.0,0.0,0.0,0.0,0.0,0.0,Optimal,3567.354144099998,3742376.15534414
5480,,120.0,13.394241,0.0,74.372831,0.0,13.394241,13.394241,0.0,0.0,0.0,0.0,0.0,0.0,Optimal,3567.354144099998,3742376.15534414
5481,,110.01,0.0,0.0,74.372831,0.0,0.0,0.0,0.0,0.0,0.0,0.0,0.0,0.0,Optimal,3567.354144099998,3742376.15534414
5482,,100.0,0.0,0.0,74.372831,0.0,0.0,0.0,0.0,0.0,0.0,0.0,0.0,0.0,Optimal,3567.354144099998,3742376.15534414
5483,,89.6,0.0,0.0,74.372831,0.0,0.0,0.0,0.0,0.0,0.0,0.0,0.0,0.0,Optimal,3567.354144099998,3742376.15534414
5484,,74.39,0.0,0.0,74.372831,0.0,0.0,0.0,0.0,0.0,0.0,0.0,0.0,0.0,Optimal,3567.354144099998,3742376.15534414
5485,,53.5,0.0,30.0,43.122831,30.0,0.0,-30.0,0.0,0.0,0.0,0.0,0.0,0.0,Optimal,3567.354144099998,3742376.15534414
5486,,47.71,0.0,30.0,11.872831,30.0,0.0,-30.0,0.0,0.0,0.0,0.0,0.0,0.0,Optimal,3567.354144099998,3742376.15534414
5487,,54.25,0.0,7.6401325,3.9143595,7.6401325,0.0,-7.6401325,0.0,0.0,0.0,0.0,0.0,0.0,Optimal,3567.354144099998,3742376.15534414
5488,,78.49,0.0,0.0,3.9143595,0.0,0.0,0.0,0.0,0.0,0.0,0.0,0.0,0.0,Optimal,3567.354144099998,3742376.15534414
5489,,96.97,0.0,0.0,3.9143595,0.0,0.0,0.0,0.0,0.0,0.0,0.0,0.0,0.0,Optimal,3567.354144099998,3742376.15534414
5490,,125.76,0.0,0.0,3.9143595,0.0,0.0,0.0,0.0,0.0,0.0,0.0,0.0,0.0,Optimal,3567.354144099998,3742376.15534414
5491,,208.73,30.0,0.0,32.71436,0.0,30.0,30.0,0.0,0.0,0.0,0.0,0.0,0.0,Optimal,3567.354144099998,3742376.15534414
5492,,219.25,30.0,0.0,61.51436,0.0,30.0,30.0,0.0,0.0,0.0,0.0,0.0,0.0,Optimal,3567.354144099998,3742376.15534414
5493,,160.79,13.394241,0.0,74.372831,0.0,13.394241,13.394241,0.0,0.0,0.0,0.0,0.0,0.0,Optimal,3567.354144099998,3742376.15534414
5494,,131.75,0.0,0.0,74.372831,0.0,0.0,0.0,0.0,0.0,0.0,0.0,0.0,0.0,Optimal,3567.354144099998,3742376.15534414
5495,,116.18,0.0,0.0,74.372831,0.0,0.0,0.0,0.0,0.0,0.0,0.0,0.0,0.0,Optimal,3567.354144099998,3742376.15534414
5496,,107.1,0.0,30.0,43.122831,30.0,0.0,-30.0,0.0,0.0,0.0,0.0,0.0,0.0,Optimal,3567.354144099998,3742376.15534414
5497,,105.74,30.0,0.0,71.922831,0.0,30.0,30.0,0.0,0.0,0.0,0.0,0.0,0.0,Optimal,3567.354144099998,3742376.15534414
5498,,100.81,0.0,30.0,40.672831,30.0,0.0,-30.0,0.0,0.0,0.0,0.0,0.0,0.0,Optimal,3567.354144099998,3742376.15534414
5499,,98.0,0.0,30.0,9.4228309,30.0,0.0,-30.0,0.0,0.0,0.0,0.0,0.0,0.0,Optimal,3567.354144099998,3742376.15534414
5500,,103.02,30.0,0.0,38.222831,0.0,30.0,30.0,0.0,0.0,0.0,0.0,0.0,0.0,Optimal,3567.354144099998,3742376.15534414
5501,,103.29,30.0,0.0,67.022831,0.0,30.0,30.0,0.0,0.0,0.0,0.0,0.0,0.0,Optimal,3567.354144099998,3742376.15534414
5502,,100.83,7.65625,0.0,74.372831,0.0,7.65625,7.65625,0.0,0.0,0.0,0.0,0.0,0.0,Optimal,3567.354144099998,3742376.15534414
5503,,98.23,0.0,27.648,45.572831,27.648,0.0,-27.648,0.0,0.0,0.0,0.0,0.0,0.0,Optimal,3567.354144099998,3742376.15534414
5504,,99.75,30.0,0.0,74.372831,0.0,30.0,30.0,0.0,0.0,0.0,0.0,0.0,0.0,Optimal,3567.354144099998,3742376.15534414
5505,,81.67,0.0,0.0,74.372831,0.0,0.0,0.0,0.0,0.0,0.0,0.0,0.0,0.0,Optimal,3567.354144099998,3742376.15534414
5506,,68.99,0.0,0.0,74.372831,0.0,0.0,0.0,0.0,0.0,0.0,0.0,0.0,0.0,Optimal,3567.354144099998,3742376.15534414
5507,,48.0,0.0,0.0,74.372831,0.0,0.0,0.0,0.0,0.0,0.0,0.0,0.0,0.0,Optimal,3567.354144099998,3742376.15534414
5508,,33.0,0.0,0.0,74.372831,0.0,0.0,0.0,0.0,0.0,0.0,0.0,0.0,0.0,Optimal,3567.354144099998,3742376.15534414
5509,,27.1,0.0,30.0,43.122831,30.0,0.0,-30.0,0.0,0.0,0.0,0.0,0.0,0.0,Optimal,3567.354144099998,3742376.15534414
5510,,19.28,0.0,30.0,11.872831,30.0,0.0,-30.0,0.0,0.0,0.0,0.0,0.0,0.0,Optimal,3567.354144099998,3742376.15534414
5511,,30.55,0.0,7.6401325,3.9143595,7.6401325,0.0,-7.6401325,0.0,0.0,0.0,0.0,0.0,0.0,Optimal,3567.354144099998,3742376.15534414
5512,,56.06,0.0,0.0,3.9143595,0.0,0.0,0.0,0.0,0.0,0.0,0.0,0.0,0.0,Optimal,3567.354144099998,3742376.15534414
5513,,84.59,0.0,0.0,3.9143595,0.0,0.0,0.0,0.0,0.0,0.0,0.0,0.0,0.0,Optimal,3567.354144099998,3742376.15534414
5514,,112.58,0.0,0.0,3.9143595,0.0,0.0,0.0,0.0,0.0,0.0,0.0,0.0,0.0,Optimal,3567.354144099998,3742376.15534414
5515,,132.77,30.0,0.0,32.71436,0.0,30.0,30.0,0.0,0.0,0.0,0.0,0.0,0.0,Optimal,3567.354144099998,3742376.15534414
5516,,141.82,30.0,0.0,61.51436,0.0,30.0,30.0,0.0,0.0,0.0,0.0,0.0,0.0,Optimal,3567.354144099998,3742376.15534414
5517,,125.03,13.394241,0.0,74.372831,0.0,13.394241,13.394241,0.0,0.0,0.0,0.0,0.0,0.0,Optimal,3567.354144099998,3742376.15534414
5518,,116.11,0.0,0.0,74.372831,0.0,0.0,0.0,0.0,0.0,0.0,0.0,0.0,0.0,Optimal,3567.354144099998,3742376.15534414
5519,,105.69,0.0,30.0,43.122831,30.0,0.0,-30.0,0.0,0.0,0.0,0.0,0.0,0.0,Optimal,3567.354144099998,3742376.15534414
5520,,107.44,30.0,0.0,71.922831,0.0,30.0,30.0,0.0,0.0,0.0,0.0,0.0,0.0,Optimal,3567.354144099998,3742376.15534414
5521,,106.14,2.5520833,0.0,74.372831,0.0,2.5520833,2.5520833,0.0,0.0,0.0,0.0,0.0,0.0,Optimal,3567.354144099998,3742376.15534414
5522,,100.0,0.0,30.0,43.122831,30.0,0.0,-30.0,0.0,0.0,0.0,0.0,0.0,0.0,Optimal,3567.354144099998,3742376.15534414
5523,,98.61,30.0,0.0,71.922831,0.0,30.0,30.0,0.0,0.0,0.0,0.0,0.0,0.0,Optimal,3567.354144099998,3742376.15534414
5524,,96.7,0.0,30.0,40.672831,30.0,0.0,-30.0,0.0,0.0,0.0,0.0,0.0,0.0,Optimal,3567.354144099998,3742376.15534414
5525,,96.1,30.0,0.0,69.472831,0.0,30.0,30.0,0.0,0.0,0.0,0.0,0.0,0.0,Optimal,3567.354144099998,3742376.15534414
5526,,92.3,5.1041667,0.0,74.372831,0.0,5.1041667,5.1041667,0.0,0.0,0.0,0.0,0.0,0.0,Optimal,3567.354144099998,3742376.15534414
5527,,86.93,0.0,27.648,45.572831,27.648,0.0,-27.648,0.0,0.0,0.0,0.0,0.0,0.0,Optimal,3567.354144099998,3742376.15534414
5528,,83.15,30.0,0.0,74.372831,0.0,30.0,30.0,0.0,0.0,0.0,0.0,0.0,0.0,Optimal,3567.354144099998,3742376.15534414
5529,,75.35,0.0,0.0,74.372831,0.0,0.0,0.0,0.0,0.0,0.0,0.0,0.0,0.0,Optimal,3567.354144099998,3742376.15534414
5530,,62.56,0.0,0.0,74.372831,0.0,0.0,0.0,0.0,0.0,0.0,0.0,0.0,0.0,Optimal,3567.354144099998,3742376.15534414
5531,,15.3,0.0,0.0,74.372831,0.0,0.0,0.0,0.0,0.0,0.0,0.0,0.0,0.0,Optimal,3567.354144099998,3742376.15534414
5532,,8.93,0.0,30.0,43.122831,30.0,0.0,-30.0,0.0,0.0,0.0,0.0,0.0,0.0,Optimal,3567.354144099998,3742376.15534414
5533,,10.0,24.262009,0.0,66.41436,0.0,24.262009,24.262009,0.0,0.0,0.0,0.0,0.0,0.0,Optimal,3567.354144099998,3742376.15534414
5534,,0.0,0.0,30.0,35.16436,30.0,0.0,-30.0,0.0,0.0,0.0,0.0,0.0,0.0,Optimal,3567.354144099998,3742376.15534414
5535,,0.0,0.0,30.0,3.9143595,30.0,0.0,-30.0,0.0,0.0,0.0,0.0,0.0,0.0,Optimal,3567.354144099998,3742376.15534414
5536,,17.3,0.0,0.0,3.9143595,0.0,0.0,0.0,0.0,0.0,0.0,0.0,0.0,0.0,Optimal,3567.354144099998,3742376.15534414
5537,,68.41,0.0,0.0,3.9143595,0.0,0.0,0.0,0.0,0.0,0.0,0.0,0.0,0.0,Optimal,3567.354144099998,3742376.15534414
5538,,83.96,0.0,0.0,3.9143595,0.0,0.0,0.0,0.0,0.0,0.0,0.0,0.0,0.0,Optimal,3567.354144099998,3742376.15534414
5539,,104.78,0.0,0.0,3.9143595,0.0,0.0,0.0,0.0,0.0,0.0,0.0,0.0,0.0,Optimal,3567.354144099998,3742376.15534414
5540,,111.73,30.0,0.0,32.71436,0.0,30.0,30.0,0.0,0.0,0.0,0.0,0.0,0.0,Optimal,3567.354144099998,3742376.15534414
5541,,109.97,13.394241,0.0,45.572831,0.0,13.394241,13.394241,0.0,0.0,0.0,0.0,0.0,0.0,Optimal,3567.354144099998,3742376.15534414
5542,,111.45,30.0,0.0,74.372831,0.0,30.0,30.0,0.0,0.0,0.0,0.0,0.0,0.0,Optimal,3567.354144099998,3742376.15534414
5543,,99.51,0.0,27.648,45.572831,27.648,0.0,-27.648,0.0,0.0,0.0,0.0,0.0,0.0,Optimal,3567.354144099998,3742376.15534414
5544,,97.39,30.0,0.0,74.372831,0.0,30.0,30.0,0.0,0.0,0.0,0.0,0.0,0.0,Optimal,3567.354144099998,3742376.15534414
5545,,90.1,0.0,27.648,45.572831,27.648,0.0,-27.648,0.0,0.0,0.0,0.0,0.0,0.0,Optimal,3567.354144099998,3742376.15534414
5546,,88.7,30.0,0.0,74.372831,0.0,30.0,30.0,0.0,0.0,0.0,0.0,0.0,0.0,Optimal,3567.354144099998,3742376.15534414
5547,,84.86,0.0,30.0,43.122831,30.0,0.0,-30.0,0.0,0.0,0.0,0.0,0.0,0.0,Optimal,3567.354144099998,3742376.15534414
5548,,84.5,0.0,30.0,11.872831,30.0,0.0,-30.0,0.0,0.0,0.0,0.0,0.0,0.0,Optimal,3567.354144099998,3742376.15534414
5549,,86.77,0.0,7.6401325,3.9143595,7.6401325,0.0,-7.6401325,0.0,0.0,0.0,0.0,0.0,0.0,Optimal,3567.354144099998,3742376.15534414
5550,,122.85,13.394241,0.0,16.772831,0.0,13.394241,13.394241,0.0,0.0,0.0,0.0,0.0,0.0,Optimal,3567.354144099998,3742376.15534414
5551,,149.77,30.0,0.0,45.572831,0.0,30.0,30.0,0.0,0.0,0.0,0.0,0.0,0.0,Optimal,3567.354144099998,3742376.15534414
5552,,128.65,30.0,0.0,74.372831,0.0,30.0,30.0,0.0,0.0,0.0,0.0,0.0,0.0,Optimal,3567.354144099998,3742376.15534414
5553,,112.58,0.0,0.0,74.372831,0.0,0.0,0.0,0.0,0.0,0.0,0.0,0.0,0.0,Optimal,3567.354144099998,3742376.15534414
5554,,96.08,0.0,0.0,74.372831,0.0,0.0,0.0,0.0,0.0,0.0,0.0,0.0,0.0,Optimal,3567.354144099998,3742376.15534414
5555,,88.71,0.0,27.648,45.572831,27.648,0.0,-27.648,0.0,0.0,0.0,0.0,0.0,0.0,Optimal,3567.354144099998,3742376.15534414
5556,,83.22,30.0,0.0,74.372831,0.0,30.0,30.0,0.0,0.0,0.0,0.0,0.0,0.0,Optimal,3567.354144099998,3742376.15534414
5557,,77.99,0.0,30.0,43.122831,30.0,0.0,-30.0,0.0,0.0,0.0,0.0,0.0,0.0,Optimal,3567.354144099998,3742376.15534414
5558,,78.95,0.0,30.0,11.872831,30.0,0.0,-30.0,0.0,0.0,0.0,0.0,0.0,0.0,Optimal,3567.354144099998,3742376.15534414
5559,,79.2,24.262009,0.0,35.16436,0.0,24.262009,24.262009,0.0,0.0,0.0,0.0,0.0,0.0,Optimal,3567.354144099998,3742376.15534414
5560,,80.3,0.0,30.0,3.9143595,30.0,0.0,-30.0,0.0,0.0,0.0,0.0,0.0,0.0,Optimal,3567.354144099998,3742376.15534414
5561,,98.67,30.0,0.0,32.71436,0.0,30.0,30.0,0.0,0.0,0.0,0.0,0.0,0.0,Optimal,3567.354144099998,3742376.15534414
5562,,107.04,0.0,27.648,3.9143595,27.648,0.0,-27.648,0.0,0.0,0.0,0.0,0.0,0.0,Optimal,3567.354144099998,3742376.15534414
5563,,160.0,30.0,0.0,32.71436,0.0,30.0,30.0,0.0,0.0,0.0,0.0,0.0,0.0,Optimal,3567.354144099998,3742376.15534414
5564,,200.94,30.0,0.0,61.51436,0.0,30.0,30.0,0.0,0.0,0.0,0.0,0.0,0.0,Optimal,3567.354144099998,3742376.15534414
5565,,138.98,13.394241,0.0,74.372831,0.0,13.394241,13.394241,0.0,0.0,0.0,0.0,0.0,0.0,Optimal,3567.354144099998,3742376.15534414
5566,,101.05,0.0,0.0,74.372831,0.0,0.0,0.0,0.0,0.0,0.0,0.0,0.0,0.0,Optimal,3567.354144099998,3742376.15534414
5567,,86.33,0.0,30.0,43.122831,30.0,0.0,-30.0,0.0,0.0,0.0,0.0,0.0,0.0,Optimal,3567.354144099998,3742376.15534414
5568,,92.86,30.0,0.0,71.922831,0.0,30.0,30.0,0.0,0.0,0.0,0.0,0.0,0.0,Optimal,3567.354144099998,3742376.15534414
5569,,88.36,0.0,25.296,45.572831,25.296,0.0,-25.296,0.0,0.0,0.0,0.0,0.0,0.0,Optimal,3567.354144099998,3742376.15534414
5570,,86.77,30.0,0.0,74.372831,0.0,30.0,30.0,0.0,0.0,0.0,0.0,0.0,0.0,Optimal,3567.354144099998,3742376.15534414
5571,,86.23,0.0,30.0,43.122831,30.0,0.0,-30.0,0.0,0.0,0.0,0.0,0.0,0.0,Optimal,3567.354144099998,3742376.15534414
5572,,83.14,0.0,30.0,11.872831,30.0,0.0,-30.0,0.0,0.0,0.0,0.0,0.0,0.0,Optimal,3567.354144099998,3742376.15534414
5573,,86.79,0.0,7.6401325,3.9143595,7.6401325,0.0,-7.6401325,0.0,0.0,0.0,0.0,0.0,0.0,Optimal,3567.354144099998,3742376.15534414
5574,,119.76,30.0,0.0,32.71436,0.0,30.0,30.0,0.0,0.0,0.0,0.0,0.0,0.0,Optimal,3567.354144099998,3742376.15534414
5575,,120.71,30.0,0.0,61.51436,0.0,30.0,30.0,0.0,0.0,0.0,0.0,0.0,0.0,Optimal,3567.354144099998,3742376.15534414
5576,,109.29,13.394241,0.0,74.372831,0.0,13.394241,13.394241,0.0,0.0,0.0,0.0,0.0,0.0,Optimal,3567.354144099998,3742376.15534414
5577,,102.24,0.0,0.0,74.372831,0.0,0.0,0.0,0.0,0.0,0.0,0.0,0.0,0.0,Optimal,3567.354144099998,3742376.15534414
5578,,60.58,0.0,0.0,74.372831,0.0,0.0,0.0,0.0,0.0,0.0,0.0,0.0,0.0,Optimal,3567.354144099998,3742376.15534414
5579,,46.91,0.0,0.0,74.372831,0.0,0.0,0.0,0.0,0.0,0.0,0.0,0.0,0.0,Optimal,3567.354144099998,3742376.15534414
5580,,32.85,0.0,0.0,74.372831,0.0,0.0,0.0,0.0,0.0,0.0,0.0,0.0,0.0,Optimal,3567.354144099998,3742376.15534414
5581,,16.07,0.0,30.0,43.122831,30.0,0.0,-30.0,0.0,0.0,0.0,0.0,0.0,0.0,Optimal,3567.354144099998,3742376.15534414
5582,,8.25,0.0,30.0,11.872831,30.0,0.0,-30.0,0.0,0.0,0.0,0.0,0.0,0.0,Optimal,3567.354144099998,3742376.15534414
5583,,27.21,0.0,7.6401325,3.9143595,7.6401325,0.0,-7.6401325,0.0,0.0,0.0,0.0,0.0,0.0,Optimal,3567.354144099998,3742376.15534414
5584,,49.92,0.0,0.0,3.9143595,0.0,0.0,0.0,0.0,0.0,0.0,0.0,0.0,0.0,Optimal,3567.354144099998,3742376.15534414
5585,,100.26,0.0,0.0,3.9143595,0.0,0.0,0.0,0.0,0.0,0.0,0.0,0.0,0.0,Optimal,3567.354144099998,3742376.15534414
5586,,116.84,0.0,0.0,3.9143595,0.0,0.0,0.0,0.0,0.0,0.0,0.0,0.0,0.0,Optimal,3567.354144099998,3742376.15534414
5587,,123.66,30.0,0.0,32.71436,0.0,30.0,30.0,0.0,0.0,0.0,0.0,0.0,0.0,Optimal,3567.354144099998,3742376.15534414
5588,,145.08,30.0,0.0,61.51436,0.0,30.0,30.0,0.0,0.0,0.0,0.0,0.0,0.0,Optimal,3567.354144099998,3742376.15534414
5589,,120.0,13.394241,0.0,74.372831,0.0,13.394241,13.394241,0.0,0.0,0.0,0.0,0.0,0.0,Optimal,3567.354144099998,3742376.15534414
5590,,103.42,0.0,0.0,74.372831,0.0,0.0,0.0,0.0,0.0,0.0,0.0,0.0,0.0,Optimal,3567.354144099998,3742376.15534414
5591,,94.69,0.0,0.0,74.372831,0.0,0.0,0.0,0.0,0.0,0.0,0.0,0.0,0.0,Optimal,3567.354144099998,3742376.15534414
5592,,84.9,0.0,0.0,74.372831,0.0,0.0,0.0,0.0,0.0,0.0,0.0,0.0,0.0,Optimal,3567.354144099998,3742376.15534414
5593,,76.4,0.0,0.0,74.372831,0.0,0.0,0.0,0.0,0.0,0.0,0.0,0.0,0.0,Optimal,3567.354144099998,3742376.15534414
5594,,62.14,0.0,0.0,74.372831,0.0,0.0,0.0,0.0,0.0,0.0,0.0,0.0,0.0,Optimal,3567.354144099998,3742376.15534414
5595,,51.36,0.0,30.0,43.122831,30.0,0.0,-30.0,0.0,0.0,0.0,0.0,0.0,0.0,Optimal,3567.354144099998,3742376.15534414
5596,,49.9,0.0,30.0,11.872831,30.0,0.0,-30.0,0.0,0.0,0.0,0.0,0.0,0.0,Optimal,3567.354144099998,3742376.15534414
5597,,54.0,0.0,7.6401325,3.9143595,7.6401325,0.0,-7.6401325,0.0,0.0,0.0,0.0,0.0,0.0,Optimal,3567.354144099998,3742376.15534414
5598,,80.59,13.394241,0.0,16.772831,0.0,13.394241,13.394241,0.0,0.0,0.0,0.0,0.0,0.0,Optimal,3567.354144099998,3742376.15534414
5599,,87.15,30.0,0.0,45.572831,0.0,30.0,30.0,0.0,0.0,0.0,0.0,0.0,0.0,Optimal,3567.354144099998,3742376.15534414
5600,,86.5,30.0,0.0,74.372831,0.0,30.0,30.0,0.0,0.0,0.0,0.0,0.0,0.0,Optimal,3567.354144099998,3742376.15534414
5601,,51.0,0.0,0.0,74.372831,0.0,0.0,0.0,0.0,0.0,0.0,0.0,0.0,0.0,Optimal,3567.354144099998,3742376.15534414
5602,,-4.24,0.0,0.0,74.372831,0.0,0.0,0.0,0.0,0.0,0.0,0.0,0.0,0.0,Optimal,3567.354144099998,3742376.15534414
5603,,-10.5,0.0,0.0,74.372831,0.0,0.0,0.0,0.0,0.0,0.0,0.0,0.0,0.0,Optimal,3567.354144099998,3742376.15534414
5604,,-19.0,0.0,0.0,74.372831,0.0,0.0,0.0,0.0,0.0,0.0,0.0,0.0,0.0,Optimal,3567.354144099998,3742376.15534414
5605,,-31.73,0.0,30.0,43.122831,30.0,0.0,-30.0,0.0,0.0,0.0,0.0,0.0,0.0,Optimal,3567.354144099998,3742376.15534414
5606,,-29.1,0.0,30.0,11.872831,30.0,0.0,-30.0,0.0,0.0,0.0,0.0,0.0,0.0,Optimal,3567.354144099998,3742376.15534414
5607,,-21.04,0.0,7.6401325,3.9143595,7.6401325,0.0,-7.6401325,0.0,0.0,0.0,0.0,0.0,0.0,Optimal,3567.354144099998,3742376.15534414
5608,,-16.56,0.0,0.0,3.9143595,0.0,0.0,0.0,0.0,0.0,0.0,0.0,0.0,0.0,Optimal,3567.354144099998,3742376.15534414
5609,,-2.0,0.0,0.0,3.9143595,0.0,0.0,0.0,0.0,0.0,0.0,0.0,0.0,0.0,Optimal,3567.354144099998,3742376.15534414
5610,,67.21,0.0,0.0,3.9143595,0.0,0.0,0.0,0.0,0.0,0.0,0.0,0.0,0.0,Optimal,3567.354144099998,3742376.15534414
5611,,102.1,0.0,0.0,3.9143595,0.0,0.0,0.0,0.0,0.0,0.0,0.0,0.0,0.0,Optimal,3567.354144099998,3742376.15534414
5612,,136.67,30.0,0.0,32.71436,0.0,30.0,30.0,0.0,0.0,0.0,0.0,0.0,0.0,Optimal,3567.354144099998,3742376.15534414
5613,,128.63,30.0,0.0,61.51436,0.0,30.0,30.0,0.0,0.0,0.0,0.0,0.0,0.0,Optimal,3567.354144099998,3742376.15534414
5614,,102.37,13.394241,0.0,74.372831,0.0,13.394241,13.394241,0.0,0.0,0.0,0.0,0.0,0.0,Optimal,3567.354144099998,3742376.15534414
5615,,85.49,0.0,0.0,74.372831,0.0,0.0,0.0,0.0,0.0,0.0,0.0,0.0,0.0,Optimal,3567.354144099998,3742376.15534414
5616,,77.87,0.0,0.0,74.372831,0.0,0.0,0.0,0.0,0.0,0.0,0.0,0.0,0.0,Optimal,3567.354144099998,3742376.15534414
5617,,70.59,0.0,27.648,45.572831,27.648,0.0,-27.648,0.0,0.0,0.0,0.0,0.0,0.0,Optimal,3567.354144099998,3742376.15534414
5618,,76.07,30.0,0.0,74.372831,0.0,30.0,30.0,0.0,0.0,0.0,0.0,0.0,0.0,Optimal,3567.354144099998,3742376.15534414
5619,,58.0,0.0,30.0,43.122831,30.0,0.0,-30.0,0.0,0.0,0.0,0.0,0.0,0.0,Optimal,3567.354144099998,3742376.15534414
5620,,49.9,0.0,30.0,11.872831,30.0,0.0,-30.0,0.0,0.0,0.0,0.0,0.0,0.0,Optimal,3567.354144099998,3742376.15534414
5621,,62.4,5.1041667,0.0,16.772831,0.0,5.1041667,5.1041667,0.0,0.0,0.0,0.0,0.0,0.0,Optimal,3567.354144099998,3742376.15534414
5622,,89.0,30.0,0.0,45.572831,0.0,30.0,30.0,0.0,0.0,0.0,0.0,0.0,0.0,Optimal,3567.354144099998,3742376.15534414
5623,,62.74,30.0,0.0,74.372831,0.0,30.0,30.0,0.0,0.0,0.0,0.0,0.0,0.0,Optimal,3567.354144099998,3742376.15534414
5624,,46.6,0.0,0.0,74.372831,0.0,0.0,0.0,0.0,0.0,0.0,0.0,0.0,0.0,Optimal,3567.354144099998,3742376.15534414
5625,,16.0,0.0,0.0,74.372831,0.0,0.0,0.0,0.0,0.0,0.0,0.0,0.0,0.0,Optimal,3567.354144099998,3742376.15534414
5626,,-6.96,0.0,0.0,74.372831,0.0,0.0,0.0,0.0,0.0,0.0,0.0,0.0,0.0,Optimal,3567.354144099998,3742376.15534414
5627,,-19.43,0.0,0.0,74.372831,0.0,0.0,0.0,0.0,0.0,0.0,0.0,0.0,0.0,Optimal,3567.354144099998,3742376.15534414
5628,,-21.0,0.0,7.6401325,66.41436,7.6401325,0.0,-7.6401325,0.0,0.0,0.0,0.0,0.0,0.0,Optimal,3567.354144099998,3742376.15534414
5629,,-28.96,0.0,30.0,35.16436,30.0,0.0,-30.0,0.0,0.0,0.0,0.0,0.0,0.0,Optimal,3567.354144099998,3742376.15534414
5630,,-26.75,0.0,30.0,3.9143595,30.0,0.0,-30.0,0.0,0.0,0.0,0.0,0.0,0.0,Optimal,3567.354144099998,3742376.15534414
5631,,-15.53,0.0,0.0,3.9143595,0.0,0.0,0.0,0.0,0.0,0.0,0.0,0.0,0.0,Optimal,3567.354144099998,3742376.15534414
5632,,-10.05,0.0,0.0,3.9143595,0.0,0.0,0.0,0.0,0.0,0.0,0.0,0.0,0.0,Optimal,3567.354144099998,3742376.15534414
5633,,0.0,0.0,0.0,3.9143595,0.0,0.0,0.0,0.0,0.0,0.0,0.0,0.0,0.0,Optimal,3567.354144099998,3742376.15534414
5634,,90.0,0.0,0.0,3.9143595,0.0,0.0,0.0,0.0,0.0,0.0,0.0,0.0,0.0,Optimal,3567.354144099998,3742376.15534414
5635,,112.65,30.0,0.0,32.71436,0.0,30.0,30.0,0.0,0.0,0.0,0.0,0.0,0.0,Optimal,3567.354144099998,3742376.15534414
5636,,114.7,30.0,0.0,61.51436,0.0,30.0,30.0,0.0,0.0,0.0,0.0,0.0,0.0,Optimal,3567.354144099998,3742376.15534414
5637,,111.18,13.394241,0.0,74.372831,0.0,13.394241,13.394241,0.0,0.0,0.0,0.0,0.0,0.0,Optimal,3567.354144099998,3742376.15534414
5638,,96.07,0.0,0.0,74.372831,0.0,0.0,0.0,0.0,0.0,0.0,0.0,0.0,0.0,Optimal,3567.354144099998,3742376.15534414
5639,,79.15,0.0,0.0,74.372831,0.0,0.0,0.0,0.0,0.0,0.0,0.0,0.0,0.0,Optimal,3567.354144099998,3742376.15534414
5640,,51.28,0.0,0.0,74.372831,0.0,0.0,0.0,0.0,0.0,0.0,0.0,0.0,0.0,Optimal,3567.354144099998,3742376.15534414
5641,,40.7,0.0,0.0,74.372831,0.0,0.0,0.0,0.0,0.0,0.0,0.0,0.0,0.0,Optimal,3567.354144099998,3742376.15534414
5642,,33.02,0.0,0.0,74.372831,0.0,0.0,0.0,0.0,0.0,0.0,0.0,0.0,0.0,Optimal,3567.354144099998,3742376.15534414
5643,,17.0,0.0,0.0,74.372831,0.0,0.0,0.0,0.0,0.0,0.0,0.0,0.0,0.0,Optimal,3567.354144099998,3742376.15534414
5644,,9.4,0.0,30.0,43.122831,30.0,0.0,-30.0,0.0,0.0,0.0,0.0,0.0,0.0,Optimal,3567.354144099998,3742376.15534414
5645,,6.85,0.0,30.0,11.872831,30.0,0.0,-30.0,0.0,0.0,0.0,0.0,0.0,0.0,Optimal,3567.354144099998,3742376.15534414
5646,,15.08,5.1041667,0.0,16.772831,0.0,5.1041667,5.1041667,0.0,0.0,0.0,0.0,0.0,0.0,Optimal,3567.354144099998,3742376.15534414
5647,,27.73,30.0,0.0,45.572831,0.0,30.0,30.0,0.0,0.0,0.0,0.0,0.0,0.0,Optimal,3567.354144099998,3742376.15534414
5648,,29.99,30.0,0.0,74.372831,0.0,30.0,30.0,0.0,0.0,0.0,0.0,0.0,0.0,Optimal,3567.354144099998,3742376.15534414
5649,,1.26,0.0,0.0,74.372831,0.0,0.0,0.0,0.0,0.0,0.0,0.0,0.0,0.0,Optimal,3567.354144099998,3742376.15534414
5650,,-0.79,0.0,0.0,74.372831,0.0,0.0,0.0,0.0,0.0,0.0,0.0,0.0,0.0,Optimal,3567.354144099998,3742376.15534414
5651,,-3.97,0.0,30.0,43.122831,30.0,0.0,-30.0,0.0,0.0,0.0,0.0,0.0,0.0,Optimal,3567.354144099998,3742376.15534414
5652,,-0.08,30.0,0.0,71.922831,0.0,30.0,30.0,0.0,0.0,0.0,0.0,0.0,0.0,Optimal,3567.354144099998,3742376.15534414
5653,,-1.0,2.5520833,0.0,74.372831,0.0,2.5520833,2.5520833,0.0,0.0,0.0,0.0,0.0,0.0,Optimal,3567.354144099998,3742376.15534414
5654,,-10.0,0.0,7.6401325,66.41436,7.6401325,0.0,-7.6401325,0.0,0.0,0.0,0.0,0.0,0.0,Optimal,3567.354144099998,3742376.15534414
5655,,-10.08,0.0,30.0,35.16436,30.0,0.0,-30.0,0.0,0.0,0.0,0.0,0.0,0.0,Optimal,3567.354144099998,3742376.15534414
5656,,-10.06,0.0,30.0,3.9143595,30.0,0.0,-30.0,0.0,0.0,0.0,0.0,0.0,0.0,Optimal,3567.354144099998,3742376.15534414
5657,,-2.0,0.0,0.0,3.9143595,0.0,0.0,0.0,0.0,0.0,0.0,0.0,0.0,0.0,Optimal,3567.354144099998,3742376.15534414
5658,,50.2,0.0,0.0,3.9143595,0.0,0.0,0.0,0.0,0.0,0.0,0.0,0.0,0.0,Optimal,3567.354144099998,3742376.15534414
5659,,98.85,0.0,0.0,3.9143595,0.0,0.0,0.0,0.0,0.0,0.0,0.0,0.0,0.0,Optimal,3567.354144099998,3742376.15534414
5660,,118.7,13.394241,0.0,16.772831,0.0,13.394241,13.394241,0.0,0.0,0.0,0.0,0.0,0.0,Optimal,3567.354144099998,3742376.15534414
5661,,123.99,30.0,0.0,45.572831,0.0,30.0,30.0,0.0,0.0,0.0,0.0,0.0,0.0,Optimal,3567.354144099998,3742376.15534414
5662,,119.86,30.0,0.0,74.372831,0.0,30.0,30.0,0.0,0.0,0.0,0.0,0.0,0.0,Optimal,3567.354144099998,3742376.15534414
5663,,100.84,0.0,30.0,43.122831,30.0,0.0,-30.0,0.0,0.0,0.0,0.0,0.0,0.0,Optimal,3567.354144099998,3742376.15534414
5664,,94.4,0.0,30.0,11.872831,30.0,0.0,-30.0,0.0,0.0,0.0,0.0,0.0,0.0,Optimal,3567.354144099998,3742376.15534414
5665,,102.0,30.0,0.0,40.672831,0.0,30.0,30.0,0.0,0.0,0.0,0.0,0.0,0.0,Optimal,3567.354144099998,3742376.15534414
5666,,98.38,26.814092,0.0,66.41436,0.0,26.814092,26.814092,0.0,0.0,0.0,0.0,0.0,0.0,Optimal,3567.354144099998,3742376.15534414
5667,,97.89,0.0,30.0,35.16436,30.0,0.0,-30.0,0.0,0.0,0.0,0.0,0.0,0.0,Optimal,3567.354144099998,3742376.15534414
5668,,98.93,0.0,30.0,3.9143595,30.0,0.0,-30.0,0.0,0.0,0.0,0.0,0.0,0.0,Optimal,3567.354144099998,3742376.15534414
5669,,102.81,30.0,0.0,32.71436,0.0,30.0,30.0,0.0,0.0,0.0,0.0,0.0,0.0,Optimal,3567.354144099998,3742376.15534414
5670,,99.9,30.0,0.0,61.51436,0.0,30.0,30.0,0.0,0.0,0.0,0.0,0.0,0.0,Optimal,3567.354144099998,3742376.15534414
5671,,99.07,13.394241,0.0,74.372831,0.0,13.394241,13.394241,0.0,0.0,0.0,0.0,0.0,0.0,Optimal,3567.354144099998,3742376.15534414
5672,,73.31,0.0,0.0,74.372831,0.0,0.0,0.0,0.0,0.0,0.0,0.0,0.0,0.0,Optimal,3567.354144099998,3742376.15534414
5673,,15.0,0.0,0.0,74.372831,0.0,0.0,0.0,0.0,0.0,0.0,0.0,0.0,0.0,Optimal,3567.354144099998,3742376.15534414
5674,,-0.02,0.0,0.0,74.372831,0.0,0.0,0.0,0.0,0.0,0.0,0.0,0.0,0.0,Optimal,3567.354144099998,3742376.15534414
5675,,-6.84,0.0,0.0,74.372831,0.0,0.0,0.0,0.0,0.0,0.0,0.0,0.0,0.0,Optimal,3567.354144099998,3742376.15534414
5676,,-18.64,0.0,0.0,74.372831,0.0,0.0,0.0,0.0,0.0,0.0,0.0,0.0,0.0,Optimal,3567.354144099998,3742376.15534414
5677,,-40.35,0.0,30.0,43.122831,30.0,0.0,-30.0,0.0,0.0,0.0,0.0,0.0,0.0,Optimal,3567.354144099998,3742376.15534414
5678,,-44.92,0.0,30.0,11.872831,30.0,0.0,-30.0,0.0,0.0,0.0,0.0,0.0,0.0,Optimal,3567.354144099998,3742376.15534414
5679,,-29.07,0.0,7.6401325,3.9143595,7.6401325,0.0,-7.6401325,0.0,0.0,0.0,0.0,0.0,0.0,Optimal,3567.354144099998,3742376.15534414
5680,,-10.05,0.0,0.0,3.9143595,0.0,0.0,0.0,0.0,0.0,0.0,0.0,0.0,0.0,Optimal,3567.354144099998,3742376.15534414
5681,,-3.66,0.0,0.0,3.9143595,0.0,0.0,0.0,0.0,0.0,0.0,0.0,0.0,0.0,Optimal,3567.354144099998,3742376.15534414
5682,,67.56,0.0,0.0,3.9143595,0.0,0.0,0.0,0.0,0.0,0.0,0.0,0.0,0.0,Optimal,3567.354144099998,3742376.15534414
5683,,90.1,30.0,0.0,32.71436,0.0,30.0,30.0,0.0,0.0,0.0,0.0,0.0,0.0,Optimal,3567.354144099998,3742376.15534414
5684,,80.19,30.0,0.0,61.51436,0.0,30.0,30.0,0.0,0.0,0.0,0.0,0.0,0.0,Optimal,3567.354144099998,3742376.15534414
5685,,71.3,13.394241,0.0,74.372831,0.0,13.394241,13.394241,0.0,0.0,0.0,0.0,0.0,0.0,Optimal,3567.354144099998,3742376.15534414
5686,,64.14,0.0,0.0,74.372831,0.0,0.0,0.0,0.0,0.0,0.0,0.0,0.0,0.0,Optimal,3567.354144099998,3742376.15534414
5687,,49.39,0.0,0.0,74.372831,0.0,0.0,0.0,0.0,0.0,0.0,0.0,0.0,0.0,Optimal,3567.354144099998,3742376.15534414
5688,,0.39,0.0,27.648,45.572831,27.648,0.0,-27.648,0.0,0.0,0.0,0.0,0.0,0.0,Optimal,3567.354144099998,3742376.15534414
5689,,0.92,30.0,0.0,74.372831,0.0,30.0,30.0,0.0,0.0,0.0,0.0,0.0,0.0,Optimal,3567.354144099998,3742376.15534414
5690,,0.0,0.0,0.0,74.372831,0.0,0.0,0.0,0.0,0.0,0.0,0.0,0.0,0.0,Optimal,3567.354144099998,3742376.15534414
5691,,-0.75,0.0,30.0,43.122831,30.0,0.0,-30.0,0.0,0.0,0.0,0.0,0.0,0.0,Optimal,3567.354144099998,3742376.15534414
5692,,-0.57,0.0,30.0,11.872831,30.0,0.0,-30.0,0.0,0.0,0.0,0.0,0.0,0.0,Optimal,3567.354144099998,3742376.15534414
5693,,0.0,30.0,0.0,40.672831,0.0,30.0,30.0,0.0,0.0,0.0,0.0,0.0,0.0,Optimal,3567.354144099998,3742376.15534414
5694,,0.05,30.0,0.0,69.472831,0.0,30.0,30.0,0.0,0.0,0.0,0.0,0.0,0.0,Optimal,3567.354144099998,3742376.15534414
5695,,-0.01,0.0,22.944,45.572831,22.944,0.0,-22.944,0.0,0.0,0.0,0.0,0.0,0.0,Optimal,3567.354144099998,3742376.15534414
5696,,0.0,30.0,0.0,74.372831,0.0,30.0,30.0,0.0,0.0,0.0,0.0,0.0,0.0,Optimal,3567.354144099998,3742376.15534414
5697,,-1.39,0.0,0.0,74.372831,0.0,0.0,0.0,0.0,0.0,0.0,0.0,0.0,0.0,Optimal,3567.354144099998,3742376.15534414
5698,,-6.07,0.0,0.0,74.372831,0.0,0.0,0.0,0.0,0.0,0.0,0.0,0.0,0.0,Optimal,3567.354144099998,3742376.15534414
5699,,-10.1,0.0,0.0,74.372831,0.0,0.0,0.0,0.0,0.0,0.0,0.0,0.0,0.0,Optimal,3567.354144099998,3742376.15534414
5700,,-15.5,0.0,7.6401325,66.41436,7.6401325,0.0,-7.6401325,0.0,0.0,0.0,0.0,0.0,0.0,Optimal,3567.354144099998,3742376.15534414
5701,,-19.37,0.0,30.0,35.16436,30.0,0.0,-30.0,0.0,0.0,0.0,0.0,0.0,0.0,Optimal,3567.354144099998,3742376.15534414
5702,,-20.47,0.0,30.0,3.9143595,30.0,0.0,-30.0,0.0,0.0,0.0,0.0,0.0,0.0,Optimal,3567.354144099998,3742376.15534414
5703,,-10.07,0.0,0.0,3.9143595,0.0,0.0,0.0,0.0,0.0,0.0,0.0,0.0,0.0,Optimal,3567.354144099998,3742376.15534414
5704,,-5.35,0.0,0.0,3.9143595,0.0,0.0,0.0,0.0,0.0,0.0,0.0,0.0,0.0,Optimal,3567.354144099998,3742376.15534414
5705,,-2.5,0.0,0.0,3.9143595,0.0,0.0,0.0,0.0,0.0,0.0,0.0,0.0,0.0,Optimal,3567.354144099998,3742376.15534414
5706,,59.2,0.0,0.0,3.9143595,0.0,0.0,0.0,0.0,0.0,0.0,0.0,0.0,0.0,Optimal,3567.354144099998,3742376.15534414
5707,,106.6,13.394241,0.0,16.772831,0.0,13.394241,13.394241,0.0,0.0,0.0,0.0,0.0,0.0,Optimal,3567.354144099998,3742376.15534414
5708,,122.23,30.0,0.0,45.572831,0.0,30.0,30.0,0.0,0.0,0.0,0.0,0.0,0.0,Optimal,3567.354144099998,3742376.15534414
5709,,107.92,30.0,0.0,74.372831,0.0,30.0,30.0,0.0,0.0,0.0,0.0,0.0,0.0,Optimal,3567.354144099998,3742376.15534414
5710,,101.05,0.0,0.0,74.372831,0.0,0.0,0.0,0.0,0.0,0.0,0.0,0.0,0.0,Optimal,3567.354144099998,3742376.15534414
5711,,92.49,0.0,27.648,45.572831,27.648,0.0,-27.648,0.0,0.0,0.0,0.0,0.0,0.0,Optimal,3567.354144099998,3742376.15534414
5712,,92.11,30.0,0.0,74.372831,0.0,30.0,30.0,0.0,0.0,0.0,0.0,0.0,0.0,Optimal,3567.354144099998,3742376.15534414
5713,,81.56,0.0,30.0,43.122831,30.0,0.0,-30.0,0.0,0.0,0.0,0.0,0.0,0.0,Optimal,3567.354144099998,3742376.15534414
5714,,79.87,30.0,0.0,71.922831,0.0,30.0,30.0,0.0,0.0,0.0,0.0,0.0,0.0,Optimal,3567.354144099998,3742376.15534414
5715,,75.97,0.0,30.0,40.672831,30.0,0.0,-30.0,0.0,0.0,0.0,0.0,0.0,0.0,Optimal,3567.354144099998,3742376.15534414
5716,,79.02,0.0,30.0,9.4228309,30.0,0.0,-30.0,0.0,0.0,0.0,0.0,0.0,0.0,Optimal,3567.354144099998,3742376.15534414
5717,,82.6,0.0,5.2881325,3.9143595,5.2881325,0.0,-5.2881325,0.0,0.0,0.0,0.0,0.0,0.0,Optimal,3567.354144099998,3742376.15534414
5718,,112.09,30.0,0.0,32.71436,0.0,30.0,30.0,0.0,0.0,0.0,0.0,0.0,0.0,Optimal,3567.354144099998,3742376.15534414
5719,,109.04,30.0,0.0,61.51436,0.0,30.0,30.0,0.0,0.0,0.0,0.0,0.0,0.0,Optimal,3567.354144099998,3742376.15534414
5720,,90.0,13.394241,0.0,74.372831,0.0,13.394241,13.394241,0.0,0.0,0.0,0.0,0.0,0.0,Optimal,3567.354144099998,3742376.15534414
5721,,72.5,0.0,0.0,74.372831,0.0,0.0,0.0,0.0,0.0,0.0,0.0,0.0,0.0,Optimal,3567.354144099998,3742376.15534414
5722,,32.0,0.0,0.0,74.372831,0.0,0.0,0.0,0.0,0.0,0.0,0.0,0.0,0.0,Optimal,3567.354144099998,3742376.15534414
5723,,13.38,0.0,7.6401325,66.41436,7.6401325,0.0,-7.6401325,0.0,0.0,0.0,0.0,0.0,0.0,Optimal,3567.354144099998,3742376.15534414
5724,,5.0,0.0,30.0,35.16436,30.0,0.0,-30.0,0.0,0.0,0.0,0.0,0.0,0.0,Optimal,3567.354144099998,3742376.15534414
5725,,5.0,0.0,30.0,3.9143595,30.0,0.0,-30.0,0.0,0.0,0.0,0.0,0.0,0.0,Optimal,3567.354144099998,3742376.15534414
5726,,16.34,0.0,0.0,3.9143595,0.0,0.0,0.0,0.0,0.0,0.0,0.0,0.0,0.0,Optimal,3567.354144099998,3742376.15534414
5727,,24.39,0.0,0.0,3.9143595,0.0,0.0,0.0,0.0,0.0,0.0,0.0,0.0,0.0,Optimal,3567.354144099998,3742376.15534414
5728,,38.24,0.0,0.0,3.9143595,0.0,0.0,0.0,0.0,0.0,0.0,0.0,0.0,0.0,Optimal,3567.354144099998,3742376.15534414
5729,,98.85,0.0,0.0,3.9143595,0.0,0.0,0.0,0.0,0.0,0.0,0.0,0.0,0.0,Optimal,3567.354144099998,3742376.15534414
5730,,114.09,0.0,0.0,3.9143595,0.0,0.0,0.0,0.0,0.0,0.0,0.0,0.0,0.0,Optimal,3567.354144099998,3742376.15534414
5731,,186.0,30.0,0.0,32.71436,0.0,30.0,30.0,0.0,0.0,0.0,0.0,0.0,0.0,Optimal,3567.354144099998,3742376.15534414
5732,,224.28,30.0,0.0,61.51436,0.0,30.0,30.0,0.0,0.0,0.0,0.0,0.0,0.0,Optimal,3567.354144099998,3742376.15534414
5733,,142.35,13.394241,0.0,74.372831,0.0,13.394241,13.394241,0.0,0.0,0.0,0.0,0.0,0.0,Optimal,3567.354144099998,3742376.15534414
5734,,111.0,0.0,27.648,45.572831,27.648,0.0,-27.648,0.0,0.0,0.0,0.0,0.0,0.0,Optimal,3567.354144099998,3742376.15534414
5735,,106.6,30.0,0.0,74.372831,0.0,30.0,30.0,0.0,0.0,0.0,0.0,0.0,0.0,Optimal,3567.354144099998,3742376.15534414
5736,,98.58,0.0,0.0,74.372831,0.0,0.0,0.0,0.0,0.0,0.0,0.0,0.0,0.0,Optimal,3567.354144099998,3742376.15534414
5737,,89.69,0.0,30.0,43.122831,30.0,0.0,-30.0,0.0,0.0,0.0,0.0,0.0,0.0,Optimal,3567.354144099998,3742376.15534414
5738,,85.3,24.262009,0.0,66.41436,0.0,24.262009,24.262009,0.0,0.0,0.0,0.0,0.0,0.0,Optimal,3567.354144099998,3742376.15534414
5739,,85.3,0.0,30.0,35.16436,30.0,0.0,-30.0,0.0,0.0,0.0,0.0,0.0,0.0,Optimal,3567.354144099998,3742376.15534414
5740,,86.0,0.0,30.0,3.9143595,30.0,0.0,-30.0,0.0,0.0,0.0,0.0,0.0,0.0,Optimal,3567.354144099998,3742376.15534414
5741,,96.2,0.0,0.0,3.9143595,0.0,0.0,0.0,0.0,0.0,0.0,0.0,0.0,0.0,Optimal,3567.354144099998,3742376.15534414
5742,,120.36,30.0,0.0,32.71436,0.0,30.0,30.0,0.0,0.0,0.0,0.0,0.0,0.0,Optimal,3567.354144099998,3742376.15534414
5743,,133.26,30.0,0.0,61.51436,0.0,30.0,30.0,0.0,0.0,0.0,0.0,0.0,0.0,Optimal,3567.354144099998,3742376.15534414
5744,,110.31,13.394241,0.0,74.372831,0.0,13.394241,13.394241,0.0,0.0,0.0,0.0,0.0,0.0,Optimal,3567.354144099998,3742376.15534414
5745,,83.98,0.0,0.0,74.372831,0.0,0.0,0.0,0.0,0.0,0.0,0.0,0.0,0.0,Optimal,3567.354144099998,3742376.15534414
5746,,72.32,0.0,0.0,74.372831,0.0,0.0,0.0,0.0,0.0,0.0,0.0,0.0,0.0,Optimal,3567.354144099998,3742376.15534414
5747,,28.37,0.0,0.0,74.372831,0.0,0.0,0.0,0.0,0.0,0.0,0.0,0.0,0.0,Optimal,3567.354144099998,3742376.15534414
5748,,4.01,0.0,7.6401325,66.41436,7.6401325,0.0,-7.6401325,0.0,0.0,0.0,0.0,0.0,0.0,Optimal,3567.354144099998,3742376.15534414
5749,,0.19,0.0,30.0,35.16436,30.0,0.0,-30.0,0.0,0.0,0.0,0.0,0.0,0.0,Optimal,3567.354144099998,3742376.15534414
5750,,1.13,0.0,30.0,3.9143595,30.0,0.0,-30.0,0.0,0.0,0.0,0.0,0.0,0.0,Optimal,3567.354144099998,3742376.15534414
5751,,23.12,0.0,0.0,3.9143595,0.0,0.0,0.0,0.0,0.0,0.0,0.0,0.0,0.0,Optimal,3567.354144099998,3742376.15534414
5752,,45.4,0.0,0.0,3.9143595,0.0,0.0,0.0,0.0,0.0,0.0,0.0,0.0,0.0,Optimal,3567.354144099998,3742376.15534414
5753,,88.93,0.0,0.0,3.9143595,0.0,0.0,0.0,0.0,0.0,0.0,0.0,0.0,0.0,Optimal,3567.354144099998,3742376.15534414
5754,,116.06,0.0,0.0,3.9143595,0.0,0.0,0.0,0.0,0.0,0.0,0.0,0.0,0.0,Optimal,3567.354144099998,3742376.15534414
5755,,225.0,30.0,0.0,32.71436,0.0,30.0,30.0,0.0,0.0,0.0,0.0,0.0,0.0,Optimal,3567.354144099998,3742376.15534414
5756,,211.77,30.0,0.0,61.51436,0.0,30.0,30.0,0.0,0.0,0.0,0.0,0.0,0.0,Optimal,3567.354144099998,3742376.15534414
5757,,120.95,13.394241,0.0,74.372831,0.0,13.394241,13.394241,0.0,0.0,0.0,0.0,0.0,0.0,Optimal,3567.354144099998,3742376.15534414
5758,,105.43,0.0,0.0,74.372831,0.0,0.0,0.0,0.0,0.0,0.0,0.0,0.0,0.0,Optimal,3567.354144099998,3742376.15534414
5759,,92.67,0.0,2.9361325,71.31436,2.9361325,0.0,-2.9361325,0.0,0.0,0.0,0.0,0.0,0.0,Optimal,3567.354144099998,3742376.15534414
5760,,90.75,0.0,30.0,40.06436,30.0,0.0,-30.0,0.0,0.0,0.0,0.0,0.0,0.0,Optimal,3567.354144099998,3742376.15534414
5761,,91.5,30.0,0.0,68.86436,0.0,30.0,30.0,0.0,0.0,0.0,0.0,0.0,0.0,Optimal,3567.354144099998,3742376.15534414
5762,,87.7,0.0,30.0,37.61436,30.0,0.0,-30.0,0.0,0.0,0.0,0.0,0.0,0.0,Optimal,3567.354144099998,3742376.15534414
5763,,88.98,0.0,30.0,6.3643595,30.0,0.0,-30.0,0.0,0.0,0.0,0.0,0.0,0.0,Optimal,3567.354144099998,3742376.15534414
5764,,91.22,30.0,0.0,35.16436,0.0,30.0,30.0,0.0,0.0,0.0,0.0,0.0,0.0,Optimal,3567.354144099998,3742376.15534414
5765,,91.73,0.0,30.0,3.9143595,30.0,0.0,-30.0,0.0,0.0,0.0,0.0,0.0,0.0,Optimal,3567.354144099998,3742376.15534414
5766,,113.96,13.394241,0.0,16.772831,0.0,13.394241,13.394241,0.0,0.0,0.0,0.0,0.0,0.0,Optimal,3567.354144099998,3742376.15534414
5767,,128.4,30.0,0.0,45.572831,0.0,30.0,30.0,0.0,0.0,0.0,0.0,0.0,0.0,Optimal,3567.354144099998,3742376.15534414
5768,,121.0,30.0,0.0,74.372831,0.0,30.0,30.0,0.0,0.0,0.0,0.0,0.0,0.0,Optimal,3567.354144099998,3742376.15534414
5769,,105.4,0.0,0.0,74.372831,0.0,0.0,0.0,0.0,0.0,0.0,0.0,0.0,0.0,Optimal,3567.354144099998,3742376.15534414
5770,,87.65,0.0,0.0,74.372831,0.0,0.0,0.0,0.0,0.0,0.0,0.0,0.0,0.0,Optimal,3567.354144099998,3742376.15534414
5771,,68.97,0.0,0.0,74.372831,0.0,0.0,0.0,0.0,0.0,0.0,0.0,0.0,0.0,Optimal,3567.354144099998,3742376.15534414
5772,,34.95,0.0,7.6401325,66.41436,7.6401325,0.0,-7.6401325,0.0,0.0,0.0,0.0,0.0,0.0,Optimal,3567.354144099998,3742376.15534414
5773,,10.04,0.0,30.0,35.16436,30.0,0.0,-30.0,0.0,0.0,0.0,0.0,0.0,0.0,Optimal,3567.354144099998,3742376.15534414
5774,,4.87,0.0,30.0,3.9143595,30.0,0.0,-30.0,0.0,0.0,0.0,0.0,0.0,0.0,Optimal,3567.354144099998,3742376.15534414
5775,,54.88,0.0,0.0,3.9143595,0.0,0.0,0.0,0.0,0.0,0.0,0.0,0.0,0.0,Optimal,3567.354144099998,3742376.15534414
5776,,78.57,0.0,0.0,3.9143595,0.0,0.0,0.0,0.0,0.0,0.0,0.0,0.0,0.0,Optimal,3567.354144099998,3742376.15534414
5777,,91.77,0.0,0.0,3.9143595,0.0,0.0,0.0,0.0,0.0,0.0,0.0,0.0,0.0,Optimal,3567.354144099998,3742376.15534414
5778,,110.61,0.0,0.0,3.9143595,0.0,0.0,0.0,0.0,0.0,0.0,0.0,0.0,0.0,Optimal,3567.354144099998,3742376.15534414
5779,,196.29,30.0,0.0,32.71436,0.0,30.0,30.0,0.0,0.0,0.0,0.0,0.0,0.0,Optimal,3567.354144099998,3742376.15534414
5780,,198.89,30.0,0.0,61.51436,0.0,30.0,30.0,0.0,0.0,0.0,0.0,0.0,0.0,Optimal,3567.354144099998,3742376.15534414
5781,,125.29,13.394241,0.0,74.372831,0.0,13.394241,13.394241,0.0,0.0,0.0,0.0,0.0,0.0,Optimal,3567.354144099998,3742376.15534414
5782,,112.0,0.0,0.0,74.372831,0.0,0.0,0.0,0.0,0.0,0.0,0.0,0.0,0.0,Optimal,3567.354144099998,3742376.15534414
5783,,100.01,0.0,0.0,74.372831,0.0,0.0,0.0,0.0,0.0,0.0,0.0,0.0,0.0,Optimal,3567.354144099998,3742376.15534414
5784,,93.91,0.0,27.648,45.572831,27.648,0.0,-27.648,0.0,0.0,0.0,0.0,0.0,0.0,Optimal,3567.354144099998,3742376.15534414
5785,,94.3,30.0,0.0,74.372831,0.0,30.0,30.0,0.0,0.0,0.0,0.0,0.0,0.0,Optimal,3567.354144099998,3742376.15534414
5786,,89.9,0.0,7.6401325,66.41436,7.6401325,0.0,-7.6401325,0.0,0.0,0.0,0.0,0.0,0.0,Optimal,3567.354144099998,3742376.15534414
5787,,88.9,0.0,30.0,35.16436,30.0,0.0,-30.0,0.0,0.0,0.0,0.0,0.0,0.0,Optimal,3567.354144099998,3742376.15534414
5788,,89.55,0.0,30.0,3.9143595,30.0,0.0,-30.0,0.0,0.0,0.0,0.0,0.0,0.0,Optimal,3567.354144099998,3742376.15534414
5789,,100.45,0.0,0.0,3.9143595,0.0,0.0,0.0,0.0,0.0,0.0,0.0,0.0,0.0,Optimal,3567.354144099998,3742376.15534414
5790,,113.91,13.394241,0.0,16.772831,0.0,13.394241,13.394241,0.0,0.0,0.0,0.0,0.0,0.0,Optimal,3567.354144099998,3742376.15534414
5791,,133.26,30.0,0.0,45.572831,0.0,30.0,30.0,0.0,0.0,0.0,0.0,0.0,0.0,Optimal,3567.354144099998,3742376.15534414
5792,,126.24,30.0,0.0,74.372831,0.0,30.0,30.0,0.0,0.0,0.0,0.0,0.0,0.0,Optimal,3567.354144099998,3742376.15534414
5793,,108.71,0.0,0.0,74.372831,0.0,0.0,0.0,0.0,0.0,0.0,0.0,0.0,0.0,Optimal,3567.354144099998,3742376.15534414
5794,,92.22,0.0,0.0,74.372831,0.0,0.0,0.0,0.0,0.0,0.0,0.0,0.0,0.0,Optimal,3567.354144099998,3742376.15534414
5795,,84.44,0.0,0.0,74.372831,0.0,0.0,0.0,0.0,0.0,0.0,0.0,0.0,0.0,Optimal,3567.354144099998,3742376.15534414
5796,,65.69,0.0,7.6401325,66.41436,7.6401325,0.0,-7.6401325,0.0,0.0,0.0,0.0,0.0,0.0,Optimal,3567.354144099998,3742376.15534414
5797,,44.9,0.0,30.0,35.16436,30.0,0.0,-30.0,0.0,0.0,0.0,0.0,0.0,0.0,Optimal,3567.354144099998,3742376.15534414
5798,,51.49,0.0,30.0,3.9143595,30.0,0.0,-30.0,0.0,0.0,0.0,0.0,0.0,0.0,Optimal,3567.354144099998,3742376.15534414
5799,,79.46,0.0,0.0,3.9143595,0.0,0.0,0.0,0.0,0.0,0.0,0.0,0.0,0.0,Optimal,3567.354144099998,3742376.15534414
5800,,89.65,0.0,0.0,3.9143595,0.0,0.0,0.0,0.0,0.0,0.0,0.0,0.0,0.0,Optimal,3567.354144099998,3742376.15534414
5801,,104.39,0.0,0.0,3.9143595,0.0,0.0,0.0,0.0,0.0,0.0,0.0,0.0,0.0,Optimal,3567.354144099998,3742376.15534414
5802,,114.69,0.0,0.0,3.9143595,0.0,0.0,0.0,0.0,0.0,0.0,0.0,0.0,0.0,Optimal,3567.354144099998,3742376.15534414
5803,,219.84,30.0,0.0,32.71436,0.0,30.0,30.0,0.0,0.0,0.0,0.0,0.0,0.0,Optimal,3567.354144099998,3742376.15534414
5804,,278.49,30.0,0.0,61.51436,0.0,30.0,30.0,0.0,0.0,0.0,0.0,0.0,0.0,Optimal,3567.354144099998,3742376.15534414
5805,,166.0,13.394241,0.0,74.372831,0.0,13.394241,13.394241,0.0,0.0,0.0,0.0,0.0,0.0,Optimal,3567.354144099998,3742376.15534414
5806,,124.93,0.0,0.0,74.372831,0.0,0.0,0.0,0.0,0.0,0.0,0.0,0.0,0.0,Optimal,3567.354144099998,3742376.15534414
5807,,109.78,0.0,27.648,45.572831,27.648,0.0,-27.648,0.0,0.0,0.0,0.0,0.0,0.0,Optimal,3567.354144099998,3742376.15534414
5808,,108.8,30.0,0.0,74.372831,0.0,30.0,30.0,0.0,0.0,0.0,0.0,0.0,0.0,Optimal,3567.354144099998,3742376.15534414
5809,,99.15,0.0,0.0,74.372831,0.0,0.0,0.0,0.0,0.0,0.0,0.0,0.0,0.0,Optimal,3567.354144099998,3742376.15534414
5810,,93.26,0.0,30.0,43.122831,30.0,0.0,-30.0,0.0,0.0,0.0,0.0,0.0,0.0,Optimal,3567.354144099998,3742376.15534414
5811,,91.41,0.0,30.0,11.872831,30.0,0.0,-30.0,0.0,0.0,0.0,0.0,0.0,0.0,Optimal,3567.354144099998,3742376.15534414
5812,,94.23,0.0,7.6401325,3.9143595,7.6401325,0.0,-7.6401325,0.0,0.0,0.0,0.0,0.0,0.0,Optimal,3567.354144099998,3742376.15534414
5813,,104.16,0.0,0.0,3.9143595,0.0,0.0,0.0,0.0,0.0,0.0,0.0,0.0,0.0,Optimal,3567.354144099998,3742376.15534414
5814,,132.11,13.394241,0.0,16.772831,0.0,13.394241,13.394241,0.0,0.0,0.0,0.0,0.0,0.0,Optimal,3567.354144099998,3742376.15534414
5815,,146.67,30.0,0.0,45.572831,0.0,30.0,30.0,0.0,0.0,0.0,0.0,0.0,0.0,Optimal,3567.354144099998,3742376.15534414
5816,,132.59,30.0,0.0,74.372831,0.0,30.0,30.0,0.0,0.0,0.0,0.0,0.0,0.0,Optimal,3567.354144099998,3742376.15534414
5817,,113.7,0.0,0.0,74.372831,0.0,0.0,0.0,0.0,0.0,0.0,0.0,0.0,0.0,Optimal,3567.354144099998,3742376.15534414
5818,,98.25,0.0,0.0,74.372831,0.0,0.0,0.0,0.0,0.0,0.0,0.0,0.0,0.0,Optimal,3567.354144099998,3742376.15534414
5819,,89.95,0.0,27.648,45.572831,27.648,0.0,-27.648,0.0,0.0,0.0,0.0,0.0,0.0,Optimal,3567.354144099998,3742376.15534414
5820,,86.19,30.0,0.0,74.372831,0.0,30.0,30.0,0.0,0.0,0.0,0.0,0.0,0.0,Optimal,3567.354144099998,3742376.15534414
5821,,80.23,0.0,30.0,43.122831,30.0,0.0,-30.0,0.0,0.0,0.0,0.0,0.0,0.0,Optimal,3567.354144099998,3742376.15534414
5822,,78.97,0.0,30.0,11.872831,30.0,0.0,-30.0,0.0,0.0,0.0,0.0,0.0,0.0,Optimal,3567.354144099998,3742376.15534414
5823,,81.87,24.262009,0.0,35.16436,0.0,24.262009,24.262009,0.0,0.0,0.0,0.0,0.0,0.0,Optimal,3567.354144099998,3742376.15534414
5824,,85.46,0.0,30.0,3.9143595,30.0,0.0,-30.0,0.0,0.0,0.0,0.0,0.0,0.0,Optimal,3567.354144099998,3742376.15534414
5825,,99.16,0.0,0.0,3.9143595,0.0,0.0,0.0,0.0,0.0,0.0,0.0,0.0,0.0,Optimal,3567.354144099998,3742376.15534414
5826,,122.2,13.394241,0.0,16.772831,0.0,13.394241,13.394241,0.0,0.0,0.0,0.0,0.0,0.0,Optimal,3567.354144099998,3742376.15534414
5827,,142.69,30.0,0.0,45.572831,0.0,30.0,30.0,0.0,0.0,0.0,0.0,0.0,0.0,Optimal,3567.354144099998,3742376.15534414
5828,,137.29,30.0,0.0,74.372831,0.0,30.0,30.0,0.0,0.0,0.0,0.0,0.0,0.0,Optimal,3567.354144099998,3742376.15534414
5829,,112.71,0.0,0.0,74.372831,0.0,0.0,0.0,0.0,0.0,0.0,0.0,0.0,0.0,Optimal,3567.354144099998,3742376.15534414
5830,,96.83,0.0,30.0,43.122831,30.0,0.0,-30.0,0.0,0.0,0.0,0.0,0.0,0.0,Optimal,3567.354144099998,3742376.15534414
5831,,95.36,0.0,30.0,11.872831,30.0,0.0,-30.0,0.0,0.0,0.0,0.0,0.0,0.0,Optimal,3567.354144099998,3742376.15534414
5832,,106.58,30.0,0.0,40.672831,0.0,30.0,30.0,0.0,0.0,0.0,0.0,0.0,0.0,Optimal,3567.354144099998,3742376.15534414
5833,,98.18,30.0,0.0,69.472831,0.0,30.0,30.0,0.0,0.0,0.0,0.0,0.0,0.0,Optimal,3567.354144099998,3742376.15534414
5834,,96.9,0.0,30.0,38.222831,30.0,0.0,-30.0,0.0,0.0,0.0,0.0,0.0,0.0,Optimal,3567.354144099998,3742376.15534414
5835,,95.59,29.366176,0.0,66.41436,0.0,29.366176,29.366176,0.0,0.0,0.0,0.0,0.0,0.0,Optimal,3567.354144099998,3742376.15534414
5836,,91.4,0.0,30.0,35.16436,30.0,0.0,-30.0,0.0,0.0,0.0,0.0,0.0,0.0,Optimal,3567.354144099998,3742376.15534414
5837,,94.1,0.0,30.0,3.9143595,30.0,0.0,-30.0,0.0,0.0,0.0,0.0,0.0,0.0,Optimal,3567.354144099998,3742376.15534414
5838,,96.6,13.394241,0.0,16.772831,0.0,13.394241,13.394241,0.0,0.0,0.0,0.0,0.0,0.0,Optimal,3567.354144099998,3742376.15534414
5839,,101.8,30.0,0.0,45.572831,0.0,30.0,30.0,0.0,0.0,0.0,0.0,0.0,0.0,Optimal,3567.354144099998,3742376.15534414
5840,,100.6,30.0,0.0,74.372831,0.0,30.0,30.0,0.0,0.0,0.0,0.0,0.0,0.0,Optimal,3567.354144099998,3742376.15534414
5841,,84.92,0.0,0.0,74.372831,0.0,0.0,0.0,0.0,0.0,0.0,0.0,0.0,0.0,Optimal,3567.354144099998,3742376.15534414
5842,,60.13,0.0,0.0,74.372831,0.0,0.0,0.0,0.0,0.0,0.0,0.0,0.0,0.0,Optimal,3567.354144099998,3742376.15534414
5843,,18.34,0.0,0.0,74.372831,0.0,0.0,0.0,0.0,0.0,0.0,0.0,0.0,0.0,Optimal,3567.354144099998,3742376.15534414
5844,,-5.54,0.0,0.0,74.372831,0.0,0.0,0.0,0.0,0.0,0.0,0.0,0.0,0.0,Optimal,3567.354144099998,3742376.15534414
5845,,-8.98,0.0,7.6401325,66.41436,7.6401325,0.0,-7.6401325,0.0,0.0,0.0,0.0,0.0,0.0,Optimal,3567.354144099998,3742376.15534414
5846,,-11.57,0.0,30.0,35.16436,30.0,0.0,-30.0,0.0,0.0,0.0,0.0,0.0,0.0,Optimal,3567.354144099998,3742376.15534414
5847,,-20.0,0.0,30.0,3.9143595,30.0,0.0,-30.0,0.0,0.0,0.0,0.0,0.0,0.0,Optimal,3567.354144099998,3742376.15534414
5848,,12.8,0.0,0.0,3.9143595,0.0,0.0,0.0,0.0,0.0,0.0,0.0,0.0,0.0,Optimal,3567.354144099998,3742376.15534414
5849,,75.0,0.0,0.0,3.9143595,0.0,0.0,0.0,0.0,0.0,0.0,0.0,0.0,0.0,Optimal,3567.354144099998,3742376.15534414
5850,,112.41,13.394241,0.0,16.772831,0.0,13.394241,13.394241,0.0,0.0,0.0,0.0,0.0,0.0,Optimal,3567.354144099998,3742376.15534414
5851,,136.53,30.0,0.0,45.572831,0.0,30.0,30.0,0.0,0.0,0.0,0.0,0.0,0.0,Optimal,3567.354144099998,3742376.15534414
5852,,124.75,30.0,0.0,74.372831,0.0,30.0,30.0,0.0,0.0,0.0,0.0,0.0,0.0,Optimal,3567.354144099998,3742376.15534414
5853,,106.76,0.0,27.648,45.572831,27.648,0.0,-27.648,0.0,0.0,0.0,0.0,0.0,0.0,Optimal,3567.354144099998,3742376.15534414
5854,,99.31,30.0,0.0,74.372831,0.0,30.0,30.0,0.0,0.0,0.0,0.0,0.0,0.0,Optimal,3567.354144099998,3742376.15534414
5855,,88.88,0.0,30.0,43.122831,30.0,0.0,-30.0,0.0,0.0,0.0,0.0,0.0,0.0,Optimal,3567.354144099998,3742376.15534414
5856,,93.89,30.0,0.0,71.922831,0.0,30.0,30.0,0.0,0.0,0.0,0.0,0.0,0.0,Optimal,3567.354144099998,3742376.15534414
5857,,85.99,2.5520833,0.0,74.372831,0.0,2.5520833,2.5520833,0.0,0.0,0.0,0.0,0.0,0.0,Optimal,3567.354144099998,3742376.15534414
5858,,80.37,0.0,25.296,48.022831,25.296,0.0,-25.296,0.0,0.0,0.0,0.0,0.0,0.0,Optimal,3567.354144099998,3742376.15534414
5859,,79.57,0.0,30.0,16.772831,30.0,0.0,-30.0,0.0,0.0,0.0,0.0,0.0,0.0,Optimal,3567.354144099998,3742376.15534414
5860,,79.87,30.0,0.0,45.572831,0.0,30.0,30.0,0.0,0.0,0.0,0.0,0.0,0.0,Optimal,3567.354144099998,3742376.15534414
5861,,76.57,30.0,0.0,74.372831,0.0,30.0,30.0,0.0,0.0,0.0,0.0,0.0,0.0,Optimal,3567.354144099998,3742376.15534414
5862,,73.8,0.0,27.648,45.572831,27.648,0.0,-27.648,0.0,0.0,0.0,0.0,0.0,0.0,Optimal,3567.354144099998,3742376.15534414
5863,,72.09,30.0,0.0,74.372831,0.0,30.0,30.0,0.0,0.0,0.0,0.0,0.0,0.0,Optimal,3567.354144099998,3742376.15534414
5864,,60.63,0.0,0.0,74.372831,0.0,0.0,0.0,0.0,0.0,0.0,0.0,0.0,0.0,Optimal,3567.354144099998,3742376.15534414
5865,,41.27,0.0,0.0,74.372831,0.0,0.0,0.0,0.0,0.0,0.0,0.0,0.0,0.0,Optimal,3567.354144099998,3742376.15534414
5866,,12.73,0.0,0.0,74.372831,0.0,0.0,0.0,0.0,0.0,0.0,0.0,0.0,0.0,Optimal,3567.354144099998,3742376.15534414
5867,,-4.83,0.0,0.0,74.372831,0.0,0.0,0.0,0.0,0.0,0.0,0.0,0.0,0.0,Optimal,3567.354144099998,3742376.15534414
5868,,-19.94,0.0,7.6401325,66.41436,7.6401325,0.0,-7.6401325,0.0,0.0,0.0,0.0,0.0,0.0,Optimal,3567.354144099998,3742376.15534414
5869,,-40.92,0.0,30.0,35.16436,30.0,0.0,-30.0,0.0,0.0,0.0,0.0,0.0,0.0,Optimal,3567.354144099998,3742376.15534414
5870,,-33.37,0.0,30.0,3.9143595,30.0,0.0,-30.0,0.0,0.0,0.0,0.0,0.0,0.0,Optimal,3567.354144099998,3742376.15534414
5871,,-13.32,0.0,0.0,3.9143595,0.0,0.0,0.0,0.0,0.0,0.0,0.0,0.0,0.0,Optimal,3567.354144099998,3742376.15534414
5872,,23.99,0.0,0.0,3.9143595,0.0,0.0,0.0,0.0,0.0,0.0,0.0,0.0,0.0,Optimal,3567.354144099998,3742376.15534414
5873,,77.19,0.0,0.0,3.9143595,0.0,0.0,0.0,0.0,0.0,0.0,0.0,0.0,0.0,Optimal,3567.354144099998,3742376.15534414
5874,,110.53,13.394241,0.0,16.772831,0.0,13.394241,13.394241,0.0,0.0,0.0,0.0,0.0,0.0,Optimal,3567.354144099998,3742376.15534414
5875,,131.27,30.0,0.0,45.572831,0.0,30.0,30.0,0.0,0.0,0.0,0.0,0.0,0.0,Optimal,3567.354144099998,3742376.15534414
5876,,123.79,30.0,0.0,74.372831,0.0,30.0,30.0,0.0,0.0,0.0,0.0,0.0,0.0,Optimal,3567.354144099998,3742376.15534414
5877,,107.71,0.0,27.648,45.572831,27.648,0.0,-27.648,0.0,0.0,0.0,0.0,0.0,0.0,Optimal,3567.354144099998,3742376.15534414
5878,,102.01,30.0,0.0,74.372831,0.0,30.0,30.0,0.0,0.0,0.0,0.0,0.0,0.0,Optimal,3567.354144099998,3742376.15534414
5879,,91.51,0.0,30.0,43.122831,30.0,0.0,-30.0,0.0,0.0,0.0,0.0,0.0,0.0,Optimal,3567.354144099998,3742376.15534414
5880,,91.24,0.0,30.0,11.872831,30.0,0.0,-30.0,0.0,0.0,0.0,0.0,0.0,0.0,Optimal,3567.354144099998,3742376.15534414
5881,,94.77,30.0,0.0,40.672831,0.0,30.0,30.0,0.0,0.0,0.0,0.0,0.0,0.0,Optimal,3567.354144099998,3742376.15534414
5882,,92.39,0.0,30.0,9.4228309,30.0,0.0,-30.0,0.0,0.0,0.0,0.0,0.0,0.0,Optimal,3567.354144099998,3742376.15534414
5883,,92.51,26.814092,0.0,35.16436,0.0,26.814092,26.814092,0.0,0.0,0.0,0.0,0.0,0.0,Optimal,3567.354144099998,3742376.15534414
5884,,92.22,0.0,30.0,3.9143595,30.0,0.0,-30.0,0.0,0.0,0.0,0.0,0.0,0.0,Optimal,3567.354144099998,3742376.15534414
5885,,100.89,0.0,0.0,3.9143595,0.0,0.0,0.0,0.0,0.0,0.0,0.0,0.0,0.0,Optimal,3567.354144099998,3742376.15534414
5886,,113.2,0.0,0.0,3.9143595,0.0,0.0,0.0,0.0,0.0,0.0,0.0,0.0,0.0,Optimal,3567.354144099998,3742376.15534414
5887,,134.85,30.0,0.0,32.71436,0.0,30.0,30.0,0.0,0.0,0.0,0.0,0.0,0.0,Optimal,3567.354144099998,3742376.15534414
5888,,131.94,30.0,0.0,61.51436,0.0,30.0,30.0,0.0,0.0,0.0,0.0,0.0,0.0,Optimal,3567.354144099998,3742376.15534414
5889,,122.64,13.394241,0.0,74.372831,0.0,13.394241,13.394241,0.0,0.0,0.0,0.0,0.0,0.0,Optimal,3567.354144099998,3742376.15534414
5890,,102.83,0.0,0.0,74.372831,0.0,0.0,0.0,0.0,0.0,0.0,0.0,0.0,0.0,Optimal,3567.354144099998,3742376.15534414
5891,,90.82,0.0,0.0,74.372831,0.0,0.0,0.0,0.0,0.0,0.0,0.0,0.0,0.0,Optimal,3567.354144099998,3742376.15534414
5892,,85.02,0.0,7.6401325,66.41436,7.6401325,0.0,-7.6401325,0.0,0.0,0.0,0.0,0.0,0.0,Optimal,3567.354144099998,3742376.15534414
5893,,81.02,0.0,30.0,35.16436,30.0,0.0,-30.0,0.0,0.0,0.0,0.0,0.0,0.0,Optimal,3567.354144099998,3742376.15534414
5894,,83.46,0.0,30.0,3.9143595,30.0,0.0,-30.0,0.0,0.0,0.0,0.0,0.0,0.0,Optimal,3567.354144099998,3742376.15534414
5895,,88.17,30.0,0.0,32.71436,0.0,30.0,30.0,0.0,0.0,0.0,0.0,0.0,0.0,Optimal,3567.354144099998,3742376.15534414
5896,,94.16,0.0,27.648,3.9143595,27.648,0.0,-27.648,0.0,0.0,0.0,0.0,0.0,0.0,Optimal,3567.354144099998,3742376.15534414
5897,,112.88,0.0,0.0,3.9143595,0.0,0.0,0.0,0.0,0.0,0.0,0.0,0.0,0.0,Optimal,3567.354144099998,3742376.15534414
5898,,143.19,13.394241,0.0,16.772831,0.0,13.394241,13.394241,0.0,0.0,0.0,0.0,0.0,0.0,Optimal,3567.354144099998,3742376.15534414
5899,,255.53,30.0,0.0,45.572831,0.0,30.0,30.0,0.0,0.0,0.0,0.0,0.0,0.0,Optimal,3567.354144099998,3742376.15534414
5900,,210.49,30.0,0.0,74.372831,0.0,30.0,30.0,0.0,0.0,0.0,0.0,0.0,0.0,Optimal,3567.354144099998,3742376.15534414
5901,,133.33,0.0,0.0,74.372831,0.0,0.0,0.0,0.0,0.0,0.0,0.0,0.0,0.0,Optimal,3567.354144099998,3742376.15534414
5902,,114.71,0.0,0.0,74.372831,0.0,0.0,0.0,0.0,0.0,0.0,0.0,0.0,0.0,Optimal,3567.354144099998,3742376.15534414
5903,,104.0,0.0,27.648,45.572831,27.648,0.0,-27.648,0.0,0.0,0.0,0.0,0.0,0.0,Optimal,3567.354144099998,3742376.15534414
5904,,99.58,30.0,0.0,74.372831,0.0,30.0,30.0,0.0,0.0,0.0,0.0,0.0,0.0,Optimal,3567.354144099998,3742376.15534414
5905,,93.0,0.0,30.0,43.122831,30.0,0.0,-30.0,0.0,0.0,0.0,0.0,0.0,0.0,Optimal,3567.354144099998,3742376.15534414
5906,,91.5,0.0,30.0,11.872831,30.0,0.0,-30.0,0.0,0.0,0.0,0.0,0.0,0.0,Optimal,3567.354144099998,3742376.15534414
5907,,92.97,24.262009,0.0,35.16436,0.0,24.262009,24.262009,0.0,0.0,0.0,0.0,0.0,0.0,Optimal,3567.354144099998,3742376.15534414
5908,,96.0,0.0,30.0,3.9143595,30.0,0.0,-30.0,0.0,0.0,0.0,0.0,0.0,0.0,Optimal,3567.354144099998,3742376.15534414
5909,,102.46,0.0,0.0,3.9143595,0.0,0.0,0.0,0.0,0.0,0.0,0.0,0.0,0.0,Optimal,3567.354144099998,3742376.15534414
5910,,123.9,13.394241,0.0,16.772831,0.0,13.394241,13.394241,0.0,0.0,0.0,0.0,0.0,0.0,Optimal,3567.354144099998,3742376.15534414
5911,,148.43,30.0,0.0,45.572831,0.0,30.0,30.0,0.0,0.0,0.0,0.0,0.0,0.0,Optimal,3567.354144099998,3742376.15534414
5912,,133.95,30.0,0.0,74.372831,0.0,30.0,30.0,0.0,0.0,0.0,0.0,0.0,0.0,Optimal,3567.354144099998,3742376.15534414
5913,,115.98,0.0,0.0,74.372831,0.0,0.0,0.0,0.0,0.0,0.0,0.0,0.0,0.0,Optimal,3567.354144099998,3742376.15534414
5914,,98.88,0.0,0.0,74.372831,0.0,0.0,0.0,0.0,0.0,0.0,0.0,0.0,0.0,Optimal,3567.354144099998,3742376.15534414
5915,,90.02,0.0,5.2881325,68.86436,5.2881325,0.0,-5.2881325,0.0,0.0,0.0,0.0,0.0,0.0,Optimal,3567.354144099998,3742376.15534414
5916,,84.8,0.0,30.0,37.61436,30.0,0.0,-30.0,0.0,0.0,0.0,0.0,0.0,0.0,Optimal,3567.354144099998,3742376.15534414
5917,,82.69,0.0,30.0,6.3643595,30.0,0.0,-30.0,0.0,0.0,0.0,0.0,0.0,0.0,Optimal,3567.354144099998,3742376.15534414
5918,,84.12,30.0,0.0,35.16436,0.0,30.0,30.0,0.0,0.0,0.0,0.0,0.0,0.0,Optimal,3567.354144099998,3742376.15534414
5919,,86.67,0.0,30.0,3.9143595,30.0,0.0,-30.0,0.0,0.0,0.0,0.0,0.0,0.0,Optimal,3567.354144099998,3742376.15534414
5920,,91.49,0.0,0.0,3.9143595,0.0,0.0,0.0,0.0,0.0,0.0,0.0,0.0,0.0,Optimal,3567.354144099998,3742376.15534414
5921,,114.6,0.0,0.0,3.9143595,0.0,0.0,0.0,0.0,0.0,0.0,0.0,0.0,0.0,Optimal,3567.354144099998,3742376.15534414
5922,,179.9,0.0,0.0,3.9143595,0.0,0.0,0.0,0.0,0.0,0.0,0.0,0.0,0.0,Optimal,3567.354144099998,3742376.15534414
5923,,334.59,30.0,0.0,32.71436,0.0,30.0,30.0,0.0,0.0,0.0,0.0,0.0,0.0,Optimal,3567.354144099998,3742376.15534414
5924,,340.0,30.0,0.0,61.51436,0.0,30.0,30.0,0.0,0.0,0.0,0.0,0.0,0.0,Optimal,3567.354144099998,3742376.15534414
5925,,206.8,13.394241,0.0,74.372831,0.0,13.394241,13.394241,0.0,0.0,0.0,0.0,0.0,0.0,Optimal,3567.354144099998,3742376.15534414
5926,,132.47,0.0,0.0,74.372831,0.0,0.0,0.0,0.0,0.0,0.0,0.0,0.0,0.0,Optimal,3567.354144099998,3742376.15534414
5927,,117.32,0.0,27.648,45.572831,27.648,0.0,-27.648,0.0,0.0,0.0,0.0,0.0,0.0,Optimal,3567.354144099998,3742376.15534414
5928,,108.2,30.0,0.0,74.372831,0.0,30.0,30.0,0.0,0.0,0.0,0.0,0.0,0.0,Optimal,3567.354144099998,3742376.15534414
5929,,100.39,0.0,30.0,43.122831,30.0,0.0,-30.0,0.0,0.0,0.0,0.0,0.0,0.0,Optimal,3567.354144099998,3742376.15534414
5930,,98.1,24.262009,0.0,66.41436,0.0,24.262009,24.262009,0.0,0.0,0.0,0.0,0.0,0.0,Optimal,3567.354144099998,3742376.15534414
5931,,98.13,0.0,30.0,35.16436,30.0,0.0,-30.0,0.0,0.0,0.0,0.0,0.0,0.0,Optimal,3567.354144099998,3742376.15534414
5932,,96.6,0.0,30.0,3.9143595,30.0,0.0,-30.0,0.0,0.0,0.0,0.0,0.0,0.0,Optimal,3567.354144099998,3742376.15534414
5933,,106.66,0.0,0.0,3.9143595,0.0,0.0,0.0,0.0,0.0,0.0,0.0,0.0,0.0,Optimal,3567.354144099998,3742376.15534414
5934,,139.4,13.394241,0.0,16.772831,0.0,13.394241,13.394241,0.0,0.0,0.0,0.0,0.0,0.0,Optimal,3567.354144099998,3742376.15534414
5935,,174.33,30.0,0.0,45.572831,0.0,30.0,30.0,0.0,0.0,0.0,0.0,0.0,0.0,Optimal,3567.354144099998,3742376.15534414
5936,,152.58,30.0,0.0,74.372831,0.0,30.0,30.0,0.0,0.0,0.0,0.0,0.0,0.0,Optimal,3567.354144099998,3742376.15534414
5937,,124.84,0.0,0.0,74.372831,0.0,0.0,0.0,0.0,0.0,0.0,0.0,0.0,0.0,Optimal,3567.354144099998,3742376.15534414
5938,,107.21,0.0,0.0,74.372831,0.0,0.0,0.0,0.0,0.0,0.0,0.0,0.0,0.0,Optimal,3567.354144099998,3742376.15534414
5939,,95.77,0.0,27.648,45.572831,27.648,0.0,-27.648,0.0,0.0,0.0,0.0,0.0,0.0,Optimal,3567.354144099998,3742376.15534414
5940,,91.89,30.0,0.0,74.372831,0.0,30.0,30.0,0.0,0.0,0.0,0.0,0.0,0.0,Optimal,3567.354144099998,3742376.15534414
5941,,90.37,0.0,30.0,43.122831,30.0,0.0,-30.0,0.0,0.0,0.0,0.0,0.0,0.0,Optimal,3567.354144099998,3742376.15534414
5942,,89.25,0.0,30.0,11.872831,30.0,0.0,-30.0,0.0,0.0,0.0,0.0,0.0,0.0,Optimal,3567.354144099998,3742376.15534414
5943,,92.64,0.0,7.6401325,3.9143595,7.6401325,0.0,-7.6401325,0.0,0.0,0.0,0.0,0.0,0.0,Optimal,3567.354144099998,3742376.15534414
5944,,100.45,0.0,0.0,3.9143595,0.0,0.0,0.0,0.0,0.0,0.0,0.0,0.0,0.0,Optimal,3567.354144099998,3742376.15534414
5945,,121.62,0.0,0.0,3.9143595,0.0,0.0,0.0,0.0,0.0,0.0,0.0,0.0,0.0,Optimal,3567.354144099998,3742376.15534414
5946,,153.43,13.394241,0.0,16.772831,0.0,13.394241,13.394241,0.0,0.0,0.0,0.0,0.0,0.0,Optimal,3567.354144099998,3742376.15534414
5947,,303.0,30.0,0.0,45.572831,0.0,30.0,30.0,0.0,0.0,0.0,0.0,0.0,0.0,Optimal,3567.354144099998,3742376.15534414
5948,,181.95,30.0,0.0,74.372831,0.0,30.0,30.0,0.0,0.0,0.0,0.0,0.0,0.0,Optimal,3567.354144099998,3742376.15534414
5949,,129.88,0.0,0.0,74.372831,0.0,0.0,0.0,0.0,0.0,0.0,0.0,0.0,0.0,Optimal,3567.354144099998,3742376.15534414
5950,,108.97,0.0,0.0,74.372831,0.0,0.0,0.0,0.0,0.0,0.0,0.0,0.0,0.0,Optimal,3567.354144099998,3742376.15534414
5951,,99.89,0.0,30.0,43.122831,30.0,0.0,-30.0,0.0,0.0,0.0,0.0,0.0,0.0,Optimal,3567.354144099998,3742376.15534414
5952,,101.27,30.0,0.0,71.922831,0.0,30.0,30.0,0.0,0.0,0.0,0.0,0.0,0.0,Optimal,3567.354144099998,3742376.15534414
5953,,94.6,2.5520833,0.0,74.372831,0.0,2.5520833,2.5520833,0.0,0.0,0.0,0.0,0.0,0.0,Optimal,3567.354144099998,3742376.15534414
5954,,90.0,0.0,30.0,43.122831,30.0,0.0,-30.0,0.0,0.0,0.0,0.0,0.0,0.0,Optimal,3567.354144099998,3742376.15534414
5955,,87.11,24.262009,0.0,66.41436,0.0,24.262009,24.262009,0.0,0.0,0.0,0.0,0.0,0.0,Optimal,3567.354144099998,3742376.15534414
5956,,80.57,0.0,30.0,35.16436,30.0,0.0,-30.0,0.0,0.0,0.0,0.0,0.0,0.0,Optimal,3567.354144099998,3742376.15534414
5957,,84.3,0.0,30.0,3.9143595,30.0,0.0,-30.0,0.0,0.0,0.0,0.0,0.0,0.0,Optimal,3567.354144099998,3742376.15534414
5958,,106.76,13.394241,0.0,16.772831,0.0,13.394241,13.394241,0.0,0.0,0.0,0.0,0.0,0.0,Optimal,3567.354144099998,3742376.15534414
5959,,113.6,30.0,0.0,45.572831,0.0,30.0,30.0,0.0,0.0,0.0,0.0,0.0,0.0,Optimal,3567.354144099998,3742376.15534414
5960,,119.04,30.0,0.0,74.372831,0.0,30.0,30.0,0.0,0.0,0.0,0.0,0.0,0.0,Optimal,3567.354144099998,3742376.15534414
5961,,97.68,0.0,27.648,45.572831,27.648,0.0,-27.648,0.0,0.0,0.0,0.0,0.0,0.0,Optimal,3567.354144099998,3742376.15534414
5962,,97.0,30.0,0.0,74.372831,0.0,30.0,30.0,0.0,0.0,0.0,0.0,0.0,0.0,Optimal,3567.354144099998,3742376.15534414
5963,,55.1,0.0,0.0,74.372831,0.0,0.0,0.0,0.0,0.0,0.0,0.0,0.0,0.0,Optimal,3567.354144099998,3742376.15534414
5964,,3.69,0.0,0.0,74.372831,0.0,0.0,0.0,0.0,0.0,0.0,0.0,0.0,0.0,Optimal,3567.354144099998,3742376.15534414
5965,,-13.39,0.0,30.0,43.122831,30.0,0.0,-30.0,0.0,0.0,0.0,0.0,0.0,0.0,Optimal,3567.354144099998,3742376.15534414
5966,,-21.0,0.0,30.0,11.872831,30.0,0.0,-30.0,0.0,0.0,0.0,0.0,0.0,0.0,Optimal,3567.354144099998,3742376.15534414
5967,,-10.1,0.0,7.6401325,3.9143595,7.6401325,0.0,-7.6401325,0.0,0.0,0.0,0.0,0.0,0.0,Optimal,3567.354144099998,3742376.15534414
5968,,-10.0,0.0,0.0,3.9143595,0.0,0.0,0.0,0.0,0.0,0.0,0.0,0.0,0.0,Optimal,3567.354144099998,3742376.15534414
5969,,66.7,0.0,0.0,3.9143595,0.0,0.0,0.0,0.0,0.0,0.0,0.0,0.0,0.0,Optimal,3567.354144099998,3742376.15534414
5970,,84.13,0.0,0.0,3.9143595,0.0,0.0,0.0,0.0,0.0,0.0,0.0,0.0,0.0,Optimal,3567.354144099998,3742376.15534414
5971,,107.52,13.394241,0.0,16.772831,0.0,13.394241,13.394241,0.0,0.0,0.0,0.0,0.0,0.0,Optimal,3567.354144099998,3742376.15534414
5972,,120.0,30.0,0.0,45.572831,0.0,30.0,30.0,0.0,0.0,0.0,0.0,0.0,0.0,Optimal,3567.354144099998,3742376.15534414
5973,,109.65,30.0,0.0,74.372831,0.0,30.0,30.0,0.0,0.0,0.0,0.0,0.0,0.0,Optimal,3567.354144099998,3742376.15534414
5974,,87.7,0.0,27.648,45.572831,27.648,0.0,-27.648,0.0,0.0,0.0,0.0,0.0,0.0,Optimal,3567.354144099998,3742376.15534414
5975,,87.92,30.0,0.0,74.372831,0.0,30.0,30.0,0.0,0.0,0.0,0.0,0.0,0.0,Optimal,3567.354144099998,3742376.15534414
5976,,68.7,0.0,0.0,74.372831,0.0,0.0,0.0,0.0,0.0,0.0,0.0,0.0,0.0,Optimal,3567.354144099998,3742376.15534414
5977,,60.25,0.0,0.0,74.372831,0.0,0.0,0.0,0.0,0.0,0.0,0.0,0.0,0.0,Optimal,3567.354144099998,3742376.15534414
5978,,50.06,0.0,30.0,43.122831,30.0,0.0,-30.0,0.0,0.0,0.0,0.0,0.0,0.0,Optimal,3567.354144099998,3742376.15534414
5979,,48.83,0.0,30.0,11.872831,30.0,0.0,-30.0,0.0,0.0,0.0,0.0,0.0,0.0,Optimal,3567.354144099998,3742376.15534414
5980,,58.0,0.0,7.6401325,3.9143595,7.6401325,0.0,-7.6401325,0.0,0.0,0.0,0.0,0.0,0.0,Optimal,3567.354144099998,3742376.15534414
5981,,70.0,0.0,0.0,3.9143595,0.0,0.0,0.0,0.0,0.0,0.0,0.0,0.0,0.0,Optimal,3567.354144099998,3742376.15534414
5982,,93.29,0.0,0.0,3.9143595,0.0,0.0,0.0,0.0,0.0,0.0,0.0,0.0,0.0,Optimal,3567.354144099998,3742376.15534414
5983,,118.25,30.0,0.0,32.71436,0.0,30.0,30.0,0.0,0.0,0.0,0.0,0.0,0.0,Optimal,3567.354144099998,3742376.15534414
5984,,120.07,30.0,0.0,61.51436,0.0,30.0,30.0,0.0,0.0,0.0,0.0,0.0,0.0,Optimal,3567.354144099998,3742376.15534414
5985,,99.76,13.394241,0.0,74.372831,0.0,13.394241,13.394241,0.0,0.0,0.0,0.0,0.0,0.0,Optimal,3567.354144099998,3742376.15534414
5986,,77.75,0.0,0.0,74.372831,0.0,0.0,0.0,0.0,0.0,0.0,0.0,0.0,0.0,Optimal,3567.354144099998,3742376.15534414
5987,,29.9,0.0,7.6401325,66.41436,7.6401325,0.0,-7.6401325,0.0,0.0,0.0,0.0,0.0,0.0,Optimal,3567.354144099998,3742376.15534414
5988,,3.78,0.0,30.0,35.16436,30.0,0.0,-30.0,0.0,0.0,0.0,0.0,0.0,0.0,Optimal,3567.354144099998,3742376.15534414
5989,,12.48,0.0,30.0,3.9143595,30.0,0.0,-30.0,0.0,0.0,0.0,0.0,0.0,0.0,Optimal,3567.354144099998,3742376.15534414
5990,,32.8,0.0,0.0,3.9143595,0.0,0.0,0.0,0.0,0.0,0.0,0.0,0.0,0.0,Optimal,3567.354144099998,3742376.15534414
5991,,65.17,0.0,0.0,3.9143595,0.0,0.0,0.0,0.0,0.0,0.0,0.0,0.0,0.0,Optimal,3567.354144099998,3742376.15534414
5992,,76.07,0.0,0.0,3.9143595,0.0,0.0,0.0,0.0,0.0,0.0,0.0,0.0,0.0,Optimal,3567.354144099998,3742376.15534414
5993,,95.0,30.0,0.0,32.71436,0.0,30.0,30.0,0.0,0.0,0.0,0.0,0.0,0.0,Optimal,3567.354144099998,3742376.15534414
5994,,100.16,0.0,27.648,3.9143595,27.648,0.0,-27.648,0.0,0.0,0.0,0.0,0.0,0.0,Optimal,3567.354144099998,3742376.15534414
5995,,129.3,30.0,0.0,32.71436,0.0,30.0,30.0,0.0,0.0,0.0,0.0,0.0,0.0,Optimal,3567.354144099998,3742376.15534414
5996,,134.47,30.0,0.0,61.51436,0.0,30.0,30.0,0.0,0.0,0.0,0.0,0.0,0.0,Optimal,3567.354144099998,3742376.15534414
5997,,101.0,13.394241,0.0,74.372831,0.0,13.394241,13.394241,0.0,0.0,0.0,0.0,0.0,0.0,Optimal,3567.354144099998,3742376.15534414
5998,,95.5,0.0,30.0,43.122831,30.0,0.0,-30.0,0.0,0.0,0.0,0.0,0.0,0.0,Optimal,3567.354144099998,3742376.15534414
5999,,92.91,0.0,30.0,11.872831,30.0,0.0,-30.0,0.0,0.0,0.0,0.0,0.0,0.0,Optimal,3567.354144099998,3742376.15534414
6000,,102.3,30.0,0.0,40.672831,0.0,30.0,30.0,0.0,0.0,0.0,0.0,0.0,0.0,Optimal,3567.354144099998,3742376.15534414
6001,,96.61,30.0,0.0,69.472831,0.0,30.0,30.0,0.0,0.0,0.0,0.0,0.0,0.0,Optimal,3567.354144099998,3742376.15534414
6002,,94.73,0.0,30.0,38.222831,30.0,0.0,-30.0,0.0,0.0,0.0,0.0,0.0,0.0,Optimal,3567.354144099998,3742376.15534414
6003,,92.41,0.0,30.0,6.9728309,30.0,0.0,-30.0,0.0,0.0,0.0,0.0,0.0,0.0,Optimal,3567.354144099998,3742376.15534414
6004,,94.4,30.0,0.0,35.772831,0.0,30.0,30.0,0.0,0.0,0.0,0.0,0.0,0.0,Optimal,3567.354144099998,3742376.15534414
6005,,97.35,0.0,18.24,16.772831,18.24,0.0,-18.24,0.0,0.0,0.0,0.0,0.0,0.0,Optimal,3567.354144099998,3742376.15534414
6006,,100.26,30.0,0.0,45.572831,0.0,30.0,30.0,0.0,0.0,0.0,0.0,0.0,0.0,Optimal,3567.354144099998,3742376.15534414
6007,,102.55,30.0,0.0,74.372831,0.0,30.0,30.0,0.0,0.0,0.0,0.0,0.0,0.0,Optimal,3567.354144099998,3742376.15534414
6008,,95.04,0.0,27.648,45.572831,27.648,0.0,-27.648,0.0,0.0,0.0,0.0,0.0,0.0,Optimal,3567.354144099998,3742376.15534414
6009,,92.0,30.0,0.0,74.372831,0.0,30.0,30.0,0.0,0.0,0.0,0.0,0.0,0.0,Optimal,3567.354144099998,3742376.15534414
6010,,51.52,0.0,0.0,74.372831,0.0,0.0,0.0,0.0,0.0,0.0,0.0,0.0,0.0,Optimal,3567.354144099998,3742376.15534414
6011,,14.24,0.0,0.0,74.372831,0.0,0.0,0.0,0.0,0.0,0.0,0.0,0.0,0.0,Optimal,3567.354144099998,3742376.15534414
6012,,5.48,0.0,7.6401325,66.41436,7.6401325,0.0,-7.6401325,0.0,0.0,0.0,0.0,0.0,0.0,Optimal,3567.354144099998,3742376.15534414
6013,,1.02,0.0,30.0,35.16436,30.0,0.0,-30.0,0.0,0.0,0.0,0.0,0.0,0.0,Optimal,3567.354144099998,3742376.15534414
6014,,0.44,0.0,30.0,3.9143595,30.0,0.0,-30.0,0.0,0.0,0.0,0.0,0.0,0.0,Optimal,3567.354144099998,3742376.15534414
6015,,8.28,0.0,0.0,3.9143595,0.0,0.0,0.0,0.0,0.0,0.0,0.0,0.0,0.0,Optimal,3567.354144099998,3742376.15534414
6016,,47.65,0.0,0.0,3.9143595,0.0,0.0,0.0,0.0,0.0,0.0,0.0,0.0,0.0,Optimal,3567.354144099998,3742376.15534414
6017,,96.67,0.0,0.0,3.9143595,0.0,0.0,0.0,0.0,0.0,0.0,0.0,0.0,0.0,Optimal,3567.354144099998,3742376.15534414
6018,,124.52,13.394241,0.0,16.772831,0.0,13.394241,13.394241,0.0,0.0,0.0,0.0,0.0,0.0,Optimal,3567.354144099998,3742376.15534414
6019,,150.44,30.0,0.0,45.572831,0.0,30.0,30.0,0.0,0.0,0.0,0.0,0.0,0.0,Optimal,3567.354144099998,3742376.15534414
6020,,131.13,30.0,0.0,74.372831,0.0,30.0,30.0,0.0,0.0,0.0,0.0,0.0,0.0,Optimal,3567.354144099998,3742376.15534414
6021,,101.44,0.0,0.0,74.372831,0.0,0.0,0.0,0.0,0.0,0.0,0.0,0.0,0.0,Optimal,3567.354144099998,3742376.15534414
6022,,91.85,0.0,25.296,48.022831,25.296,0.0,-25.296,0.0,0.0,0.0,0.0,0.0,0.0,Optimal,3567.354144099998,3742376.15534414
6023,,89.29,0.0,30.0,16.772831,30.0,0.0,-30.0,0.0,0.0,0.0,0.0,0.0,0.0,Optimal,3567.354144099998,3742376.15534414
6024,,93.91,30.0,0.0,45.572831,0.0,30.0,30.0,0.0,0.0,0.0,0.0,0.0,0.0,Optimal,3567.354144099998,3742376.15534414
6025,,89.53,30.0,0.0,74.372831,0.0,30.0,30.0,0.0,0.0,0.0,0.0,0.0,0.0,Optimal,3567.354144099998,3742376.15534414
6026,,83.68,0.0,25.296,48.022831,25.296,0.0,-25.296,0.0,0.0,0.0,0.0,0.0,0.0,Optimal,3567.354144099998,3742376.15534414
6027,,82.0,0.0,30.0,16.772831,30.0,0.0,-30.0,0.0,0.0,0.0,0.0,0.0,0.0,Optimal,3567.354144099998,3742376.15534414
6028,,82.39,30.0,0.0,45.572831,0.0,30.0,30.0,0.0,0.0,0.0,0.0,0.0,0.0,Optimal,3567.354144099998,3742376.15534414
6029,,85.1,30.0,0.0,74.372831,0.0,30.0,30.0,0.0,0.0,0.0,0.0,0.0,0.0,Optimal,3567.354144099998,3742376.15534414
6030,,83.36,0.0,27.648,45.572831,27.648,0.0,-27.648,0.0,0.0,0.0,0.0,0.0,0.0,Optimal,3567.354144099998,3742376.15534414
6031,,82.07,30.0,0.0,74.372831,0.0,30.0,30.0,0.0,0.0,0.0,0.0,0.0,0.0,Optimal,3567.354144099998,3742376.15534414
6032,,76.73,0.0,0.0,74.372831,0.0,0.0,0.0,0.0,0.0,0.0,0.0,0.0,0.0,Optimal,3567.354144099998,3742376.15534414
6033,,37.87,0.0,0.0,74.372831,0.0,0.0,0.0,0.0,0.0,0.0,0.0,0.0,0.0,Optimal,3567.354144099998,3742376.15534414
6034,,8.29,0.0,0.0,74.372831,0.0,0.0,0.0,0.0,0.0,0.0,0.0,0.0,0.0,Optimal,3567.354144099998,3742376.15534414
6035,,0.44,0.0,0.0,74.372831,0.0,0.0,0.0,0.0,0.0,0.0,0.0,0.0,0.0,Optimal,3567.354144099998,3742376.15534414
6036,,0.04,0.0,7.6401325,66.41436,7.6401325,0.0,-7.6401325,0.0,0.0,0.0,0.0,0.0,0.0,Optimal,3567.354144099998,3742376.15534414
6037,,-0.02,0.0,30.0,35.16436,30.0,0.0,-30.0,0.0,0.0,0.0,0.0,0.0,0.0,Optimal,3567.354144099998,3742376.15534414
6038,,-2.69,0.0,30.0,3.9143595,30.0,0.0,-30.0,0.0,0.0,0.0,0.0,0.0,0.0,Optimal,3567.354144099998,3742376.15534414
6039,,0.06,0.0,0.0,3.9143595,0.0,0.0,0.0,0.0,0.0,0.0,0.0,0.0,0.0,Optimal,3567.354144099998,3742376.15534414
6040,,54.5,0.0,0.0,3.9143595,0.0,0.0,0.0,0.0,0.0,0.0,0.0,0.0,0.0,Optimal,3567.354144099998,3742376.15534414
6041,,85.9,0.0,0.0,3.9143595,0.0,0.0,0.0,0.0,0.0,0.0,0.0,0.0,0.0,Optimal,3567.354144099998,3742376.15534414
6042,,107.83,0.0,0.0,3.9143595,0.0,0.0,0.0,0.0,0.0,0.0,0.0,0.0,0.0,Optimal,3567.354144099998,3742376.15534414
6043,,116.99,30.0,0.0,32.71436,0.0,30.0,30.0,0.0,0.0,0.0,0.0,0.0,0.0,Optimal,3567.354144099998,3742376.15534414
6044,,124.31,30.0,0.0,61.51436,0.0,30.0,30.0,0.0,0.0,0.0,0.0,0.0,0.0,Optimal,3567.354144099998,3742376.15534414
6045,,111.69,13.394241,0.0,74.372831,0.0,13.394241,13.394241,0.0,0.0,0.0,0.0,0.0,0.0,Optimal,3567.354144099998,3742376.15534414
6046,,102.29,0.0,27.648,45.572831,27.648,0.0,-27.648,0.0,0.0,0.0,0.0,0.0,0.0,Optimal,3567.354144099998,3742376.15534414
6047,,95.19,30.0,0.0,74.372831,0.0,30.0,30.0,0.0,0.0,0.0,0.0,0.0,0.0,Optimal,3567.354144099998,3742376.15534414
6048,,85.31,0.0,30.0,43.122831,30.0,0.0,-30.0,0.0,0.0,0.0,0.0,0.0,0.0,Optimal,3567.354144099998,3742376.15534414
6049,,85.76,26.814092,0.0,68.86436,0.0,26.814092,26.814092,0.0,0.0,0.0,0.0,0.0,0.0,Optimal,3567.354144099998,3742376.15534414
6050,,79.39,0.0,30.0,37.61436,30.0,0.0,-30.0,0.0,0.0,0.0,0.0,0.0,0.0,Optimal,3567.354144099998,3742376.15534414
6051,,91.14,30.0,0.0,66.41436,0.0,30.0,30.0,0.0,0.0,0.0,0.0,0.0,0.0,Optimal,3567.354144099998,3742376.15534414
6052,,85.59,0.0,30.0,35.16436,30.0,0.0,-30.0,0.0,0.0,0.0,0.0,0.0,0.0,Optimal,3567.354144099998,3742376.15534414
6053,,85.31,0.0,30.0,3.9143595,30.0,0.0,-30.0,0.0,0.0,0.0,0.0,0.0,0.0,Optimal,3567.354144099998,3742376.15534414
6054,,113.43,0.0,0.0,3.9143595,0.0,0.0,0.0,0.0,0.0,0.0,0.0,0.0,0.0,Optimal,3567.354144099998,3742376.15534414
6055,,143.87,30.0,0.0,32.71436,0.0,30.0,30.0,0.0,0.0,0.0,0.0,0.0,0.0,Optimal,3567.354144099998,3742376.15534414
6056,,163.97,30.0,0.0,61.51436,0.0,30.0,30.0,0.0,0.0,0.0,0.0,0.0,0.0,Optimal,3567.354144099998,3742376.15534414
6057,,124.5,13.394241,0.0,74.372831,0.0,13.394241,13.394241,0.0,0.0,0.0,0.0,0.0,0.0,Optimal,3567.354144099998,3742376.15534414
6058,,107.6,0.0,0.0,74.372831,0.0,0.0,0.0,0.0,0.0,0.0,0.0,0.0,0.0,Optimal,3567.354144099998,3742376.15534414
6059,,96.75,0.0,0.0,74.372831,0.0,0.0,0.0,0.0,0.0,0.0,0.0,0.0,0.0,Optimal,3567.354144099998,3742376.15534414
6060,,86.29,0.0,27.648,45.572831,27.648,0.0,-27.648,0.0,0.0,0.0,0.0,0.0,0.0,Optimal,3567.354144099998,3742376.15534414
6061,,82.91,30.0,0.0,74.372831,0.0,30.0,30.0,0.0,0.0,0.0,0.0,0.0,0.0,Optimal,3567.354144099998,3742376.15534414
6062,,73.61,0.0,30.0,43.122831,30.0,0.0,-30.0,0.0,0.0,0.0,0.0,0.0,0.0,Optimal,3567.354144099998,3742376.15534414
6063,,75.99,24.262009,0.0,66.41436,0.0,24.262009,24.262009,0.0,0.0,0.0,0.0,0.0,0.0,Optimal,3567.354144099998,3742376.15534414
6064,,67.27,0.0,30.0,35.16436,30.0,0.0,-30.0,0.0,0.0,0.0,0.0,0.0,0.0,Optimal,3567.354144099998,3742376.15534414
6065,,78.49,0.0,30.0,3.9143595,30.0,0.0,-30.0,0.0,0.0,0.0,0.0,0.0,0.0,Optimal,3567.354144099998,3742376.15534414
6066,,110.0,13.394241,0.0,16.772831,0.0,13.394241,13.394241,0.0,0.0,0.0,0.0,0.0,0.0,Optimal,3567.354144099998,3742376.15534414
6067,,115.18,30.0,0.0,45.572831,0.0,30.0,30.0,0.0,0.0,0.0,0.0,0.0,0.0,Optimal,3567.354144099998,3742376.15534414
6068,,112.0,30.0,0.0,74.372831,0.0,30.0,30.0,0.0,0.0,0.0,0.0,0.0,0.0,Optimal,3567.354144099998,3742376.15534414
6069,,96.13,0.0,0.0,74.372831,0.0,0.0,0.0,0.0,0.0,0.0,0.0,0.0,0.0,Optimal,3567.354144099998,3742376.15534414
6070,,88.0,0.0,0.0,74.372831,0.0,0.0,0.0,0.0,0.0,0.0,0.0,0.0,0.0,Optimal,3567.354144099998,3742376.15534414
6071,,79.93,0.0,0.0,74.372831,0.0,0.0,0.0,0.0,0.0,0.0,0.0,0.0,0.0,Optimal,3567.354144099998,3742376.15534414
6072,,69.0,0.0,27.648,45.572831,27.648,0.0,-27.648,0.0,0.0,0.0,0.0,0.0,0.0,Optimal,3567.354144099998,3742376.15534414
6073,,72.0,30.0,0.0,74.372831,0.0,30.0,30.0,0.0,0.0,0.0,0.0,0.0,0.0,Optimal,3567.354144099998,3742376.15534414
6074,,61.4,0.0,30.0,43.122831,30.0,0.0,-30.0,0.0,0.0,0.0,0.0,0.0,0.0,Optimal,3567.354144099998,3742376.15534414
6075,,67.64,0.0,7.6401325,35.16436,7.6401325,0.0,-7.6401325,0.0,0.0,0.0,0.0,0.0,0.0,Optimal,3567.354144099998,3742376.15534414
6076,,65.33,0.0,30.0,3.9143595,30.0,0.0,-30.0,0.0,0.0,0.0,0.0,0.0,0.0,Optimal,3567.354144099998,3742376.15534414
6077,,77.35,0.0,0.0,3.9143595,0.0,0.0,0.0,0.0,0.0,0.0,0.0,0.0,0.0,Optimal,3567.354144099998,3742376.15534414
6078,,98.42,13.394241,0.0,16.772831,0.0,13.394241,13.394241,0.0,0.0,0.0,0.0,0.0,0.0,Optimal,3567.354144099998,3742376.15534414
6079,,125.44,30.0,0.0,45.572831,0.0,30.0,30.0,0.0,0.0,0.0,0.0,0.0,0.0,Optimal,3567.354144099998,3742376.15534414
6080,,110.43,30.0,0.0,74.372831,0.0,30.0,30.0,0.0,0.0,0.0,0.0,0.0,0.0,Optimal,3567.354144099998,3742376.15534414
6081,,76.01,0.0,0.0,74.372831,0.0,0.0,0.0,0.0,0.0,0.0,0.0,0.0,0.0,Optimal,3567.354144099998,3742376.15534414
6082,,40.37,0.0,0.0,74.372831,0.0,0.0,0.0,0.0,0.0,0.0,0.0,0.0,0.0,Optimal,3567.354144099998,3742376.15534414
6083,,7.86,0.0,0.0,74.372831,0.0,0.0,0.0,0.0,0.0,0.0,0.0,0.0,0.0,Optimal,3567.354144099998,3742376.15534414
6084,,-0.63,0.0,30.0,43.122831,30.0,0.0,-30.0,0.0,0.0,0.0,0.0,0.0,0.0,Optimal,3567.354144099998,3742376.15534414
6085,,0.16,30.0,0.0,71.922831,0.0,30.0,30.0,0.0,0.0,0.0,0.0,0.0,0.0,Optimal,3567.354144099998,3742376.15534414
6086,,-1.06,0.0,30.0,40.672831,30.0,0.0,-30.0,0.0,0.0,0.0,0.0,0.0,0.0,Optimal,3567.354144099998,3742376.15534414
6087,,-1.83,0.0,30.0,9.4228309,30.0,0.0,-30.0,0.0,0.0,0.0,0.0,0.0,0.0,Optimal,3567.354144099998,3742376.15534414
6088,,0.0,0.0,5.2881325,3.9143595,5.2881325,0.0,-5.2881325,0.0,0.0,0.0,0.0,0.0,0.0,Optimal,3567.354144099998,3742376.15534414
6089,,23.26,0.0,0.0,3.9143595,0.0,0.0,0.0,0.0,0.0,0.0,0.0,0.0,0.0,Optimal,3567.354144099998,3742376.15534414
6090,,80.74,0.0,0.0,3.9143595,0.0,0.0,0.0,0.0,0.0,0.0,0.0,0.0,0.0,Optimal,3567.354144099998,3742376.15534414
6091,,99.9,13.394241,0.0,16.772831,0.0,13.394241,13.394241,0.0,0.0,0.0,0.0,0.0,0.0,Optimal,3567.354144099998,3742376.15534414
6092,,119.6,30.0,0.0,45.572831,0.0,30.0,30.0,0.0,0.0,0.0,0.0,0.0,0.0,Optimal,3567.354144099998,3742376.15534414
6093,,126.3,30.0,0.0,74.372831,0.0,30.0,30.0,0.0,0.0,0.0,0.0,0.0,0.0,Optimal,3567.354144099998,3742376.15534414
6094,,94.0,0.0,0.0,74.372831,0.0,0.0,0.0,0.0,0.0,0.0,0.0,0.0,0.0,Optimal,3567.354144099998,3742376.15534414
6095,,74.9,0.0,0.0,74.372831,0.0,0.0,0.0,0.0,0.0,0.0,0.0,0.0,0.0,Optimal,3567.354144099998,3742376.15534414
6096,,50.0,0.0,0.0,74.372831,0.0,0.0,0.0,0.0,0.0,0.0,0.0,0.0,0.0,Optimal,3567.354144099998,3742376.15534414
6097,,40.0,0.0,30.0,43.122831,30.0,0.0,-30.0,0.0,0.0,0.0,0.0,0.0,0.0,Optimal,3567.354144099998,3742376.15534414
6098,,39.84,24.262009,0.0,66.41436,0.0,24.262009,24.262009,0.0,0.0,0.0,0.0,0.0,0.0,Optimal,3567.354144099998,3742376.15534414
6099,,33.96,0.0,30.0,35.16436,30.0,0.0,-30.0,0.0,0.0,0.0,0.0,0.0,0.0,Optimal,3567.354144099998,3742376.15534414
6100,,40.0,0.0,30.0,3.9143595,30.0,0.0,-30.0,0.0,0.0,0.0,0.0,0.0,0.0,Optimal,3567.354144099998,3742376.15534414
6101,,48.48,0.0,0.0,3.9143595,0.0,0.0,0.0,0.0,0.0,0.0,0.0,0.0,0.0,Optimal,3567.354144099998,3742376.15534414
6102,,100.5,13.394241,0.0,16.772831,0.0,13.394241,13.394241,0.0,0.0,0.0,0.0,0.0,0.0,Optimal,3567.354144099998,3742376.15534414
6103,,103.5,30.0,0.0,45.572831,0.0,30.0,30.0,0.0,0.0,0.0,0.0,0.0,0.0,Optimal,3567.354144099998,3742376.15534414
6104,,110.1,30.0,0.0,74.372831,0.0,30.0,30.0,0.0,0.0,0.0,0.0,0.0,0.0,Optimal,3567.354144099998,3742376.15534414
6105,,97.45,0.0,0.0,74.372831,0.0,0.0,0.0,0.0,0.0,0.0,0.0,0.0,0.0,Optimal,3567.354144099998,3742376.15534414
6106,,76.58,0.0,0.0,74.372831,0.0,0.0,0.0,0.0,0.0,0.0,0.0,0.0,0.0,Optimal,3567.354144099998,3742376.15534414
6107,,43.68,0.0,0.0,74.372831,0.0,0.0,0.0,0.0,0.0,0.0,0.0,0.0,0.0,Optimal,3567.354144099998,3742376.15534414
6108,,31.91,0.0,7.6401325,66.41436,7.6401325,0.0,-7.6401325,0.0,0.0,0.0,0.0,0.0,0.0,Optimal,3567.354144099998,3742376.15534414
6109,,20.0,0.0,30.0,35.16436,30.0,0.0,-30.0,0.0,0.0,0.0,0.0,0.0,0.0,Optimal,3567.354144099998,3742376.15534414
6110,,2.02,0.0,30.0,3.9143595,30.0,0.0,-30.0,0.0,0.0,0.0,0.0,0.0,0.0,Optimal,3567.354144099998,3742376.15534414
6111,,55.1,0.0,0.0,3.9143595,0.0,0.0,0.0,0.0,0.0,0.0,0.0,0.0,0.0,Optimal,3567.354144099998,3742376.15534414
6112,,69.91,0.0,0.0,3.9143595,0.0,0.0,0.0,0.0,0.0,0.0,0.0,0.0,0.0,Optimal,3567.354144099998,3742376.15534414
6113,,98.79,0.0,0.0,3.9143595,0.0,0.0,0.0,0.0,0.0,0.0,0.0,0.0,0.0,Optimal,3567.354144099998,3742376.15534414
6114,,113.89,0.0,0.0,3.9143595,0.0,0.0,0.0,0.0,0.0,0.0,0.0,0.0,0.0,Optimal,3567.354144099998,3742376.15534414
6115,,141.18,30.0,0.0,32.71436,0.0,30.0,30.0,0.0,0.0,0.0,0.0,0.0,0.0,Optimal,3567.354144099998,3742376.15534414
6116,,136.31,30.0,0.0,61.51436,0.0,30.0,30.0,0.0,0.0,0.0,0.0,0.0,0.0,Optimal,3567.354144099998,3742376.15534414
6117,,114.0,13.394241,0.0,74.372831,0.0,13.394241,13.394241,0.0,0.0,0.0,0.0,0.0,0.0,Optimal,3567.354144099998,3742376.15534414
6118,,102.56,0.0,27.648,45.572831,27.648,0.0,-27.648,0.0,0.0,0.0,0.0,0.0,0.0,Optimal,3567.354144099998,3742376.15534414
6119,,101.08,30.0,0.0,74.372831,0.0,30.0,30.0,0.0,0.0,0.0,0.0,0.0,0.0,Optimal,3567.354144099998,3742376.15534414
6120,,87.68,0.0,0.0,74.372831,0.0,0.0,0.0,0.0,0.0,0.0,0.0,0.0,0.0,Optimal,3567.354144099998,3742376.15534414
6121,,81.87,0.0,30.0,43.122831,30.0,0.0,-30.0,0.0,0.0,0.0,0.0,0.0,0.0,Optimal,3567.354144099998,3742376.15534414
6122,,82.84,30.0,0.0,71.922831,0.0,30.0,30.0,0.0,0.0,0.0,0.0,0.0,0.0,Optimal,3567.354144099998,3742376.15534414
6123,,80.76,0.0,30.0,40.672831,30.0,0.0,-30.0,0.0,0.0,0.0,0.0,0.0,0.0,Optimal,3567.354144099998,3742376.15534414
6124,,80.51,0.0,30.0,9.4228309,30.0,0.0,-30.0,0.0,0.0,0.0,0.0,0.0,0.0,Optimal,3567.354144099998,3742376.15534414
6125,,84.6,0.0,5.2881325,3.9143595,5.2881325,0.0,-5.2881325,0.0,0.0,0.0,0.0,0.0,0.0,Optimal,3567.354144099998,3742376.15534414
6126,,105.51,13.394241,0.0,16.772831,0.0,13.394241,13.394241,0.0,0.0,0.0,0.0,0.0,0.0,Optimal,3567.354144099998,3742376.15534414
6127,,133.55,30.0,0.0,45.572831,0.0,30.0,30.0,0.0,0.0,0.0,0.0,0.0,0.0,Optimal,3567.354144099998,3742376.15534414
6128,,134.88,30.0,0.0,74.372831,0.0,30.0,30.0,0.0,0.0,0.0,0.0,0.0,0.0,Optimal,3567.354144099998,3742376.15534414
6129,,103.43,0.0,0.0,74.372831,0.0,0.0,0.0,0.0,0.0,0.0,0.0,0.0,0.0,Optimal,3567.354144099998,3742376.15534414
6130,,85.03,0.0,0.0,74.372831,0.0,0.0,0.0,0.0,0.0,0.0,0.0,0.0,0.0,Optimal,3567.354144099998,3742376.15534414
6131,,77.99,0.0,27.648,45.572831,27.648,0.0,-27.648,0.0,0.0,0.0,0.0,0.0,0.0,Optimal,3567.354144099998,3742376.15534414
6132,,77.14,30.0,0.0,74.372831,0.0,30.0,30.0,0.0,0.0,0.0,0.0,0.0,0.0,Optimal,3567.354144099998,3742376.15534414
6133,,75.8,0.0,30.0,43.122831,30.0,0.0,-30.0,0.0,0.0,0.0,0.0,0.0,0.0,Optimal,3567.354144099998,3742376.15534414
6134,,76.0,0.0,30.0,11.872831,30.0,0.0,-30.0,0.0,0.0,0.0,0.0,0.0,0.0,Optimal,3567.354144099998,3742376.15534414
6135,,77.04,0.0,7.6401325,3.9143595,7.6401325,0.0,-7.6401325,0.0,0.0,0.0,0.0,0.0,0.0,Optimal,3567.354144099998,3742376.15534414
6136,,89.75,0.0,0.0,3.9143595,0.0,0.0,0.0,0.0,0.0,0.0,0.0,0.0,0.0,Optimal,3567.354144099998,3742376.15534414
6137,,100.0,0.0,0.0,3.9143595,0.0,0.0,0.0,0.0,0.0,0.0,0.0,0.0,0.0,Optimal,3567.354144099998,3742376.15534414
6138,,112.1,0.0,0.0,3.9143595,0.0,0.0,0.0,0.0,0.0,0.0,0.0,0.0,0.0,Optimal,3567.354144099998,3742376.15534414
6139,,196.0,30.0,0.0,32.71436,0.0,30.0,30.0,0.0,0.0,0.0,0.0,0.0,0.0,Optimal,3567.354144099998,3742376.15534414
6140,,196.16,30.0,0.0,61.51436,0.0,30.0,30.0,0.0,0.0,0.0,0.0,0.0,0.0,Optimal,3567.354144099998,3742376.15534414
6141,,117.08,13.394241,0.0,74.372831,0.0,13.394241,13.394241,0.0,0.0,0.0,0.0,0.0,0.0,Optimal,3567.354144099998,3742376.15534414
6142,,99.08,0.0,0.0,74.372831,0.0,0.0,0.0,0.0,0.0,0.0,0.0,0.0,0.0,Optimal,3567.354144099998,3742376.15534414
6143,,91.78,0.0,27.648,45.572831,27.648,0.0,-27.648,0.0,0.0,0.0,0.0,0.0,0.0,Optimal,3567.354144099998,3742376.15534414
6144,,99.73,30.0,0.0,74.372831,0.0,30.0,30.0,0.0,0.0,0.0,0.0,0.0,0.0,Optimal,3567.354144099998,3742376.15534414
6145,,90.52,0.0,27.648,45.572831,27.648,0.0,-27.648,0.0,0.0,0.0,0.0,0.0,0.0,Optimal,3567.354144099998,3742376.15534414
6146,,84.97,30.0,0.0,74.372831,0.0,30.0,30.0,0.0,0.0,0.0,0.0,0.0,0.0,Optimal,3567.354144099998,3742376.15534414
6147,,82.37,0.0,30.0,43.122831,30.0,0.0,-30.0,0.0,0.0,0.0,0.0,0.0,0.0,Optimal,3567.354144099998,3742376.15534414
6148,,79.78,0.0,30.0,11.872831,30.0,0.0,-30.0,0.0,0.0,0.0,0.0,0.0,0.0,Optimal,3567.354144099998,3742376.15534414
6149,,85.98,0.0,7.6401325,3.9143595,7.6401325,0.0,-7.6401325,0.0,0.0,0.0,0.0,0.0,0.0,Optimal,3567.354144099998,3742376.15534414
6150,,99.1,13.394241,0.0,16.772831,0.0,13.394241,13.394241,0.0,0.0,0.0,0.0,0.0,0.0,Optimal,3567.354144099998,3742376.15534414
6151,,119.55,30.0,0.0,45.572831,0.0,30.0,30.0,0.0,0.0,0.0,0.0,0.0,0.0,Optimal,3567.354144099998,3742376.15534414
6152,,131.6,30.0,0.0,74.372831,0.0,30.0,30.0,0.0,0.0,0.0,0.0,0.0,0.0,Optimal,3567.354144099998,3742376.15534414
6153,,90.4,0.0,30.0,43.122831,30.0,0.0,-30.0,0.0,0.0,0.0,0.0,0.0,0.0,Optimal,3567.354144099998,3742376.15534414
6154,,99.18,30.0,0.0,71.922831,0.0,30.0,30.0,0.0,0.0,0.0,0.0,0.0,0.0,Optimal,3567.354144099998,3742376.15534414
6155,,91.15,2.5520833,0.0,74.372831,0.0,2.5520833,2.5520833,0.0,0.0,0.0,0.0,0.0,0.0,Optimal,3567.354144099998,3742376.15534414
6156,,45.0,0.0,30.0,43.122831,30.0,0.0,-30.0,0.0,0.0,0.0,0.0,0.0,0.0,Optimal,3567.354144099998,3742376.15534414
6157,,48.0,24.262009,0.0,66.41436,0.0,24.262009,24.262009,0.0,0.0,0.0,0.0,0.0,0.0,Optimal,3567.354144099998,3742376.15534414
6158,,10.0,0.0,30.0,35.16436,30.0,0.0,-30.0,0.0,0.0,0.0,0.0,0.0,0.0,Optimal,3567.354144099998,3742376.15534414
6159,,49.91,0.0,30.0,3.9143595,30.0,0.0,-30.0,0.0,0.0,0.0,0.0,0.0,0.0,Optimal,3567.354144099998,3742376.15534414
6160,,66.71,0.0,0.0,3.9143595,0.0,0.0,0.0,0.0,0.0,0.0,0.0,0.0,0.0,Optimal,3567.354144099998,3742376.15534414
6161,,72.98,0.0,0.0,3.9143595,0.0,0.0,0.0,0.0,0.0,0.0,0.0,0.0,0.0,Optimal,3567.354144099998,3742376.15534414
6162,,95.83,30.0,0.0,32.71436,0.0,30.0,30.0,0.0,0.0,0.0,0.0,0.0,0.0,Optimal,3567.354144099998,3742376.15534414
6163,,100.1,0.0,22.944,8.8143595,22.944,0.0,-22.944,0.0,0.0,0.0,0.0,0.0,0.0,Optimal,3567.354144099998,3742376.15534414
6164,,109.9,30.0,0.0,37.61436,0.0,30.0,30.0,0.0,0.0,0.0,0.0,0.0,0.0,Optimal,3567.354144099998,3742376.15534414
6165,,103.4,30.0,0.0,66.41436,0.0,30.0,30.0,0.0,0.0,0.0,0.0,0.0,0.0,Optimal,3567.354144099998,3742376.15534414
6166,,89.99,0.0,30.0,35.16436,30.0,0.0,-30.0,0.0,0.0,0.0,0.0,0.0,0.0,Optimal,3567.354144099998,3742376.15534414
6167,,95.32,0.0,30.0,3.9143595,30.0,0.0,-30.0,0.0,0.0,0.0,0.0,0.0,0.0,Optimal,3567.354144099998,3742376.15534414
6168,,119.7,30.0,0.0,32.71436,0.0,30.0,30.0,0.0,0.0,0.0,0.0,0.0,0.0,Optimal,3567.354144099998,3742376.15534414
6169,,107.6,30.0,0.0,61.51436,0.0,30.0,30.0,0.0,0.0,0.0,0.0,0.0,0.0,Optimal,3567.354144099998,3742376.15534414
6170,,100.2,13.394241,0.0,74.372831,0.0,13.394241,13.394241,0.0,0.0,0.0,0.0,0.0,0.0,Optimal,3567.354144099998,3742376.15534414
6171,,92.8,0.0,0.0,74.372831,0.0,0.0,0.0,0.0,0.0,0.0,0.0,0.0,0.0,Optimal,3567.354144099998,3742376.15534414
6172,,81.0,0.0,30.0,43.122831,30.0,0.0,-30.0,0.0,0.0,0.0,0.0,0.0,0.0,Optimal,3567.354144099998,3742376.15534414
6173,,73.11,0.0,30.0,11.872831,30.0,0.0,-30.0,0.0,0.0,0.0,0.0,0.0,0.0,Optimal,3567.354144099998,3742376.15534414
6174,,83.1,0.0,7.6401325,3.9143595,7.6401325,0.0,-7.6401325,0.0,0.0,0.0,0.0,0.0,0.0,Optimal,3567.354144099998,3742376.15534414
6175,,112.9,30.0,0.0,32.71436,0.0,30.0,30.0,0.0,0.0,0.0,0.0,0.0,0.0,Optimal,3567.354144099998,3742376.15534414
6176,,111.0,30.0,0.0,61.51436,0.0,30.0,30.0,0.0,0.0,0.0,0.0,0.0,0.0,Optimal,3567.354144099998,3742376.15534414
6177,,105.0,13.394241,0.0,74.372831,0.0,13.394241,13.394241,0.0,0.0,0.0,0.0,0.0,0.0,Optimal,3567.354144099998,3742376.15534414
6178,,49.9,0.0,0.0,74.372831,0.0,0.0,0.0,0.0,0.0,0.0,0.0,0.0,0.0,Optimal,3567.354144099998,3742376.15534414
6179,,8.15,0.0,0.0,74.372831,0.0,0.0,0.0,0.0,0.0,0.0,0.0,0.0,0.0,Optimal,3567.354144099998,3742376.15534414
6180,,1.11,0.0,0.0,74.372831,0.0,0.0,0.0,0.0,0.0,0.0,0.0,0.0,0.0,Optimal,3567.354144099998,3742376.15534414
6181,,0.25,0.0,30.0,43.122831,30.0,0.0,-30.0,0.0,0.0,0.0,0.0,0.0,0.0,Optimal,3567.354144099998,3742376.15534414
6182,,-0.14,0.0,30.0,11.872831,30.0,0.0,-30.0,0.0,0.0,0.0,0.0,0.0,0.0,Optimal,3567.354144099998,3742376.15534414
6183,,0.54,0.0,7.6401325,3.9143595,7.6401325,0.0,-7.6401325,0.0,0.0,0.0,0.0,0.0,0.0,Optimal,3567.354144099998,3742376.15534414
6184,,10.33,0.0,0.0,3.9143595,0.0,0.0,0.0,0.0,0.0,0.0,0.0,0.0,0.0,Optimal,3567.354144099998,3742376.15534414
6185,,65.09,0.0,0.0,3.9143595,0.0,0.0,0.0,0.0,0.0,0.0,0.0,0.0,0.0,Optimal,3567.354144099998,3742376.15534414
6186,,100.86,0.0,0.0,3.9143595,0.0,0.0,0.0,0.0,0.0,0.0,0.0,0.0,0.0,Optimal,3567.354144099998,3742376.15534414
6187,,126.58,30.0,0.0,32.71436,0.0,30.0,30.0,0.0,0.0,0.0,0.0,0.0,0.0,Optimal,3567.354144099998,3742376.15534414
6188,,121.71,30.0,0.0,61.51436,0.0,30.0,30.0,0.0,0.0,0.0,0.0,0.0,0.0,Optimal,3567.354144099998,3742376.15534414
6189,,109.9,13.394241,0.0,74.372831,0.0,13.394241,13.394241,0.0,0.0,0.0,0.0,0.0,0.0,Optimal,3567.354144099998,3742376.15534414
6190,,93.75,0.0,27.648,45.572831,27.648,0.0,-27.648,0.0,0.0,0.0,0.0,0.0,0.0,Optimal,3567.354144099998,3742376.15534414
6191,,89.9,30.0,0.0,74.372831,0.0,30.0,30.0,0.0,0.0,0.0,0.0,0.0,0.0,Optimal,3567.354144099998,3742376.15534414
6192,,81.77,0.0,30.0,43.122831,30.0,0.0,-30.0,0.0,0.0,0.0,0.0,0.0,0.0,Optimal,3567.354144099998,3742376.15534414
6193,,79.9,30.0,0.0,71.922831,0.0,30.0,30.0,0.0,0.0,0.0,0.0,0.0,0.0,Optimal,3567.354144099998,3742376.15534414
6194,,73.28,0.0,30.0,40.672831,30.0,0.0,-30.0,0.0,0.0,0.0,0.0,0.0,0.0,Optimal,3567.354144099998,3742376.15534414
6195,,75.76,26.814092,0.0,66.41436,0.0,26.814092,26.814092,0.0,0.0,0.0,0.0,0.0,0.0,Optimal,3567.354144099998,3742376.15534414
6196,,71.32,0.0,30.0,35.16436,30.0,0.0,-30.0,0.0,0.0,0.0,0.0,0.0,0.0,Optimal,3567.354144099998,3742376.15534414
6197,,72.6,0.0,30.0,3.9143595,30.0,0.0,-30.0,0.0,0.0,0.0,0.0,0.0,0.0,Optimal,3567.354144099998,3742376.15534414
6198,,75.94,13.394241,0.0,16.772831,0.0,13.394241,13.394241,0.0,0.0,0.0,0.0,0.0,0.0,Optimal,3567.354144099998,3742376.15534414
6199,,99.9,30.0,0.0,45.572831,0.0,30.0,30.0,0.0,0.0,0.0,0.0,0.0,0.0,Optimal,3567.354144099998,3742376.15534414
6200,,106.0,30.0,0.0,74.372831,0.0,30.0,30.0,0.0,0.0,0.0,0.0,0.0,0.0,Optimal,3567.354144099998,3742376.15534414
6201,,54.07,0.0,0.0,74.372831,0.0,0.0,0.0,0.0,0.0,0.0,0.0,0.0,0.0,Optimal,3567.354144099998,3742376.15534414
6202,,10.92,0.0,0.0,74.372831,0.0,0.0,0.0,0.0,0.0,0.0,0.0,0.0,0.0,Optimal,3567.354144099998,3742376.15534414
6203,,0.07,0.0,0.0,74.372831,0.0,0.0,0.0,0.0,0.0,0.0,0.0,0.0,0.0,Optimal,3567.354144099998,3742376.15534414
6204,,0.0,0.0,0.0,74.372831,0.0,0.0,0.0,0.0,0.0,0.0,0.0,0.0,0.0,Optimal,3567.354144099998,3742376.15534414
6205,,-0.01,0.0,7.6401325,66.41436,7.6401325,0.0,-7.6401325,0.0,0.0,0.0,0.0,0.0,0.0,Optimal,3567.354144099998,3742376.15534414
6206,,-0.4,0.0,30.0,35.16436,30.0,0.0,-30.0,0.0,0.0,0.0,0.0,0.0,0.0,Optimal,3567.354144099998,3742376.15534414
6207,,-0.2,0.0,30.0,3.9143595,30.0,0.0,-30.0,0.0,0.0,0.0,0.0,0.0,0.0,Optimal,3567.354144099998,3742376.15534414
6208,,19.25,0.0,0.0,3.9143595,0.0,0.0,0.0,0.0,0.0,0.0,0.0,0.0,0.0,Optimal,3567.354144099998,3742376.15534414
6209,,82.25,0.0,0.0,3.9143595,0.0,0.0,0.0,0.0,0.0,0.0,0.0,0.0,0.0,Optimal,3567.354144099998,3742376.15534414
6210,,109.2,13.394241,0.0,16.772831,0.0,13.394241,13.394241,0.0,0.0,0.0,0.0,0.0,0.0,Optimal,3567.354144099998,3742376.15534414
6211,,130.5,30.0,0.0,45.572831,0.0,30.0,30.0,0.0,0.0,0.0,0.0,0.0,0.0,Optimal,3567.354144099998,3742376.15534414
6212,,126.78,30.0,0.0,74.372831,0.0,30.0,30.0,0.0,0.0,0.0,0.0,0.0,0.0,Optimal,3567.354144099998,3742376.15534414
6213,,110.79,0.0,27.648,45.572831,27.648,0.0,-27.648,0.0,0.0,0.0,0.0,0.0,0.0,Optimal,3567.354144099998,3742376.15534414
6214,,104.21,30.0,0.0,74.372831,0.0,30.0,30.0,0.0,0.0,0.0,0.0,0.0,0.0,Optimal,3567.354144099998,3742376.15534414
6215,,92.6,0.0,27.648,45.572831,27.648,0.0,-27.648,0.0,0.0,0.0,0.0,0.0,0.0,Optimal,3567.354144099998,3742376.15534414
6216,,92.99,30.0,0.0,74.372831,0.0,30.0,30.0,0.0,0.0,0.0,0.0,0.0,0.0,Optimal,3567.354144099998,3742376.15534414
6217,,81.59,0.0,5.2881325,68.86436,5.2881325,0.0,-5.2881325,0.0,0.0,0.0,0.0,0.0,0.0,Optimal,3567.354144099998,3742376.15534414
6218,,78.48,0.0,30.0,37.61436,30.0,0.0,-30.0,0.0,0.0,0.0,0.0,0.0,0.0,Optimal,3567.354144099998,3742376.15534414
6219,,82.42,30.0,0.0,66.41436,0.0,30.0,30.0,0.0,0.0,0.0,0.0,0.0,0.0,Optimal,3567.354144099998,3742376.15534414
6220,,79.3,0.0,30.0,35.16436,30.0,0.0,-30.0,0.0,0.0,0.0,0.0,0.0,0.0,Optimal,3567.354144099998,3742376.15534414
6221,,80.1,0.0,30.0,3.9143595,30.0,0.0,-30.0,0.0,0.0,0.0,0.0,0.0,0.0,Optimal,3567.354144099998,3742376.15534414
6222,,108.0,0.0,0.0,3.9143595,0.0,0.0,0.0,0.0,0.0,0.0,0.0,0.0,0.0,Optimal,3567.354144099998,3742376.15534414
6223,,128.14,30.0,0.0,32.71436,0.0,30.0,30.0,0.0,0.0,0.0,0.0,0.0,0.0,Optimal,3567.354144099998,3742376.15534414
6224,,146.06,30.0,0.0,61.51436,0.0,30.0,30.0,0.0,0.0,0.0,0.0,0.0,0.0,Optimal,3567.354144099998,3742376.15534414
6225,,126.4,13.394241,0.0,74.372831,0.0,13.394241,13.394241,0.0,0.0,0.0,0.0,0.0,0.0,Optimal,3567.354144099998,3742376.15534414
6226,,104.6,0.0,0.0,74.372831,0.0,0.0,0.0,0.0,0.0,0.0,0.0,0.0,0.0,Optimal,3567.354144099998,3742376.15534414
6227,,95.25,0.0,0.0,74.372831,0.0,0.0,0.0,0.0,0.0,0.0,0.0,0.0,0.0,Optimal,3567.354144099998,3742376.15534414
6228,,84.42,0.0,0.0,74.372831,0.0,0.0,0.0,0.0,0.0,0.0,0.0,0.0,0.0,Optimal,3567.354144099998,3742376.15534414
6229,,74.33,0.0,0.0,74.372831,0.0,0.0,0.0,0.0,0.0,0.0,0.0,0.0,0.0,Optimal,3567.354144099998,3742376.15534414
6230,,64.68,0.0,7.6401325,66.41436,7.6401325,0.0,-7.6401325,0.0,0.0,0.0,0.0,0.0,0.0,Optimal,3567.354144099998,3742376.15534414
6231,,59.54,0.0,30.0,35.16436,30.0,0.0,-30.0,0.0,0.0,0.0,0.0,0.0,0.0,Optimal,3567.354144099998,3742376.15534414
6232,,60.25,0.0,30.0,3.9143595,30.0,0.0,-30.0,0.0,0.0,0.0,0.0,0.0,0.0,Optimal,3567.354144099998,3742376.15534414
6233,,79.17,0.0,0.0,3.9143595,0.0,0.0,0.0,0.0,0.0,0.0,0.0,0.0,0.0,Optimal,3567.354144099998,3742376.15534414
6234,,101.66,13.394241,0.0,16.772831,0.0,13.394241,13.394241,0.0,0.0,0.0,0.0,0.0,0.0,Optimal,3567.354144099998,3742376.15534414
6235,,108.8,30.0,0.0,45.572831,0.0,30.0,30.0,0.0,0.0,0.0,0.0,0.0,0.0,Optimal,3567.354144099998,3742376.15534414
6236,,109.01,30.0,0.0,74.372831,0.0,30.0,30.0,0.0,0.0,0.0,0.0,0.0,0.0,Optimal,3567.354144099998,3742376.15534414
6237,,90.1,0.0,0.0,74.372831,0.0,0.0,0.0,0.0,0.0,0.0,0.0,0.0,0.0,Optimal,3567.354144099998,3742376.15534414
6238,,78.81,0.0,30.0,43.122831,30.0,0.0,-30.0,0.0,0.0,0.0,0.0,0.0,0.0,Optimal,3567.354144099998,3742376.15534414
6239,,75.0,0.0,30.0,11.872831,30.0,0.0,-30.0,0.0,0.0,0.0,0.0,0.0,0.0,Optimal,3567.354144099998,3742376.15534414
6240,,85.54,30.0,0.0,40.672831,0.0,30.0,30.0,0.0,0.0,0.0,0.0,0.0,0.0,Optimal,3567.354144099998,3742376.15534414
6241,,82.3,30.0,0.0,69.472831,0.0,30.0,30.0,0.0,0.0,0.0,0.0,0.0,0.0,Optimal,3567.354144099998,3742376.15534414
6242,,78.7,0.0,30.0,38.222831,30.0,0.0,-30.0,0.0,0.0,0.0,0.0,0.0,0.0,Optimal,3567.354144099998,3742376.15534414
6243,,77.2,29.366176,0.0,66.41436,0.0,29.366176,29.366176,0.0,0.0,0.0,0.0,0.0,0.0,Optimal,3567.354144099998,3742376.15534414
6244,,73.0,0.0,30.0,35.16436,30.0,0.0,-30.0,0.0,0.0,0.0,0.0,0.0,0.0,Optimal,3567.354144099998,3742376.15534414
6245,,76.93,0.0,30.0,3.9143595,30.0,0.0,-30.0,0.0,0.0,0.0,0.0,0.0,0.0,Optimal,3567.354144099998,3742376.15534414
6246,,94.89,0.0,0.0,3.9143595,0.0,0.0,0.0,0.0,0.0,0.0,0.0,0.0,0.0,Optimal,3567.354144099998,3742376.15534414
6247,,127.44,30.0,0.0,32.71436,0.0,30.0,30.0,0.0,0.0,0.0,0.0,0.0,0.0,Optimal,3567.354144099998,3742376.15534414
6248,,129.19,30.0,0.0,61.51436,0.0,30.0,30.0,0.0,0.0,0.0,0.0,0.0,0.0,Optimal,3567.354144099998,3742376.15534414
6249,,98.19,13.394241,0.0,74.372831,0.0,13.394241,13.394241,0.0,0.0,0.0,0.0,0.0,0.0,Optimal,3567.354144099998,3742376.15534414
6250,,79.9,0.0,0.0,74.372831,0.0,0.0,0.0,0.0,0.0,0.0,0.0,0.0,0.0,Optimal,3567.354144099998,3742376.15534414
6251,,67.46,0.0,0.0,74.372831,0.0,0.0,0.0,0.0,0.0,0.0,0.0,0.0,0.0,Optimal,3567.354144099998,3742376.15534414
6252,,48.67,0.0,0.0,74.372831,0.0,0.0,0.0,0.0,0.0,0.0,0.0,0.0,0.0,Optimal,3567.354144099998,3742376.15534414
6253,,28.0,0.0,30.0,43.122831,30.0,0.0,-30.0,0.0,0.0,0.0,0.0,0.0,0.0,Optimal,3567.354144099998,3742376.15534414
6254,,7.45,0.0,30.0,11.872831,30.0,0.0,-30.0,0.0,0.0,0.0,0.0,0.0,0.0,Optimal,3567.354144099998,3742376.15534414
6255,,28.6,0.0,7.6401325,3.9143595,7.6401325,0.0,-7.6401325,0.0,0.0,0.0,0.0,0.0,0.0,Optimal,3567.354144099998,3742376.15534414
6256,,59.98,0.0,0.0,3.9143595,0.0,0.0,0.0,0.0,0.0,0.0,0.0,0.0,0.0,Optimal,3567.354144099998,3742376.15534414
6257,,78.86,0.0,0.0,3.9143595,0.0,0.0,0.0,0.0,0.0,0.0,0.0,0.0,0.0,Optimal,3567.354144099998,3742376.15534414
6258,,111.4,30.0,0.0,32.71436,0.0,30.0,30.0,0.0,0.0,0.0,0.0,0.0,0.0,Optimal,3567.354144099998,3742376.15534414
6259,,130.56,30.0,0.0,61.51436,0.0,30.0,30.0,0.0,0.0,0.0,0.0,0.0,0.0,Optimal,3567.354144099998,3742376.15534414
6260,,109.9,13.394241,0.0,74.372831,0.0,13.394241,13.394241,0.0,0.0,0.0,0.0,0.0,0.0,Optimal,3567.354144099998,3742376.15534414
6261,,94.9,0.0,0.0,74.372831,0.0,0.0,0.0,0.0,0.0,0.0,0.0,0.0,0.0,Optimal,3567.354144099998,3742376.15534414
6262,,87.19,0.0,27.648,45.572831,27.648,0.0,-27.648,0.0,0.0,0.0,0.0,0.0,0.0,Optimal,3567.354144099998,3742376.15534414
6263,,82.63,30.0,0.0,74.372831,0.0,30.0,30.0,0.0,0.0,0.0,0.0,0.0,0.0,Optimal,3567.354144099998,3742376.15534414
6264,,78.05,0.0,0.0,74.372831,0.0,0.0,0.0,0.0,0.0,0.0,0.0,0.0,0.0,Optimal,3567.354144099998,3742376.15534414
6265,,77.32,0.0,30.0,43.122831,30.0,0.0,-30.0,0.0,0.0,0.0,0.0,0.0,0.0,Optimal,3567.354144099998,3742376.15534414
6266,,78.05,30.0,0.0,71.922831,0.0,30.0,30.0,0.0,0.0,0.0,0.0,0.0,0.0,Optimal,3567.354144099998,3742376.15534414
6267,,77.01,0.0,30.0,40.672831,30.0,0.0,-30.0,0.0,0.0,0.0,0.0,0.0,0.0,Optimal,3567.354144099998,3742376.15534414
6268,,74.65,0.0,30.0,9.4228309,30.0,0.0,-30.0,0.0,0.0,0.0,0.0,0.0,0.0,Optimal,3567.354144099998,3742376.15534414
6269,,83.22,0.0,5.2881325,3.9143595,5.2881325,0.0,-5.2881325,0.0,0.0,0.0,0.0,0.0,0.0,Optimal,3567.354144099998,3742376.15534414
6270,,99.9,13.394241,0.0,16.772831,0.0,13.394241,13.394241,0.0,0.0,0.0,0.0,0.0,0.0,Optimal,3567.354144099998,3742376.15534414
6271,,138.92,30.0,0.0,45.572831,0.0,30.0,30.0,0.0,0.0,0.0,0.0,0.0,0.0,Optimal,3567.354144099998,3742376.15534414
6272,,131.78,30.0,0.0,74.372831,0.0,30.0,30.0,0.0,0.0,0.0,0.0,0.0,0.0,Optimal,3567.354144099998,3742376.15534414
6273,,98.55,0.0,0.0,74.372831,0.0,0.0,0.0,0.0,0.0,0.0,0.0,0.0,0.0,Optimal,3567.354144099998,3742376.15534414
6274,,77.79,0.0,0.0,74.372831,0.0,0.0,0.0,0.0,0.0,0.0,0.0,0.0,0.0,Optimal,3567.354144099998,3742376.15534414
6275,,47.82,0.0,0.0,74.372831,0.0,0.0,0.0,0.0,0.0,0.0,0.0,0.0,0.0,Optimal,3567.354144099998,3742376.15534414
6276,,5.49,0.0,0.0,74.372831,0.0,0.0,0.0,0.0,0.0,0.0,0.0,0.0,0.0,Optimal,3567.354144099998,3742376.15534414
6277,,0.0,0.0,30.0,43.122831,30.0,0.0,-30.0,0.0,0.0,0.0,0.0,0.0,0.0,Optimal,3567.354144099998,3742376.15534414
6278,,-0.07,0.0,30.0,11.872831,30.0,0.0,-30.0,0.0,0.0,0.0,0.0,0.0,0.0,Optimal,3567.354144099998,3742376.15534414
6279,,0.69,0.0,7.6401325,3.9143595,7.6401325,0.0,-7.6401325,0.0,0.0,0.0,0.0,0.0,0.0,Optimal,3567.354144099998,3742376.15534414
6280,,34.87,0.0,0.0,3.9143595,0.0,0.0,0.0,0.0,0.0,0.0,0.0,0.0,0.0,Optimal,3567.354144099998,3742376.15534414
6281,,79.12,0.0,0.0,3.9143595,0.0,0.0,0.0,0.0,0.0,0.0,0.0,0.0,0.0,Optimal,3567.354144099998,3742376.15534414
6282,,109.67,30.0,0.0,32.71436,0.0,30.0,30.0,0.0,0.0,0.0,0.0,0.0,0.0,Optimal,3567.354144099998,3742376.15534414
6283,,129.92,30.0,0.0,61.51436,0.0,30.0,30.0,0.0,0.0,0.0,0.0,0.0,0.0,Optimal,3567.354144099998,3742376.15534414
6284,,108.24,13.394241,0.0,74.372831,0.0,13.394241,13.394241,0.0,0.0,0.0,0.0,0.0,0.0,Optimal,3567.354144099998,3742376.15534414
6285,,88.72,0.0,27.648,45.572831,27.648,0.0,-27.648,0.0,0.0,0.0,0.0,0.0,0.0,Optimal,3567.354144099998,3742376.15534414
6286,,82.53,30.0,0.0,74.372831,0.0,30.0,30.0,0.0,0.0,0.0,0.0,0.0,0.0,Optimal,3567.354144099998,3742376.15534414
6287,,73.79,0.0,30.0,43.122831,30.0,0.0,-30.0,0.0,0.0,0.0,0.0,0.0,0.0,Optimal,3567.354144099998,3742376.15534414
6288,,75.85,0.0,30.0,11.872831,30.0,0.0,-30.0,0.0,0.0,0.0,0.0,0.0,0.0,Optimal,3567.354144099998,3742376.15534414
6289,,76.09,0.0,7.6401325,3.9143595,7.6401325,0.0,-7.6401325,0.0,0.0,0.0,0.0,0.0,0.0,Optimal,3567.354144099998,3742376.15534414
6290,,86.07,30.0,0.0,32.71436,0.0,30.0,30.0,0.0,0.0,0.0,0.0,0.0,0.0,Optimal,3567.354144099998,3742376.15534414
6291,,88.74,30.0,0.0,61.51436,0.0,30.0,30.0,0.0,0.0,0.0,0.0,0.0,0.0,Optimal,3567.354144099998,3742376.15534414
6292,,81.0,0.0,30.0,30.26436,30.0,0.0,-30.0,0.0,0.0,0.0,0.0,0.0,0.0,Optimal,3567.354144099998,3742376.15534414
6293,,88.25,0.0,25.296,3.9143595,25.296,0.0,-25.296,0.0,0.0,0.0,0.0,0.0,0.0,Optimal,3567.354144099998,3742376.15534414
6294,,111.55,13.394241,0.0,16.772831,0.0,13.394241,13.394241,0.0,0.0,0.0,0.0,0.0,0.0,Optimal,3567.354144099998,3742376.15534414
6295,,141.62,30.0,0.0,45.572831,0.0,30.0,30.0,0.0,0.0,0.0,0.0,0.0,0.0,Optimal,3567.354144099998,3742376.15534414
6296,,123.7,30.0,0.0,74.372831,0.0,30.0,30.0,0.0,0.0,0.0,0.0,0.0,0.0,Optimal,3567.354144099998,3742376.15534414
6297,,97.28,0.0,0.0,74.372831,0.0,0.0,0.0,0.0,0.0,0.0,0.0,0.0,0.0,Optimal,3567.354144099998,3742376.15534414
6298,,74.81,0.0,0.0,74.372831,0.0,0.0,0.0,0.0,0.0,0.0,0.0,0.0,0.0,Optimal,3567.354144099998,3742376.15534414
6299,,45.76,0.0,0.0,74.372831,0.0,0.0,0.0,0.0,0.0,0.0,0.0,0.0,0.0,Optimal,3567.354144099998,3742376.15534414
6300,,4.97,0.0,7.6401325,66.41436,7.6401325,0.0,-7.6401325,0.0,0.0,0.0,0.0,0.0,0.0,Optimal,3567.354144099998,3742376.15534414
6301,,-0.07,0.0,30.0,35.16436,30.0,0.0,-30.0,0.0,0.0,0.0,0.0,0.0,0.0,Optimal,3567.354144099998,3742376.15534414
6302,,-0.09,0.0,30.0,3.9143595,30.0,0.0,-30.0,0.0,0.0,0.0,0.0,0.0,0.0,Optimal,3567.354144099998,3742376.15534414
6303,,9.0,0.0,0.0,3.9143595,0.0,0.0,0.0,0.0,0.0,0.0,0.0,0.0,0.0,Optimal,3567.354144099998,3742376.15534414
6304,,51.21,0.0,0.0,3.9143595,0.0,0.0,0.0,0.0,0.0,0.0,0.0,0.0,0.0,Optimal,3567.354144099998,3742376.15534414
6305,,90.83,0.0,0.0,3.9143595,0.0,0.0,0.0,0.0,0.0,0.0,0.0,0.0,0.0,Optimal,3567.354144099998,3742376.15534414
6306,,114.01,30.0,0.0,32.71436,0.0,30.0,30.0,0.0,0.0,0.0,0.0,0.0,0.0,Optimal,3567.354144099998,3742376.15534414
6307,,133.94,30.0,0.0,61.51436,0.0,30.0,30.0,0.0,0.0,0.0,0.0,0.0,0.0,Optimal,3567.354144099998,3742376.15534414
6308,,113.5,13.394241,0.0,74.372831,0.0,13.394241,13.394241,0.0,0.0,0.0,0.0,0.0,0.0,Optimal,3567.354144099998,3742376.15534414
6309,,91.06,0.0,27.648,45.572831,27.648,0.0,-27.648,0.0,0.0,0.0,0.0,0.0,0.0,Optimal,3567.354144099998,3742376.15534414
6310,,88.97,30.0,0.0,74.372831,0.0,30.0,30.0,0.0,0.0,0.0,0.0,0.0,0.0,Optimal,3567.354144099998,3742376.15534414
6311,,78.87,0.0,0.0,74.372831,0.0,0.0,0.0,0.0,0.0,0.0,0.0,0.0,0.0,Optimal,3567.354144099998,3742376.15534414
6312,,72.38,0.0,30.0,43.122831,30.0,0.0,-30.0,0.0,0.0,0.0,0.0,0.0,0.0,Optimal,3567.354144099998,3742376.15534414
6313,,74.04,30.0,0.0,71.922831,0.0,30.0,30.0,0.0,0.0,0.0,0.0,0.0,0.0,Optimal,3567.354144099998,3742376.15534414
6314,,73.42,0.0,5.2881325,66.41436,5.2881325,0.0,-5.2881325,0.0,0.0,0.0,0.0,0.0,0.0,Optimal,3567.354144099998,3742376.15534414
6315,,69.97,0.0,30.0,35.16436,30.0,0.0,-30.0,0.0,0.0,0.0,0.0,0.0,0.0,Optimal,3567.354144099998,3742376.15534414
6316,,73.0,0.0,30.0,3.9143595,30.0,0.0,-30.0,0.0,0.0,0.0,0.0,0.0,0.0,Optimal,3567.354144099998,3742376.15534414
6317,,79.27,0.0,0.0,3.9143595,0.0,0.0,0.0,0.0,0.0,0.0,0.0,0.0,0.0,Optimal,3567.354144099998,3742376.15534414
6318,,108.64,13.394241,0.0,16.772831,0.0,13.394241,13.394241,0.0,0.0,0.0,0.0,0.0,0.0,Optimal,3567.354144099998,3742376.15534414
6319,,141.45,30.0,0.0,45.572831,0.0,30.0,30.0,0.0,0.0,0.0,0.0,0.0,0.0,Optimal,3567.354144099998,3742376.15534414
6320,,108.7,30.0,0.0,74.372831,0.0,30.0,30.0,0.0,0.0,0.0,0.0,0.0,0.0,Optimal,3567.354144099998,3742376.15534414
6321,,88.92,0.0,0.0,74.372831,0.0,0.0,0.0,0.0,0.0,0.0,0.0,0.0,0.0,Optimal,3567.354144099998,3742376.15534414
6322,,62.05,0.0,0.0,74.372831,0.0,0.0,0.0,0.0,0.0,0.0,0.0,0.0,0.0,Optimal,3567.354144099998,3742376.15534414
6323,,24.69,0.0,0.0,74.372831,0.0,0.0,0.0,0.0,0.0,0.0,0.0,0.0,0.0,Optimal,3567.354144099998,3742376.15534414
6324,,8.35,0.0,7.6401325,66.41436,7.6401325,0.0,-7.6401325,0.0,0.0,0.0,0.0,0.0,0.0,Optimal,3567.354144099998,3742376.15534414
6325,,-0.04,0.0,30.0,35.16436,30.0,0.0,-30.0,0.0,0.0,0.0,0.0,0.0,0.0,Optimal,3567.354144099998,3742376.15534414
6326,,0.07,0.0,30.0,3.9143595,30.0,0.0,-30.0,0.0,0.0,0.0,0.0,0.0,0.0,Optimal,3567.354144099998,3742376.15534414
6327,,8.5,0.0,0.0,3.9143595,0.0,0.0,0.0,0.0,0.0,0.0,0.0,0.0,0.0,Optimal,3567.354144099998,3742376.15534414
6328,,44.34,0.0,0.0,3.9143595,0.0,0.0,0.0,0.0,0.0,0.0,0.0,0.0,0.0,Optimal,3567.354144099998,3742376.15534414
6329,,85.12,0.0,0.0,3.9143595,0.0,0.0,0.0,0.0,0.0,0.0,0.0,0.0,0.0,Optimal,3567.354144099998,3742376.15534414
6330,,107.28,13.394241,0.0,16.772831,0.0,13.394241,13.394241,0.0,0.0,0.0,0.0,0.0,0.0,Optimal,3567.354144099998,3742376.15534414
6331,,147.21,30.0,0.0,45.572831,0.0,30.0,30.0,0.0,0.0,0.0,0.0,0.0,0.0,Optimal,3567.354144099998,3742376.15534414
6332,,109.65,30.0,0.0,74.372831,0.0,30.0,30.0,0.0,0.0,0.0,0.0,0.0,0.0,Optimal,3567.354144099998,3742376.15534414
6333,,91.07,0.0,27.648,45.572831,27.648,0.0,-27.648,0.0,0.0,0.0,0.0,0.0,0.0,Optimal,3567.354144099998,3742376.15534414
6334,,87.8,30.0,0.0,74.372831,0.0,30.0,30.0,0.0,0.0,0.0,0.0,0.0,0.0,Optimal,3567.354144099998,3742376.15534414
6335,,87.08,0.0,27.648,45.572831,27.648,0.0,-27.648,0.0,0.0,0.0,0.0,0.0,0.0,Optimal,3567.354144099998,3742376.15534414
6336,,88.29,30.0,0.0,74.372831,0.0,30.0,30.0,0.0,0.0,0.0,0.0,0.0,0.0,Optimal,3567.354144099998,3742376.15534414
6337,,85.3,0.0,7.6401325,66.41436,7.6401325,0.0,-7.6401325,0.0,0.0,0.0,0.0,0.0,0.0,Optimal,3567.354144099998,3742376.15534414
6338,,82.0,0.0,30.0,35.16436,30.0,0.0,-30.0,0.0,0.0,0.0,0.0,0.0,0.0,Optimal,3567.354144099998,3742376.15534414
6339,,82.19,0.0,30.0,3.9143595,30.0,0.0,-30.0,0.0,0.0,0.0,0.0,0.0,0.0,Optimal,3567.354144099998,3742376.15534414
6340,,86.38,30.0,0.0,32.71436,0.0,30.0,30.0,0.0,0.0,0.0,0.0,0.0,0.0,Optimal,3567.354144099998,3742376.15534414
6341,,89.48,0.0,27.648,3.9143595,27.648,0.0,-27.648,0.0,0.0,0.0,0.0,0.0,0.0,Optimal,3567.354144099998,3742376.15534414
6342,,98.07,30.0,0.0,32.71436,0.0,30.0,30.0,0.0,0.0,0.0,0.0,0.0,0.0,Optimal,3567.354144099998,3742376.15534414
6343,,102.28,30.0,0.0,61.51436,0.0,30.0,30.0,0.0,0.0,0.0,0.0,0.0,0.0,Optimal,3567.354144099998,3742376.15534414
6344,,85.94,13.394241,0.0,74.372831,0.0,13.394241,13.394241,0.0,0.0,0.0,0.0,0.0,0.0,Optimal,3567.354144099998,3742376.15534414
6345,,61.21,0.0,0.0,74.372831,0.0,0.0,0.0,0.0,0.0,0.0,0.0,0.0,0.0,Optimal,3567.354144099998,3742376.15534414
6346,,22.0,0.0,0.0,74.372831,0.0,0.0,0.0,0.0,0.0,0.0,0.0,0.0,0.0,Optimal,3567.354144099998,3742376.15534414
6347,,3.15,0.0,0.0,74.372831,0.0,0.0,0.0,0.0,0.0,0.0,0.0,0.0,0.0,Optimal,3567.354144099998,3742376.15534414
6348,,0.0,0.0,7.6401325,66.41436,7.6401325,0.0,-7.6401325,0.0,0.0,0.0,0.0,0.0,0.0,Optimal,3567.354144099998,3742376.15534414
6349,,-3.36,0.0,30.0,35.16436,30.0,0.0,-30.0,0.0,0.0,0.0,0.0,0.0,0.0,Optimal,3567.354144099998,3742376.15534414
6350,,-3.95,0.0,30.0,3.9143595,30.0,0.0,-30.0,0.0,0.0,0.0,0.0,0.0,0.0,Optimal,3567.354144099998,3742376.15534414
6351,,1.09,0.0,0.0,3.9143595,0.0,0.0,0.0,0.0,0.0,0.0,0.0,0.0,0.0,Optimal,3567.354144099998,3742376.15534414
6352,,43.14,0.0,0.0,3.9143595,0.0,0.0,0.0,0.0,0.0,0.0,0.0,0.0,0.0,Optimal,3567.354144099998,3742376.15534414
6353,,86.37,0.0,0.0,3.9143595,0.0,0.0,0.0,0.0,0.0,0.0,0.0,0.0,0.0,Optimal,3567.354144099998,3742376.15534414
6354,,125.93,30.0,0.0,32.71436,0.0,30.0,30.0,0.0,0.0,0.0,0.0,0.0,0.0,Optimal,3567.354144099998,3742376.15534414
6355,,144.0,30.0,0.0,61.51436,0.0,30.0,30.0,0.0,0.0,0.0,0.0,0.0,0.0,Optimal,3567.354144099998,3742376.15534414
6356,,113.0,13.394241,0.0,74.372831,0.0,13.394241,13.394241,0.0,0.0,0.0,0.0,0.0,0.0,Optimal,3567.354144099998,3742376.15534414
6357,,95.06,0.0,30.0,43.122831,30.0,0.0,-30.0,0.0,0.0,0.0,0.0,0.0,0.0,Optimal,3567.354144099998,3742376.15534414
6358,,93.6,30.0,0.0,71.922831,0.0,30.0,30.0,0.0,0.0,0.0,0.0,0.0,0.0,Optimal,3567.354144099998,3742376.15534414
6359,,86.72,0.0,30.0,40.672831,30.0,0.0,-30.0,0.0,0.0,0.0,0.0,0.0,0.0,Optimal,3567.354144099998,3742376.15534414
6360,,98.3,30.0,0.0,69.472831,0.0,30.0,30.0,0.0,0.0,0.0,0.0,0.0,0.0,Optimal,3567.354144099998,3742376.15534414
6361,,90.05,0.0,30.0,38.222831,30.0,0.0,-30.0,0.0,0.0,0.0,0.0,0.0,0.0,Optimal,3567.354144099998,3742376.15534414
6362,,89.93,12.760417,0.0,50.472831,0.0,12.760417,12.760417,0.0,0.0,0.0,0.0,0.0,0.0,Optimal,3567.354144099998,3742376.15534414
6363,,89.56,0.0,30.0,19.222831,30.0,0.0,-30.0,0.0,0.0,0.0,0.0,0.0,0.0,Optimal,3567.354144099998,3742376.15534414
6364,,90.75,30.0,0.0,48.022831,0.0,30.0,30.0,0.0,0.0,0.0,0.0,0.0,0.0,Optimal,3567.354144099998,3742376.15534414
6365,,91.05,0.0,30.0,16.772831,30.0,0.0,-30.0,0.0,0.0,0.0,0.0,0.0,0.0,Optimal,3567.354144099998,3742376.15534414
6366,,95.64,30.0,0.0,45.572831,0.0,30.0,30.0,0.0,0.0,0.0,0.0,0.0,0.0,Optimal,3567.354144099998,3742376.15534414
6367,,98.2,30.0,0.0,74.372831,0.0,30.0,30.0,0.0,0.0,0.0,0.0,0.0,0.0,Optimal,3567.354144099998,3742376.15534414
6368,,83.47,0.0,0.0,74.372831,0.0,0.0,0.0,0.0,0.0,0.0,0.0,0.0,0.0,Optimal,3567.354144099998,3742376.15534414
6369,,64.9,0.0,0.0,74.372831,0.0,0.0,0.0,0.0,0.0,0.0,0.0,0.0,0.0,Optimal,3567.354144099998,3742376.15534414
6370,,26.17,0.0,0.0,74.372831,0.0,0.0,0.0,0.0,0.0,0.0,0.0,0.0,0.0,Optimal,3567.354144099998,3742376.15534414
6371,,12.25,0.0,27.648,45.572831,27.648,0.0,-27.648,0.0,0.0,0.0,0.0,0.0,0.0,Optimal,3567.354144099998,3742376.15534414
6372,,11.5,30.0,0.0,74.372831,0.0,30.0,30.0,0.0,0.0,0.0,0.0,0.0,0.0,Optimal,3567.354144099998,3742376.15534414
6373,,0.21,0.0,30.0,43.122831,30.0,0.0,-30.0,0.0,0.0,0.0,0.0,0.0,0.0,Optimal,3567.354144099998,3742376.15534414
6374,,0.01,0.0,30.0,11.872831,30.0,0.0,-30.0,0.0,0.0,0.0,0.0,0.0,0.0,Optimal,3567.354144099998,3742376.15534414
6375,,9.66,0.0,7.6401325,3.9143595,7.6401325,0.0,-7.6401325,0.0,0.0,0.0,0.0,0.0,0.0,Optimal,3567.354144099998,3742376.15534414
6376,,58.28,0.0,0.0,3.9143595,0.0,0.0,0.0,0.0,0.0,0.0,0.0,0.0,0.0,Optimal,3567.354144099998,3742376.15534414
6377,,103.19,0.0,0.0,3.9143595,0.0,0.0,0.0,0.0,0.0,0.0,0.0,0.0,0.0,Optimal,3567.354144099998,3742376.15534414
6378,,131.02,30.0,0.0,32.71436,0.0,30.0,30.0,0.0,0.0,0.0,0.0,0.0,0.0,Optimal,3567.354144099998,3742376.15534414
6379,,162.06,30.0,0.0,61.51436,0.0,30.0,30.0,0.0,0.0,0.0,0.0,0.0,0.0,Optimal,3567.354144099998,3742376.15534414
6380,,128.0,13.394241,0.0,74.372831,0.0,13.394241,13.394241,0.0,0.0,0.0,0.0,0.0,0.0,Optimal,3567.354144099998,3742376.15534414
6381,,109.35,0.0,0.0,74.372831,0.0,0.0,0.0,0.0,0.0,0.0,0.0,0.0,0.0,Optimal,3567.354144099998,3742376.15534414
6382,,98.76,0.0,0.0,74.372831,0.0,0.0,0.0,0.0,0.0,0.0,0.0,0.0,0.0,Optimal,3567.354144099998,3742376.15534414
6383,,92.0,0.0,27.648,45.572831,27.648,0.0,-27.648,0.0,0.0,0.0,0.0,0.0,0.0,Optimal,3567.354144099998,3742376.15534414
6384,,87.3,30.0,0.0,74.372831,0.0,30.0,30.0,0.0,0.0,0.0,0.0,0.0,0.0,Optimal,3567.354144099998,3742376.15534414
6385,,80.15,0.0,30.0,43.122831,30.0,0.0,-30.0,0.0,0.0,0.0,0.0,0.0,0.0,Optimal,3567.354144099998,3742376.15534414
6386,,81.6,0.0,30.0,11.872831,30.0,0.0,-30.0,0.0,0.0,0.0,0.0,0.0,0.0,Optimal,3567.354144099998,3742376.15534414
6387,,82.77,24.262009,0.0,35.16436,0.0,24.262009,24.262009,0.0,0.0,0.0,0.0,0.0,0.0,Optimal,3567.354144099998,3742376.15534414
6388,,84.03,0.0,30.0,3.9143595,30.0,0.0,-30.0,0.0,0.0,0.0,0.0,0.0,0.0,Optimal,3567.354144099998,3742376.15534414
6389,,90.9,0.0,0.0,3.9143595,0.0,0.0,0.0,0.0,0.0,0.0,0.0,0.0,0.0,Optimal,3567.354144099998,3742376.15534414
6390,,130.69,13.394241,0.0,16.772831,0.0,13.394241,13.394241,0.0,0.0,0.0,0.0,0.0,0.0,Optimal,3567.354144099998,3742376.15534414
6391,,203.73,30.0,0.0,45.572831,0.0,30.0,30.0,0.0,0.0,0.0,0.0,0.0,0.0,Optimal,3567.354144099998,3742376.15534414
6392,,151.33,30.0,0.0,74.372831,0.0,30.0,30.0,0.0,0.0,0.0,0.0,0.0,0.0,Optimal,3567.354144099998,3742376.15534414
6393,,109.99,0.0,0.0,74.372831,0.0,0.0,0.0,0.0,0.0,0.0,0.0,0.0,0.0,Optimal,3567.354144099998,3742376.15534414
6394,,96.9,0.0,0.0,74.372831,0.0,0.0,0.0,0.0,0.0,0.0,0.0,0.0,0.0,Optimal,3567.354144099998,3742376.15534414
6395,,80.16,0.0,27.648,45.572831,27.648,0.0,-27.648,0.0,0.0,0.0,0.0,0.0,0.0,Optimal,3567.354144099998,3742376.15534414
6396,,78.94,30.0,0.0,74.372831,0.0,30.0,30.0,0.0,0.0,0.0,0.0,0.0,0.0,Optimal,3567.354144099998,3742376.15534414
6397,,73.0,0.0,7.6401325,66.41436,7.6401325,0.0,-7.6401325,0.0,0.0,0.0,0.0,0.0,0.0,Optimal,3567.354144099998,3742376.15534414
6398,,70.42,0.0,30.0,35.16436,30.0,0.0,-30.0,0.0,0.0,0.0,0.0,0.0,0.0,Optimal,3567.354144099998,3742376.15534414
6399,,69.53,0.0,30.0,3.9143595,30.0,0.0,-30.0,0.0,0.0,0.0,0.0,0.0,0.0,Optimal,3567.354144099998,3742376.15534414
6400,,90.54,0.0,0.0,3.9143595,0.0,0.0,0.0,0.0,0.0,0.0,0.0,0.0,0.0,Optimal,3567.354144099998,3742376.15534414
6401,,118.24,0.0,0.0,3.9143595,0.0,0.0,0.0,0.0,0.0,0.0,0.0,0.0,0.0,Optimal,3567.354144099998,3742376.15534414
6402,,205.51,30.0,0.0,32.71436,0.0,30.0,30.0,0.0,0.0,0.0,0.0,0.0,0.0,Optimal,3567.354144099998,3742376.15534414
6403,,283.29,30.0,0.0,61.51436,0.0,30.0,30.0,0.0,0.0,0.0,0.0,0.0,0.0,Optimal,3567.354144099998,3742376.15534414
6404,,167.99,13.394241,0.0,74.372831,0.0,13.394241,13.394241,0.0,0.0,0.0,0.0,0.0,0.0,Optimal,3567.354144099998,3742376.15534414
6405,,108.87,0.0,0.0,74.372831,0.0,0.0,0.0,0.0,0.0,0.0,0.0,0.0,0.0,Optimal,3567.354144099998,3742376.15534414
6406,,90.84,0.0,0.0,74.372831,0.0,0.0,0.0,0.0,0.0,0.0,0.0,0.0,0.0,Optimal,3567.354144099998,3742376.15534414
6407,,84.49,0.0,27.648,45.572831,27.648,0.0,-27.648,0.0,0.0,0.0,0.0,0.0,0.0,Optimal,3567.354144099998,3742376.15534414
6408,,82.9,30.0,0.0,74.372831,0.0,30.0,30.0,0.0,0.0,0.0,0.0,0.0,0.0,Optimal,3567.354144099998,3742376.15534414
6409,,77.25,0.0,30.0,43.122831,30.0,0.0,-30.0,0.0,0.0,0.0,0.0,0.0,0.0,Optimal,3567.354144099998,3742376.15534414
6410,,76.8,0.0,30.0,11.872831,30.0,0.0,-30.0,0.0,0.0,0.0,0.0,0.0,0.0,Optimal,3567.354144099998,3742376.15534414
6411,,77.0,30.0,0.0,40.672831,0.0,30.0,30.0,0.0,0.0,0.0,0.0,0.0,0.0,Optimal,3567.354144099998,3742376.15534414
6412,,72.11,0.0,30.0,9.4228309,30.0,0.0,-30.0,0.0,0.0,0.0,0.0,0.0,0.0,Optimal,3567.354144099998,3742376.15534414
6413,,79.7,0.0,5.2881325,3.9143595,5.2881325,0.0,-5.2881325,0.0,0.0,0.0,0.0,0.0,0.0,Optimal,3567.354144099998,3742376.15534414
6414,,101.7,13.394241,0.0,16.772831,0.0,13.394241,13.394241,0.0,0.0,0.0,0.0,0.0,0.0,Optimal,3567.354144099998,3742376.15534414
6415,,138.99,30.0,0.0,45.572831,0.0,30.0,30.0,0.0,0.0,0.0,0.0,0.0,0.0,Optimal,3567.354144099998,3742376.15534414
6416,,127.4,30.0,0.0,74.372831,0.0,30.0,30.0,0.0,0.0,0.0,0.0,0.0,0.0,Optimal,3567.354144099998,3742376.15534414
6417,,100.07,0.0,0.0,74.372831,0.0,0.0,0.0,0.0,0.0,0.0,0.0,0.0,0.0,Optimal,3567.354144099998,3742376.15534414
6418,,85.62,0.0,0.0,74.372831,0.0,0.0,0.0,0.0,0.0,0.0,0.0,0.0,0.0,Optimal,3567.354144099998,3742376.15534414
6419,,78.38,0.0,0.0,74.372831,0.0,0.0,0.0,0.0,0.0,0.0,0.0,0.0,0.0,Optimal,3567.354144099998,3742376.15534414
6420,,69.22,0.0,0.0,74.372831,0.0,0.0,0.0,0.0,0.0,0.0,0.0,0.0,0.0,Optimal,3567.354144099998,3742376.15534414
6421,,60.88,0.0,30.0,43.122831,30.0,0.0,-30.0,0.0,0.0,0.0,0.0,0.0,0.0,Optimal,3567.354144099998,3742376.15534414
6422,,55.11,0.0,30.0,11.872831,30.0,0.0,-30.0,0.0,0.0,0.0,0.0,0.0,0.0,Optimal,3567.354144099998,3742376.15534414
6423,,68.0,0.0,7.6401325,3.9143595,7.6401325,0.0,-7.6401325,0.0,0.0,0.0,0.0,0.0,0.0,Optimal,3567.354144099998,3742376.15534414
6424,,76.93,0.0,0.0,3.9143595,0.0,0.0,0.0,0.0,0.0,0.0,0.0,0.0,0.0,Optimal,3567.354144099998,3742376.15534414
6425,,92.38,0.0,0.0,3.9143595,0.0,0.0,0.0,0.0,0.0,0.0,0.0,0.0,0.0,Optimal,3567.354144099998,3742376.15534414
6426,,113.64,30.0,0.0,32.71436,0.0,30.0,30.0,0.0,0.0,0.0,0.0,0.0,0.0,Optimal,3567.354144099998,3742376.15534414
6427,,124.69,30.0,0.0,61.51436,0.0,30.0,30.0,0.0,0.0,0.0,0.0,0.0,0.0,Optimal,3567.354144099998,3742376.15534414
6428,,102.28,13.394241,0.0,74.372831,0.0,13.394241,13.394241,0.0,0.0,0.0,0.0,0.0,0.0,Optimal,3567.354144099998,3742376.15534414
6429,,80.5,0.0,27.648,45.572831,27.648,0.0,-27.648,0.0,0.0,0.0,0.0,0.0,0.0,Optimal,3567.354144099998,3742376.15534414
6430,,76.51,30.0,0.0,74.372831,0.0,30.0,30.0,0.0,0.0,0.0,0.0,0.0,0.0,Optimal,3567.354144099998,3742376.15534414
6431,,67.0,0.0,30.0,43.122831,30.0,0.0,-30.0,0.0,0.0,0.0,0.0,0.0,0.0,Optimal,3567.354144099998,3742376.15534414
6432,,62.18,0.0,30.0,11.872831,30.0,0.0,-30.0,0.0,0.0,0.0,0.0,0.0,0.0,Optimal,3567.354144099998,3742376.15534414
6433,,77.0,30.0,0.0,40.672831,0.0,30.0,30.0,0.0,0.0,0.0,0.0,0.0,0.0,Optimal,3567.354144099998,3742376.15534414
6434,,69.0,0.0,2.9361325,37.61436,2.9361325,0.0,-2.9361325,0.0,0.0,0.0,0.0,0.0,0.0,Optimal,3567.354144099998,3742376.15534414
6435,,56.8,0.0,30.0,6.3643595,30.0,0.0,-30.0,0.0,0.0,0.0,0.0,0.0,0.0,Optimal,3567.354144099998,3742376.15534414
6436,,73.27,30.0,0.0,35.16436,0.0,30.0,30.0,0.0,0.0,0.0,0.0,0.0,0.0,Optimal,3567.354144099998,3742376.15534414
6437,,68.77,0.0,30.0,3.9143595,30.0,0.0,-30.0,0.0,0.0,0.0,0.0,0.0,0.0,Optimal,3567.354144099998,3742376.15534414
6438,,83.2,0.0,0.0,3.9143595,0.0,0.0,0.0,0.0,0.0,0.0,0.0,0.0,0.0,Optimal,3567.354144099998,3742376.15534414
6439,,95.53,0.0,0.0,3.9143595,0.0,0.0,0.0,0.0,0.0,0.0,0.0,0.0,0.0,Optimal,3567.354144099998,3742376.15534414
6440,,100.39,30.0,0.0,32.71436,0.0,30.0,30.0,0.0,0.0,0.0,0.0,0.0,0.0,Optimal,3567.354144099998,3742376.15534414
6441,,101.5,30.0,0.0,61.51436,0.0,30.0,30.0,0.0,0.0,0.0,0.0,0.0,0.0,Optimal,3567.354144099998,3742376.15534414
6442,,97.0,13.394241,0.0,74.372831,0.0,13.394241,13.394241,0.0,0.0,0.0,0.0,0.0,0.0,Optimal,3567.354144099998,3742376.15534414
6443,,85.1,0.0,27.648,45.572831,27.648,0.0,-27.648,0.0,0.0,0.0,0.0,0.0,0.0,Optimal,3567.354144099998,3742376.15534414
6444,,85.55,30.0,0.0,74.372831,0.0,30.0,30.0,0.0,0.0,0.0,0.0,0.0,0.0,Optimal,3567.354144099998,3742376.15534414
6445,,76.0,0.0,30.0,43.122831,30.0,0.0,-30.0,0.0,0.0,0.0,0.0,0.0,0.0,Optimal,3567.354144099998,3742376.15534414
6446,,85.0,0.0,7.6401325,35.16436,7.6401325,0.0,-7.6401325,0.0,0.0,0.0,0.0,0.0,0.0,Optimal,3567.354144099998,3742376.15534414
6447,,79.82,0.0,30.0,3.9143595,30.0,0.0,-30.0,0.0,0.0,0.0,0.0,0.0,0.0,Optimal,3567.354144099998,3742376.15534414
6448,,97.58,0.0,0.0,3.9143595,0.0,0.0,0.0,0.0,0.0,0.0,0.0,0.0,0.0,Optimal,3567.354144099998,3742376.15534414
6449,,118.74,0.0,0.0,3.9143595,0.0,0.0,0.0,0.0,0.0,0.0,0.0,0.0,0.0,Optimal,3567.354144099998,3742376.15534414
6450,,174.08,30.0,0.0,32.71436,0.0,30.0,30.0,0.0,0.0,0.0,0.0,0.0,0.0,Optimal,3567.354144099998,3742376.15534414
6451,,199.39,30.0,0.0,61.51436,0.0,30.0,30.0,0.0,0.0,0.0,0.0,0.0,0.0,Optimal,3567.354144099998,3742376.15534414
6452,,131.84,13.394241,0.0,74.372831,0.0,13.394241,13.394241,0.0,0.0,0.0,0.0,0.0,0.0,Optimal,3567.354144099998,3742376.15534414
6453,,103.5,0.0,27.648,45.572831,27.648,0.0,-27.648,0.0,0.0,0.0,0.0,0.0,0.0,Optimal,3567.354144099998,3742376.15534414
6454,,98.0,30.0,0.0,74.372831,0.0,30.0,30.0,0.0,0.0,0.0,0.0,0.0,0.0,Optimal,3567.354144099998,3742376.15534414
6455,,88.94,0.0,0.0,74.372831,0.0,0.0,0.0,0.0,0.0,0.0,0.0,0.0,0.0,Optimal,3567.354144099998,3742376.15534414
6456,,58.52,0.0,0.0,74.372831,0.0,0.0,0.0,0.0,0.0,0.0,0.0,0.0,0.0,Optimal,3567.354144099998,3742376.15534414
6457,,50.82,0.0,0.0,74.372831,0.0,0.0,0.0,0.0,0.0,0.0,0.0,0.0,0.0,Optimal,3567.354144099998,3742376.15534414
6458,,45.86,0.0,0.0,74.372831,0.0,0.0,0.0,0.0,0.0,0.0,0.0,0.0,0.0,Optimal,3567.354144099998,3742376.15534414
6459,,43.07,0.0,30.0,43.122831,30.0,0.0,-30.0,0.0,0.0,0.0,0.0,0.0,0.0,Optimal,3567.354144099998,3742376.15534414
6460,,39.17,0.0,30.0,11.872831,30.0,0.0,-30.0,0.0,0.0,0.0,0.0,0.0,0.0,Optimal,3567.354144099998,3742376.15534414
6461,,43.4,0.0,7.6401325,3.9143595,7.6401325,0.0,-7.6401325,0.0,0.0,0.0,0.0,0.0,0.0,Optimal,3567.354144099998,3742376.15534414
6462,,66.15,13.394241,0.0,16.772831,0.0,13.394241,13.394241,0.0,0.0,0.0,0.0,0.0,0.0,Optimal,3567.354144099998,3742376.15534414
6463,,85.2,30.0,0.0,45.572831,0.0,30.0,30.0,0.0,0.0,0.0,0.0,0.0,0.0,Optimal,3567.354144099998,3742376.15534414
6464,,83.4,30.0,0.0,74.372831,0.0,30.0,30.0,0.0,0.0,0.0,0.0,0.0,0.0,Optimal,3567.354144099998,3742376.15534414
6465,,64.98,0.0,0.0,74.372831,0.0,0.0,0.0,0.0,0.0,0.0,0.0,0.0,0.0,Optimal,3567.354144099998,3742376.15534414
6466,,45.96,0.0,0.0,74.372831,0.0,0.0,0.0,0.0,0.0,0.0,0.0,0.0,0.0,Optimal,3567.354144099998,3742376.15534414
6467,,31.62,0.0,0.0,74.372831,0.0,0.0,0.0,0.0,0.0,0.0,0.0,0.0,0.0,Optimal,3567.354144099998,3742376.15534414
6468,,17.0,0.0,7.6401325,66.41436,7.6401325,0.0,-7.6401325,0.0,0.0,0.0,0.0,0.0,0.0,Optimal,3567.354144099998,3742376.15534414
6469,,11.9,0.0,30.0,35.16436,30.0,0.0,-30.0,0.0,0.0,0.0,0.0,0.0,0.0,Optimal,3567.354144099998,3742376.15534414
6470,,11.6,0.0,30.0,3.9143595,30.0,0.0,-30.0,0.0,0.0,0.0,0.0,0.0,0.0,Optimal,3567.354144099998,3742376.15534414
6471,,30.41,0.0,0.0,3.9143595,0.0,0.0,0.0,0.0,0.0,0.0,0.0,0.0,0.0,Optimal,3567.354144099998,3742376.15534414
6472,,47.0,0.0,0.0,3.9143595,0.0,0.0,0.0,0.0,0.0,0.0,0.0,0.0,0.0,Optimal,3567.354144099998,3742376.15534414
6473,,63.68,0.0,0.0,3.9143595,0.0,0.0,0.0,0.0,0.0,0.0,0.0,0.0,0.0,Optimal,3567.354144099998,3742376.15534414
6474,,80.0,13.394241,0.0,16.772831,0.0,13.394241,13.394241,0.0,0.0,0.0,0.0,0.0,0.0,Optimal,3567.354144099998,3742376.15534414
6475,,95.1,30.0,0.0,45.572831,0.0,30.0,30.0,0.0,0.0,0.0,0.0,0.0,0.0,Optimal,3567.354144099998,3742376.15534414
6476,,82.14,30.0,0.0,74.372831,0.0,30.0,30.0,0.0,0.0,0.0,0.0,0.0,0.0,Optimal,3567.354144099998,3742376.15534414
6477,,61.04,0.0,0.0,74.372831,0.0,0.0,0.0,0.0,0.0,0.0,0.0,0.0,0.0,Optimal,3567.354144099998,3742376.15534414
6478,,52.29,0.0,0.0,74.372831,0.0,0.0,0.0,0.0,0.0,0.0,0.0,0.0,0.0,Optimal,3567.354144099998,3742376.15534414
6479,,36.3,0.0,0.0,74.372831,0.0,0.0,0.0,0.0,0.0,0.0,0.0,0.0,0.0,Optimal,3567.354144099998,3742376.15534414
6480,,0.05,0.0,0.0,74.372831,0.0,0.0,0.0,0.0,0.0,0.0,0.0,0.0,0.0,Optimal,3567.354144099998,3742376.15534414
6481,,-0.11,0.0,0.0,74.372831,0.0,0.0,0.0,0.0,0.0,0.0,0.0,0.0,0.0,Optimal,3567.354144099998,3742376.15534414
6482,,-1.02,0.0,30.0,43.122831,30.0,0.0,-30.0,0.0,0.0,0.0,0.0,0.0,0.0,Optimal,3567.354144099998,3742376.15534414
6483,,-0.59,24.262009,0.0,66.41436,0.0,24.262009,24.262009,0.0,0.0,0.0,0.0,0.0,0.0,Optimal,3567.354144099998,3742376.15534414
6484,,-5.85,0.0,30.0,35.16436,30.0,0.0,-30.0,0.0,0.0,0.0,0.0,0.0,0.0,Optimal,3567.354144099998,3742376.15534414
6485,,-1.84,0.0,30.0,3.9143595,30.0,0.0,-30.0,0.0,0.0,0.0,0.0,0.0,0.0,Optimal,3567.354144099998,3742376.15534414
6486,,0.42,0.0,0.0,3.9143595,0.0,0.0,0.0,0.0,0.0,0.0,0.0,0.0,0.0,Optimal,3567.354144099998,3742376.15534414
6487,,25.42,30.0,0.0,32.71436,0.0,30.0,30.0,0.0,0.0,0.0,0.0,0.0,0.0,Optimal,3567.354144099998,3742376.15534414
6488,,40.54,30.0,0.0,61.51436,0.0,30.0,30.0,0.0,0.0,0.0,0.0,0.0,0.0,Optimal,3567.354144099998,3742376.15534414
6489,,7.78,13.394241,0.0,74.372831,0.0,13.394241,13.394241,0.0,0.0,0.0,0.0,0.0,0.0,Optimal,3567.354144099998,3742376.15534414
6490,,0.0,0.0,30.0,43.122831,30.0,0.0,-30.0,0.0,0.0,0.0,0.0,0.0,0.0,Optimal,3567.354144099998,3742376.15534414
6491,,-1.62,0.0,30.0,11.872831,30.0,0.0,-30.0,0.0,0.0,0.0,0.0,0.0,0.0,Optimal,3567.354144099998,3742376.15534414
6492,,0.0,0.0,7.6401325,3.9143595,7.6401325,0.0,-7.6401325,0.0,0.0,0.0,0.0,0.0,0.0,Optimal,3567.354144099998,3742376.15534414
6493,,0.3,0.0,0.0,3.9143595,0.0,0.0,0.0,0.0,0.0,0.0,0.0,0.0,0.0,Optimal,3567.354144099998,3742376.15534414
6494,,3.88,0.0,0.0,3.9143595,0.0,0.0,0.0,0.0,0.0,0.0,0.0,0.0,0.0,Optimal,3567.354144099998,3742376.15534414
6495,,4.93,0.0,0.0,3.9143595,0.0,0.0,0.0,0.0,0.0,0.0,0.0,0.0,0.0,Optimal,3567.354144099998,3742376.15534414
6496,,18.3,0.0,0.0,3.9143595,0.0,0.0,0.0,0.0,0.0,0.0,0.0,0.0,0.0,Optimal,3567.354144099998,3742376.15534414
6497,,52.97,0.0,0.0,3.9143595,0.0,0.0,0.0,0.0,0.0,0.0,0.0,0.0,0.0,Optimal,3567.354144099998,3742376.15534414
6498,,72.5,13.394241,0.0,16.772831,0.0,13.394241,13.394241,0.0,0.0,0.0,0.0,0.0,0.0,Optimal,3567.354144099998,3742376.15534414
6499,,78.96,30.0,0.0,45.572831,0.0,30.0,30.0,0.0,0.0,0.0,0.0,0.0,0.0,Optimal,3567.354144099998,3742376.15534414
6500,,72.73,30.0,0.0,74.372831,0.0,30.0,30.0,0.0,0.0,0.0,0.0,0.0,0.0,Optimal,3567.354144099998,3742376.15534414
6501,,44.72,0.0,27.648,45.572831,27.648,0.0,-27.648,0.0,0.0,0.0,0.0,0.0,0.0,Optimal,3567.354144099998,3742376.15534414
6502,,42.5,30.0,0.0,74.372831,0.0,30.0,30.0,0.0,0.0,0.0,0.0,0.0,0.0,Optimal,3567.354144099998,3742376.15534414
6503,,25.2,0.0,0.0,74.372831,0.0,0.0,0.0,0.0,0.0,0.0,0.0,0.0,0.0,Optimal,3567.354144099998,3742376.15534414
6504,,1.77,0.0,30.0,43.122831,30.0,0.0,-30.0,0.0,0.0,0.0,0.0,0.0,0.0,Optimal,3567.354144099998,3742376.15534414
6505,,3.03,0.0,30.0,11.872831,30.0,0.0,-30.0,0.0,0.0,0.0,0.0,0.0,0.0,Optimal,3567.354144099998,3742376.15534414
6506,,3.29,30.0,0.0,40.672831,0.0,30.0,30.0,0.0,0.0,0.0,0.0,0.0,0.0,Optimal,3567.354144099998,3742376.15534414
6507,,3.16,0.0,30.0,9.4228309,30.0,0.0,-30.0,0.0,0.0,0.0,0.0,0.0,0.0,Optimal,3567.354144099998,3742376.15534414
6508,,3.27,0.0,5.2881325,3.9143595,5.2881325,0.0,-5.2881325,0.0,0.0,0.0,0.0,0.0,0.0,Optimal,3567.354144099998,3742376.15534414
6509,,4.15,0.0,0.0,3.9143595,0.0,0.0,0.0,0.0,0.0,0.0,0.0,0.0,0.0,Optimal,3567.354144099998,3742376.15534414
6510,,11.96,0.0,0.0,3.9143595,0.0,0.0,0.0,0.0,0.0,0.0,0.0,0.0,0.0,Optimal,3567.354144099998,3742376.15534414
6511,,39.9,30.0,0.0,32.71436,0.0,30.0,30.0,0.0,0.0,0.0,0.0,0.0,0.0,Optimal,3567.354144099998,3742376.15534414
6512,,42.01,30.0,0.0,61.51436,0.0,30.0,30.0,0.0,0.0,0.0,0.0,0.0,0.0,Optimal,3567.354144099998,3742376.15534414
6513,,35.17,13.394241,0.0,74.372831,0.0,13.394241,13.394241,0.0,0.0,0.0,0.0,0.0,0.0,Optimal,3567.354144099998,3742376.15534414
6514,,9.83,0.0,0.0,74.372831,0.0,0.0,0.0,0.0,0.0,0.0,0.0,0.0,0.0,Optimal,3567.354144099998,3742376.15534414
6515,,3.82,0.0,0.0,74.372831,0.0,0.0,0.0,0.0,0.0,0.0,0.0,0.0,0.0,Optimal,3567.354144099998,3742376.15534414
6516,,0.66,0.0,0.0,74.372831,0.0,0.0,0.0,0.0,0.0,0.0,0.0,0.0,0.0,Optimal,3567.354144099998,3742376.15534414
6517,,0.0,0.0,30.0,43.122831,30.0,0.0,-30.0,0.0,0.0,0.0,0.0,0.0,0.0,Optimal,3567.354144099998,3742376.15534414
6518,,0.0,0.0,30.0,11.872831,30.0,0.0,-30.0,0.0,0.0,0.0,0.0,0.0,0.0,Optimal,3567.354144099998,3742376.15534414
6519,,0.06,0.0,7.6401325,3.9143595,7.6401325,0.0,-7.6401325,0.0,0.0,0.0,0.0,0.0,0.0,Optimal,3567.354144099998,3742376.15534414
6520,,9.83,0.0,0.0,3.9143595,0.0,0.0,0.0,0.0,0.0,0.0,0.0,0.0,0.0,Optimal,3567.354144099998,3742376.15534414
6521,,75.0,0.0,0.0,3.9143595,0.0,0.0,0.0,0.0,0.0,0.0,0.0,0.0,0.0,Optimal,3567.354144099998,3742376.15534414
6522,,105.2,13.394241,0.0,16.772831,0.0,13.394241,13.394241,0.0,0.0,0.0,0.0,0.0,0.0,Optimal,3567.354144099998,3742376.15534414
6523,,144.77,30.0,0.0,45.572831,0.0,30.0,30.0,0.0,0.0,0.0,0.0,0.0,0.0,Optimal,3567.354144099998,3742376.15534414
6524,,141.98,30.0,0.0,74.372831,0.0,30.0,30.0,0.0,0.0,0.0,0.0,0.0,0.0,Optimal,3567.354144099998,3742376.15534414
6525,,105.5,0.0,7.6401325,66.41436,7.6401325,0.0,-7.6401325,0.0,0.0,0.0,0.0,0.0,0.0,Optimal,3567.354144099998,3742376.15534414
6526,,94.5,0.0,30.0,35.16436,30.0,0.0,-30.0,0.0,0.0,0.0,0.0,0.0,0.0,Optimal,3567.354144099998,3742376.15534414
6527,,90.22,0.0,30.0,3.9143595,30.0,0.0,-30.0,0.0,0.0,0.0,0.0,0.0,0.0,Optimal,3567.354144099998,3742376.15534414
6528,,107.4,30.0,0.0,32.71436,0.0,30.0,30.0,0.0,0.0,0.0,0.0,0.0,0.0,Optimal,3567.354144099998,3742376.15534414
6529,,111.0,30.0,0.0,61.51436,0.0,30.0,30.0,0.0,0.0,0.0,0.0,0.0,0.0,Optimal,3567.354144099998,3742376.15534414
6530,,82.0,0.0,30.0,30.26436,30.0,0.0,-30.0,0.0,0.0,0.0,0.0,0.0,0.0,Optimal,3567.354144099998,3742376.15534414
6531,,99.3,15.946324,0.0,45.572831,0.0,15.946324,15.946324,0.0,0.0,0.0,0.0,0.0,0.0,Optimal,3567.354144099998,3742376.15534414
6532,,99.97,30.0,0.0,74.372831,0.0,30.0,30.0,0.0,0.0,0.0,0.0,0.0,0.0,Optimal,3567.354144099998,3742376.15534414
6533,,84.9,0.0,25.296,48.022831,25.296,0.0,-25.296,0.0,0.0,0.0,0.0,0.0,0.0,Optimal,3567.354144099998,3742376.15534414
6534,,75.1,0.0,30.0,16.772831,30.0,0.0,-30.0,0.0,0.0,0.0,0.0,0.0,0.0,Optimal,3567.354144099998,3742376.15534414
6535,,98.0,30.0,0.0,45.572831,0.0,30.0,30.0,0.0,0.0,0.0,0.0,0.0,0.0,Optimal,3567.354144099998,3742376.15534414
6536,,94.43,30.0,0.0,74.372831,0.0,30.0,30.0,0.0,0.0,0.0,0.0,0.0,0.0,Optimal,3567.354144099998,3742376.15534414
6537,,54.43,0.0,0.0,74.372831,0.0,0.0,0.0,0.0,0.0,0.0,0.0,0.0,0.0,Optimal,3567.354144099998,3742376.15534414
6538,,1.33,0.0,0.0,74.372831,0.0,0.0,0.0,0.0,0.0,0.0,0.0,0.0,0.0,Optimal,3567.354144099998,3742376.15534414
6539,,0.0,0.0,0.0,74.372831,0.0,0.0,0.0,0.0,0.0,0.0,0.0,0.0,0.0,Optimal,3567.354144099998,3742376.15534414
6540,,-0.01,0.0,7.6401325,66.41436,7.6401325,0.0,-7.6401325,0.0,0.0,0.0,0.0,0.0,0.0,Optimal,3567.354144099998,3742376.15534414
6541,,-0.5,0.0,30.0,35.16436,30.0,0.0,-30.0,0.0,0.0,0.0,0.0,0.0,0.0,Optimal,3567.354144099998,3742376.15534414
6542,,-0.45,0.0,30.0,3.9143595,30.0,0.0,-30.0,0.0,0.0,0.0,0.0,0.0,0.0,Optimal,3567.354144099998,3742376.15534414
6543,,0.0,0.0,0.0,3.9143595,0.0,0.0,0.0,0.0,0.0,0.0,0.0,0.0,0.0,Optimal,3567.354144099998,3742376.15534414
6544,,42.63,0.0,0.0,3.9143595,0.0,0.0,0.0,0.0,0.0,0.0,0.0,0.0,0.0,Optimal,3567.354144099998,3742376.15534414
6545,,96.61,0.0,0.0,3.9143595,0.0,0.0,0.0,0.0,0.0,0.0,0.0,0.0,0.0,Optimal,3567.354144099998,3742376.15534414
6546,,150.6,30.0,0.0,32.71436,0.0,30.0,30.0,0.0,0.0,0.0,0.0,0.0,0.0,Optimal,3567.354144099998,3742376.15534414
6547,,166.16,30.0,0.0,61.51436,0.0,30.0,30.0,0.0,0.0,0.0,0.0,0.0,0.0,Optimal,3567.354144099998,3742376.15534414
6548,,109.09,13.394241,0.0,74.372831,0.0,13.394241,13.394241,0.0,0.0,0.0,0.0,0.0,0.0,Optimal,3567.354144099998,3742376.15534414
6549,,79.64,0.0,0.0,74.372831,0.0,0.0,0.0,0.0,0.0,0.0,0.0,0.0,0.0,Optimal,3567.354144099998,3742376.15534414
6550,,65.0,0.0,0.0,74.372831,0.0,0.0,0.0,0.0,0.0,0.0,0.0,0.0,0.0,Optimal,3567.354144099998,3742376.15534414
6551,,37.36,0.0,0.0,74.372831,0.0,0.0,0.0,0.0,0.0,0.0,0.0,0.0,0.0,Optimal,3567.354144099998,3742376.15534414
6552,,18.57,0.0,0.0,74.372831,0.0,0.0,0.0,0.0,0.0,0.0,0.0,0.0,0.0,Optimal,3567.354144099998,3742376.15534414
6553,,10.82,0.0,0.0,74.372831,0.0,0.0,0.0,0.0,0.0,0.0,0.0,0.0,0.0,Optimal,3567.354144099998,3742376.15534414
6554,,8.08,0.0,7.6401325,66.41436,7.6401325,0.0,-7.6401325,0.0,0.0,0.0,0.0,0.0,0.0,Optimal,3567.354144099998,3742376.15534414
6555,,5.23,0.0,30.0,35.16436,30.0,0.0,-30.0,0.0,0.0,0.0,0.0,0.0,0.0,Optimal,3567.354144099998,3742376.15534414
6556,,5.8,0.0,30.0,3.9143595,30.0,0.0,-30.0,0.0,0.0,0.0,0.0,0.0,0.0,Optimal,3567.354144099998,3742376.15534414
6557,,17.32,0.0,0.0,3.9143595,0.0,0.0,0.0,0.0,0.0,0.0,0.0,0.0,0.0,Optimal,3567.354144099998,3742376.15534414
6558,,46.4,0.0,0.0,3.9143595,0.0,0.0,0.0,0.0,0.0,0.0,0.0,0.0,0.0,Optimal,3567.354144099998,3742376.15534414
6559,,83.58,30.0,0.0,32.71436,0.0,30.0,30.0,0.0,0.0,0.0,0.0,0.0,0.0,Optimal,3567.354144099998,3742376.15534414
6560,,88.91,30.0,0.0,61.51436,0.0,30.0,30.0,0.0,0.0,0.0,0.0,0.0,0.0,Optimal,3567.354144099998,3742376.15534414
6561,,63.27,13.394241,0.0,74.372831,0.0,13.394241,13.394241,0.0,0.0,0.0,0.0,0.0,0.0,Optimal,3567.354144099998,3742376.15534414
6562,,39.09,0.0,0.0,74.372831,0.0,0.0,0.0,0.0,0.0,0.0,0.0,0.0,0.0,Optimal,3567.354144099998,3742376.15534414
6563,,18.4,0.0,0.0,74.372831,0.0,0.0,0.0,0.0,0.0,0.0,0.0,0.0,0.0,Optimal,3567.354144099998,3742376.15534414
6564,,9.28,0.0,30.0,43.122831,30.0,0.0,-30.0,0.0,0.0,0.0,0.0,0.0,0.0,Optimal,3567.354144099998,3742376.15534414
6565,,2.06,0.0,30.0,11.872831,30.0,0.0,-30.0,0.0,0.0,0.0,0.0,0.0,0.0,Optimal,3567.354144099998,3742376.15534414
6566,,15.0,0.0,7.6401325,3.9143595,7.6401325,0.0,-7.6401325,0.0,0.0,0.0,0.0,0.0,0.0,Optimal,3567.354144099998,3742376.15534414
6567,,26.0,0.0,0.0,3.9143595,0.0,0.0,0.0,0.0,0.0,0.0,0.0,0.0,0.0,Optimal,3567.354144099998,3742376.15534414
6568,,59.0,0.0,0.0,3.9143595,0.0,0.0,0.0,0.0,0.0,0.0,0.0,0.0,0.0,Optimal,3567.354144099998,3742376.15534414
6569,,88.0,30.0,0.0,32.71436,0.0,30.0,30.0,0.0,0.0,0.0,0.0,0.0,0.0,Optimal,3567.354144099998,3742376.15534414
6570,,79.9,30.0,0.0,61.51436,0.0,30.0,30.0,0.0,0.0,0.0,0.0,0.0,0.0,Optimal,3567.354144099998,3742376.15534414
6571,,66.56,13.394241,0.0,74.372831,0.0,13.394241,13.394241,0.0,0.0,0.0,0.0,0.0,0.0,Optimal,3567.354144099998,3742376.15534414
6572,,50.0,0.0,0.0,74.372831,0.0,0.0,0.0,0.0,0.0,0.0,0.0,0.0,0.0,Optimal,3567.354144099998,3742376.15534414
6573,,25.74,0.0,0.0,74.372831,0.0,0.0,0.0,0.0,0.0,0.0,0.0,0.0,0.0,Optimal,3567.354144099998,3742376.15534414
6574,,20.86,0.0,0.0,74.372831,0.0,0.0,0.0,0.0,0.0,0.0,0.0,0.0,0.0,Optimal,3567.354144099998,3742376.15534414
6575,,9.84,0.0,0.0,74.372831,0.0,0.0,0.0,0.0,0.0,0.0,0.0,0.0,0.0,Optimal,3567.354144099998,3742376.15534414
6576,,3.21,0.0,0.0,74.372831,0.0,0.0,0.0,0.0,0.0,0.0,0.0,0.0,0.0,Optimal,3567.354144099998,3742376.15534414
6577,,0.07,0.0,7.6401325,66.41436,7.6401325,0.0,-7.6401325,0.0,0.0,0.0,0.0,0.0,0.0,Optimal,3567.354144099998,3742376.15534414
6578,,0.05,0.0,30.0,35.16436,30.0,0.0,-30.0,0.0,0.0,0.0,0.0,0.0,0.0,Optimal,3567.354144099998,3742376.15534414
6579,,0.02,0.0,30.0,3.9143595,30.0,0.0,-30.0,0.0,0.0,0.0,0.0,0.0,0.0,Optimal,3567.354144099998,3742376.15534414
6580,,0.09,0.0,0.0,3.9143595,0.0,0.0,0.0,0.0,0.0,0.0,0.0,0.0,0.0,Optimal,3567.354144099998,3742376.15534414
6581,,5.9,0.0,0.0,3.9143595,0.0,0.0,0.0,0.0,0.0,0.0,0.0,0.0,0.0,Optimal,3567.354144099998,3742376.15534414
6582,,62.8,0.0,0.0,3.9143595,0.0,0.0,0.0,0.0,0.0,0.0,0.0,0.0,0.0,Optimal,3567.354144099998,3742376.15534414
6583,,104.42,30.0,0.0,32.71436,0.0,30.0,30.0,0.0,0.0,0.0,0.0,0.0,0.0,Optimal,3567.354144099998,3742376.15534414
6584,,114.92,30.0,0.0,61.51436,0.0,30.0,30.0,0.0,0.0,0.0,0.0,0.0,0.0,Optimal,3567.354144099998,3742376.15534414
6585,,100.32,13.394241,0.0,74.372831,0.0,13.394241,13.394241,0.0,0.0,0.0,0.0,0.0,0.0,Optimal,3567.354144099998,3742376.15534414
6586,,76.41,0.0,0.0,74.372831,0.0,0.0,0.0,0.0,0.0,0.0,0.0,0.0,0.0,Optimal,3567.354144099998,3742376.15534414
6587,,68.69,0.0,0.0,74.372831,0.0,0.0,0.0,0.0,0.0,0.0,0.0,0.0,0.0,Optimal,3567.354144099998,3742376.15534414
6588,,58.8,0.0,7.6401325,66.41436,7.6401325,0.0,-7.6401325,0.0,0.0,0.0,0.0,0.0,0.0,Optimal,3567.354144099998,3742376.15534414
6589,,55.6,0.0,30.0,35.16436,30.0,0.0,-30.0,0.0,0.0,0.0,0.0,0.0,0.0,Optimal,3567.354144099998,3742376.15534414
6590,,56.45,0.0,30.0,3.9143595,30.0,0.0,-30.0,0.0,0.0,0.0,0.0,0.0,0.0,Optimal,3567.354144099998,3742376.15534414
6591,,61.63,0.0,0.0,3.9143595,0.0,0.0,0.0,0.0,0.0,0.0,0.0,0.0,0.0,Optimal,3567.354144099998,3742376.15534414
6592,,93.33,0.0,0.0,3.9143595,0.0,0.0,0.0,0.0,0.0,0.0,0.0,0.0,0.0,Optimal,3567.354144099998,3742376.15534414
6593,,105.42,0.0,0.0,3.9143595,0.0,0.0,0.0,0.0,0.0,0.0,0.0,0.0,0.0,Optimal,3567.354144099998,3742376.15534414
6594,,130.6,30.0,0.0,32.71436,0.0,30.0,30.0,0.0,0.0,0.0,0.0,0.0,0.0,Optimal,3567.354144099998,3742376.15534414
6595,,139.25,30.0,0.0,61.51436,0.0,30.0,30.0,0.0,0.0,0.0,0.0,0.0,0.0,Optimal,3567.354144099998,3742376.15534414
6596,,119.37,13.394241,0.0,74.372831,0.0,13.394241,13.394241,0.0,0.0,0.0,0.0,0.0,0.0,Optimal,3567.354144099998,3742376.15534414
6597,,92.57,0.0,27.648,45.572831,27.648,0.0,-27.648,0.0,0.0,0.0,0.0,0.0,0.0,Optimal,3567.354144099998,3742376.15534414
6598,,91.45,30.0,0.0,74.372831,0.0,30.0,30.0,0.0,0.0,0.0,0.0,0.0,0.0,Optimal,3567.354144099998,3742376.15534414
6599,,76.24,0.0,30.0,43.122831,30.0,0.0,-30.0,0.0,0.0,0.0,0.0,0.0,0.0,Optimal,3567.354144099998,3742376.15534414
6600,,85.38,0.0,25.296,16.772831,25.296,0.0,-25.296,0.0,0.0,0.0,0.0,0.0,0.0,Optimal,3567.354144099998,3742376.15534414
6601,,88.0,30.0,0.0,45.572831,0.0,30.0,30.0,0.0,0.0,0.0,0.0,0.0,0.0,Optimal,3567.354144099998,3742376.15534414
6602,,85.6,30.0,0.0,74.372831,0.0,30.0,30.0,0.0,0.0,0.0,0.0,0.0,0.0,Optimal,3567.354144099998,3742376.15534414
6603,,81.0,0.0,7.6401325,66.41436,7.6401325,0.0,-7.6401325,0.0,0.0,0.0,0.0,0.0,0.0,Optimal,3567.354144099998,3742376.15534414
6604,,78.38,0.0,30.0,35.16436,30.0,0.0,-30.0,0.0,0.0,0.0,0.0,0.0,0.0,Optimal,3567.354144099998,3742376.15534414
6605,,80.8,0.0,30.0,3.9143595,30.0,0.0,-30.0,0.0,0.0,0.0,0.0,0.0,0.0,Optimal,3567.354144099998,3742376.15534414
6606,,97.65,0.0,0.0,3.9143595,0.0,0.0,0.0,0.0,0.0,0.0,0.0,0.0,0.0,Optimal,3567.354144099998,3742376.15534414
6607,,119.9,30.0,0.0,32.71436,0.0,30.0,30.0,0.0,0.0,0.0,0.0,0.0,0.0,Optimal,3567.354144099998,3742376.15534414
6608,,133.72,30.0,0.0,61.51436,0.0,30.0,30.0,0.0,0.0,0.0,0.0,0.0,0.0,Optimal,3567.354144099998,3742376.15534414
6609,,116.23,13.394241,0.0,74.372831,0.0,13.394241,13.394241,0.0,0.0,0.0,0.0,0.0,0.0,Optimal,3567.354144099998,3742376.15534414
6610,,97.0,0.0,27.648,45.572831,27.648,0.0,-27.648,0.0,0.0,0.0,0.0,0.0,0.0,Optimal,3567.354144099998,3742376.15534414
6611,,95.4,30.0,0.0,74.372831,0.0,30.0,30.0,0.0,0.0,0.0,0.0,0.0,0.0,Optimal,3567.354144099998,3742376.15534414
6612,,88.0,0.0,5.2881325,68.86436,5.2881325,0.0,-5.2881325,0.0,0.0,0.0,0.0,0.0,0.0,Optimal,3567.354144099998,3742376.15534414
6613,,80.57,0.0,30.0,37.61436,30.0,0.0,-30.0,0.0,0.0,0.0,0.0,0.0,0.0,Optimal,3567.354144099998,3742376.15534414
6614,,79.0,0.0,30.0,6.3643595,30.0,0.0,-30.0,0.0,0.0,0.0,0.0,0.0,0.0,Optimal,3567.354144099998,3742376.15534414
6615,,81.43,30.0,0.0,35.16436,0.0,30.0,30.0,0.0,0.0,0.0,0.0,0.0,0.0,Optimal,3567.354144099998,3742376.15534414
6616,,81.58,0.0,30.0,3.9143595,30.0,0.0,-30.0,0.0,0.0,0.0,0.0,0.0,0.0,Optimal,3567.354144099998,3742376.15534414
6617,,99.09,0.0,0.0,3.9143595,0.0,0.0,0.0,0.0,0.0,0.0,0.0,0.0,0.0,Optimal,3567.354144099998,3742376.15534414
6618,,117.01,30.0,0.0,32.71436,0.0,30.0,30.0,0.0,0.0,0.0,0.0,0.0,0.0,Optimal,3567.354144099998,3742376.15534414
6619,,130.07,30.0,0.0,61.51436,0.0,30.0,30.0,0.0,0.0,0.0,0.0,0.0,0.0,Optimal,3567.354144099998,3742376.15534414
6620,,114.37,13.394241,0.0,74.372831,0.0,13.394241,13.394241,0.0,0.0,0.0,0.0,0.0,0.0,Optimal,3567.354144099998,3742376.15534414
6621,,96.41,0.0,27.648,45.572831,27.648,0.0,-27.648,0.0,0.0,0.0,0.0,0.0,0.0,Optimal,3567.354144099998,3742376.15534414
6622,,93.42,30.0,0.0,74.372831,0.0,30.0,30.0,0.0,0.0,0.0,0.0,0.0,0.0,Optimal,3567.354144099998,3742376.15534414
6623,,85.0,0.0,0.0,74.372831,0.0,0.0,0.0,0.0,0.0,0.0,0.0,0.0,0.0,Optimal,3567.354144099998,3742376.15534414
6624,,66.0,0.0,30.0,43.122831,30.0,0.0,-30.0,0.0,0.0,0.0,0.0,0.0,0.0,Optimal,3567.354144099998,3742376.15534414
6625,,63.8,0.0,30.0,11.872831,30.0,0.0,-30.0,0.0,0.0,0.0,0.0,0.0,0.0,Optimal,3567.354144099998,3742376.15534414
6626,,79.9,30.0,0.0,40.672831,0.0,30.0,30.0,0.0,0.0,0.0,0.0,0.0,0.0,Optimal,3567.354144099998,3742376.15534414
6627,,80.0,0.0,30.0,9.4228309,30.0,0.0,-30.0,0.0,0.0,0.0,0.0,0.0,0.0,Optimal,3567.354144099998,3742376.15534414
6628,,80.1,0.0,5.2881325,3.9143595,5.2881325,0.0,-5.2881325,0.0,0.0,0.0,0.0,0.0,0.0,Optimal,3567.354144099998,3742376.15534414
6629,,86.0,30.0,0.0,32.71436,0.0,30.0,30.0,0.0,0.0,0.0,0.0,0.0,0.0,Optimal,3567.354144099998,3742376.15534414
6630,,88.67,0.0,27.648,3.9143595,27.648,0.0,-27.648,0.0,0.0,0.0,0.0,0.0,0.0,Optimal,3567.354144099998,3742376.15534414
6631,,125.9,30.0,0.0,32.71436,0.0,30.0,30.0,0.0,0.0,0.0,0.0,0.0,0.0,Optimal,3567.354144099998,3742376.15534414
6632,,143.48,30.0,0.0,61.51436,0.0,30.0,30.0,0.0,0.0,0.0,0.0,0.0,0.0,Optimal,3567.354144099998,3742376.15534414
6633,,107.68,13.394241,0.0,74.372831,0.0,13.394241,13.394241,0.0,0.0,0.0,0.0,0.0,0.0,Optimal,3567.354144099998,3742376.15534414
6634,,70.1,0.0,0.0,74.372831,0.0,0.0,0.0,0.0,0.0,0.0,0.0,0.0,0.0,Optimal,3567.354144099998,3742376.15534414
6635,,62.22,0.0,0.0,74.372831,0.0,0.0,0.0,0.0,0.0,0.0,0.0,0.0,0.0,Optimal,3567.354144099998,3742376.15534414
6636,,47.01,0.0,7.6401325,66.41436,7.6401325,0.0,-7.6401325,0.0,0.0,0.0,0.0,0.0,0.0,Optimal,3567.354144099998,3742376.15534414
6637,,34.99,0.0,30.0,35.16436,30.0,0.0,-30.0,0.0,0.0,0.0,0.0,0.0,0.0,Optimal,3567.354144099998,3742376.15534414
6638,,38.34,0.0,30.0,3.9143595,30.0,0.0,-30.0,0.0,0.0,0.0,0.0,0.0,0.0,Optimal,3567.354144099998,3742376.15534414
6639,,47.13,0.0,0.0,3.9143595,0.0,0.0,0.0,0.0,0.0,0.0,0.0,0.0,0.0,Optimal,3567.354144099998,3742376.15534414
6640,,70.27,0.0,0.0,3.9143595,0.0,0.0,0.0,0.0,0.0,0.0,0.0,0.0,0.0,Optimal,3567.354144099998,3742376.15534414
6641,,99.9,0.0,0.0,3.9143595,0.0,0.0,0.0,0.0,0.0,0.0,0.0,0.0,0.0,Optimal,3567.354144099998,3742376.15534414
6642,,121.46,13.394241,0.0,16.772831,0.0,13.394241,13.394241,0.0,0.0,0.0,0.0,0.0,0.0,Optimal,3567.354144099998,3742376.15534414
6643,,140.0,30.0,0.0,45.572831,0.0,30.0,30.0,0.0,0.0,0.0,0.0,0.0,0.0,Optimal,3567.354144099998,3742376.15534414
6644,,123.6,30.0,0.0,74.372831,0.0,30.0,30.0,0.0,0.0,0.0,0.0,0.0,0.0,Optimal,3567.354144099998,3742376.15534414
6645,,101.0,0.0,27.648,45.572831,27.648,0.0,-27.648,0.0,0.0,0.0,0.0,0.0,0.0,Optimal,3567.354144099998,3742376.15534414
6646,,97.62,30.0,0.0,74.372831,0.0,30.0,30.0,0.0,0.0,0.0,0.0,0.0,0.0,Optimal,3567.354144099998,3742376.15534414
6647,,90.0,0.0,0.0,74.372831,0.0,0.0,0.0,0.0,0.0,0.0,0.0,0.0,0.0,Optimal,3567.354144099998,3742376.15534414
6648,,75.1,0.0,30.0,43.122831,30.0,0.0,-30.0,0.0,0.0,0.0,0.0,0.0,0.0,Optimal,3567.354144099998,3742376.15534414
6649,,72.52,0.0,30.0,11.872831,30.0,0.0,-30.0,0.0,0.0,0.0,0.0,0.0,0.0,Optimal,3567.354144099998,3742376.15534414
6650,,76.6,26.814092,0.0,37.61436,0.0,26.814092,26.814092,0.0,0.0,0.0,0.0,0.0,0.0,Optimal,3567.354144099998,3742376.15534414
6651,,79.9,30.0,0.0,66.41436,0.0,30.0,30.0,0.0,0.0,0.0,0.0,0.0,0.0,Optimal,3567.354144099998,3742376.15534414
6652,,72.33,0.0,30.0,35.16436,30.0,0.0,-30.0,0.0,0.0,0.0,0.0,0.0,0.0,Optimal,3567.354144099998,3742376.15534414
6653,,77.1,0.0,30.0,3.9143595,30.0,0.0,-30.0,0.0,0.0,0.0,0.0,0.0,0.0,Optimal,3567.354144099998,3742376.15534414
6654,,103.0,0.0,0.0,3.9143595,0.0,0.0,0.0,0.0,0.0,0.0,0.0,0.0,0.0,Optimal,3567.354144099998,3742376.15534414
6655,,127.08,30.0,0.0,32.71436,0.0,30.0,30.0,0.0,0.0,0.0,0.0,0.0,0.0,Optimal,3567.354144099998,3742376.15534414
6656,,141.42,30.0,0.0,61.51436,0.0,30.0,30.0,0.0,0.0,0.0,0.0,0.0,0.0,Optimal,3567.354144099998,3742376.15534414
6657,,116.43,13.394241,0.0,74.372831,0.0,13.394241,13.394241,0.0,0.0,0.0,0.0,0.0,0.0,Optimal,3567.354144099998,3742376.15534414
6658,,100.15,0.0,0.0,74.372831,0.0,0.0,0.0,0.0,0.0,0.0,0.0,0.0,0.0,Optimal,3567.354144099998,3742376.15534414
6659,,83.98,0.0,0.0,74.372831,0.0,0.0,0.0,0.0,0.0,0.0,0.0,0.0,0.0,Optimal,3567.354144099998,3742376.15534414
6660,,74.13,0.0,30.0,43.122831,30.0,0.0,-30.0,0.0,0.0,0.0,0.0,0.0,0.0,Optimal,3567.354144099998,3742376.15534414
6661,,71.44,0.0,30.0,11.872831,30.0,0.0,-30.0,0.0,0.0,0.0,0.0,0.0,0.0,Optimal,3567.354144099998,3742376.15534414
6662,,72.44,24.262009,0.0,35.16436,0.0,24.262009,24.262009,0.0,0.0,0.0,0.0,0.0,0.0,Optimal,3567.354144099998,3742376.15534414
6663,,74.98,0.0,30.0,3.9143595,30.0,0.0,-30.0,0.0,0.0,0.0,0.0,0.0,0.0,Optimal,3567.354144099998,3742376.15534414
6664,,85.67,0.0,0.0,3.9143595,0.0,0.0,0.0,0.0,0.0,0.0,0.0,0.0,0.0,Optimal,3567.354144099998,3742376.15534414
6665,,104.42,0.0,0.0,3.9143595,0.0,0.0,0.0,0.0,0.0,0.0,0.0,0.0,0.0,Optimal,3567.354144099998,3742376.15534414
6666,,129.18,30.0,0.0,32.71436,0.0,30.0,30.0,0.0,0.0,0.0,0.0,0.0,0.0,Optimal,3567.354144099998,3742376.15534414
6667,,148.0,30.0,0.0,61.51436,0.0,30.0,30.0,0.0,0.0,0.0,0.0,0.0,0.0,Optimal,3567.354144099998,3742376.15534414
6668,,123.7,13.394241,0.0,74.372831,0.0,13.394241,13.394241,0.0,0.0,0.0,0.0,0.0,0.0,Optimal,3567.354144099998,3742376.15534414
6669,,99.9,0.0,27.648,45.572831,27.648,0.0,-27.648,0.0,0.0,0.0,0.0,0.0,0.0,Optimal,3567.354144099998,3742376.15534414
6670,,99.9,30.0,0.0,74.372831,0.0,30.0,30.0,0.0,0.0,0.0,0.0,0.0,0.0,Optimal,3567.354144099998,3742376.15534414
6671,,90.0,0.0,27.648,45.572831,27.648,0.0,-27.648,0.0,0.0,0.0,0.0,0.0,0.0,Optimal,3567.354144099998,3742376.15534414
6672,,93.1,30.0,0.0,74.372831,0.0,30.0,30.0,0.0,0.0,0.0,0.0,0.0,0.0,Optimal,3567.354144099998,3742376.15534414
6673,,84.64,0.0,27.648,45.572831,27.648,0.0,-27.648,0.0,0.0,0.0,0.0,0.0,0.0,Optimal,3567.354144099998,3742376.15534414
6674,,81.4,30.0,0.0,74.372831,0.0,30.0,30.0,0.0,0.0,0.0,0.0,0.0,0.0,Optimal,3567.354144099998,3742376.15534414
6675,,75.54,0.0,30.0,43.122831,30.0,0.0,-30.0,0.0,0.0,0.0,0.0,0.0,0.0,Optimal,3567.354144099998,3742376.15534414
6676,,75.72,0.0,30.0,11.872831,30.0,0.0,-30.0,0.0,0.0,0.0,0.0,0.0,0.0,Optimal,3567.354144099998,3742376.15534414
6677,,79.82,0.0,7.6401325,3.9143595,7.6401325,0.0,-7.6401325,0.0,0.0,0.0,0.0,0.0,0.0,Optimal,3567.354144099998,3742376.15534414
6678,,86.2,0.0,0.0,3.9143595,0.0,0.0,0.0,0.0,0.0,0.0,0.0,0.0,0.0,Optimal,3567.354144099998,3742376.15534414
6679,,100.4,13.394241,0.0,16.772831,0.0,13.394241,13.394241,0.0,0.0,0.0,0.0,0.0,0.0,Optimal,3567.354144099998,3742376.15534414
6680,,110.62,30.0,0.0,45.572831,0.0,30.0,30.0,0.0,0.0,0.0,0.0,0.0,0.0,Optimal,3567.354144099998,3742376.15534414
6681,,101.73,30.0,0.0,74.372831,0.0,30.0,30.0,0.0,0.0,0.0,0.0,0.0,0.0,Optimal,3567.354144099998,3742376.15534414
6682,,80.08,0.0,0.0,74.372831,0.0,0.0,0.0,0.0,0.0,0.0,0.0,0.0,0.0,Optimal,3567.354144099998,3742376.15534414
6683,,60.0,0.0,0.0,74.372831,0.0,0.0,0.0,0.0,0.0,0.0,0.0,0.0,0.0,Optimal,3567.354144099998,3742376.15534414
6684,,42.21,0.0,7.6401325,66.41436,7.6401325,0.0,-7.6401325,0.0,0.0,0.0,0.0,0.0,0.0,Optimal,3567.354144099998,3742376.15534414
6685,,36.0,0.0,30.0,35.16436,30.0,0.0,-30.0,0.0,0.0,0.0,0.0,0.0,0.0,Optimal,3567.354144099998,3742376.15534414
6686,,26.0,0.0,30.0,3.9143595,30.0,0.0,-30.0,0.0,0.0,0.0,0.0,0.0,0.0,Optimal,3567.354144099998,3742376.15534414
6687,,56.11,0.0,0.0,3.9143595,0.0,0.0,0.0,0.0,0.0,0.0,0.0,0.0,0.0,Optimal,3567.354144099998,3742376.15534414
6688,,72.55,0.0,0.0,3.9143595,0.0,0.0,0.0,0.0,0.0,0.0,0.0,0.0,0.0,Optimal,3567.354144099998,3742376.15534414
6689,,92.55,0.0,0.0,3.9143595,0.0,0.0,0.0,0.0,0.0,0.0,0.0,0.0,0.0,Optimal,3567.354144099998,3742376.15534414
6690,,138.07,30.0,0.0,32.71436,0.0,30.0,30.0,0.0,0.0,0.0,0.0,0.0,0.0,Optimal,3567.354144099998,3742376.15534414
6691,,137.97,30.0,0.0,61.51436,0.0,30.0,30.0,0.0,0.0,0.0,0.0,0.0,0.0,Optimal,3567.354144099998,3742376.15534414
6692,,106.35,13.394241,0.0,74.372831,0.0,13.394241,13.394241,0.0,0.0,0.0,0.0,0.0,0.0,Optimal,3567.354144099998,3742376.15534414
6693,,94.57,0.0,0.0,74.372831,0.0,0.0,0.0,0.0,0.0,0.0,0.0,0.0,0.0,Optimal,3567.354144099998,3742376.15534414
6694,,84.29,0.0,0.0,74.372831,0.0,0.0,0.0,0.0,0.0,0.0,0.0,0.0,0.0,Optimal,3567.354144099998,3742376.15534414
6695,,67.0,0.0,27.648,45.572831,27.648,0.0,-27.648,0.0,0.0,0.0,0.0,0.0,0.0,Optimal,3567.354144099998,3742376.15534414
6696,,65.12,30.0,0.0,74.372831,0.0,30.0,30.0,0.0,0.0,0.0,0.0,0.0,0.0,Optimal,3567.354144099998,3742376.15534414
6697,,60.65,0.0,30.0,43.122831,30.0,0.0,-30.0,0.0,0.0,0.0,0.0,0.0,0.0,Optimal,3567.354144099998,3742376.15534414
6698,,59.1,30.0,0.0,71.922831,0.0,30.0,30.0,0.0,0.0,0.0,0.0,0.0,0.0,Optimal,3567.354144099998,3742376.15534414
6699,,58.13,0.0,30.0,40.672831,30.0,0.0,-30.0,0.0,0.0,0.0,0.0,0.0,0.0,Optimal,3567.354144099998,3742376.15534414
6700,,56.93,0.0,30.0,9.4228309,30.0,0.0,-30.0,0.0,0.0,0.0,0.0,0.0,0.0,Optimal,3567.354144099998,3742376.15534414
6701,,58.13,26.814092,0.0,35.16436,0.0,26.814092,26.814092,0.0,0.0,0.0,0.0,0.0,0.0,Optimal,3567.354144099998,3742376.15534414
6702,,57.93,0.0,30.0,3.9143595,30.0,0.0,-30.0,0.0,0.0,0.0,0.0,0.0,0.0,Optimal,3567.354144099998,3742376.15534414
6703,,66.35,30.0,0.0,32.71436,0.0,30.0,30.0,0.0,0.0,0.0,0.0,0.0,0.0,Optimal,3567.354144099998,3742376.15534414
6704,,70.1,30.0,0.0,61.51436,0.0,30.0,30.0,0.0,0.0,0.0,0.0,0.0,0.0,Optimal,3567.354144099998,3742376.15534414
6705,,59.9,13.394241,0.0,74.372831,0.0,13.394241,13.394241,0.0,0.0,0.0,0.0,0.0,0.0,Optimal,3567.354144099998,3742376.15534414
6706,,35.0,0.0,0.0,74.372831,0.0,0.0,0.0,0.0,0.0,0.0,0.0,0.0,0.0,Optimal,3567.354144099998,3742376.15534414
6707,,16.68,0.0,0.0,74.372831,0.0,0.0,0.0,0.0,0.0,0.0,0.0,0.0,0.0,Optimal,3567.354144099998,3742376.15534414
6708,,5.25,0.0,0.0,74.372831,0.0,0.0,0.0,0.0,0.0,0.0,0.0,0.0,0.0,Optimal,3567.354144099998,3742376.15534414
6709,,-0.01,0.0,30.0,43.122831,30.0,0.0,-30.0,0.0,0.0,0.0,0.0,0.0,0.0,Optimal,3567.354144099998,3742376.15534414
6710,,-0.01,0.0,30.0,11.872831,30.0,0.0,-30.0,0.0,0.0,0.0,0.0,0.0,0.0,Optimal,3567.354144099998,3742376.15534414
6711,,0.2,0.0,7.6401325,3.9143595,7.6401325,0.0,-7.6401325,0.0,0.0,0.0,0.0,0.0,0.0,Optimal,3567.354144099998,3742376.15534414
6712,,53.1,0.0,0.0,3.9143595,0.0,0.0,0.0,0.0,0.0,0.0,0.0,0.0,0.0,Optimal,3567.354144099998,3742376.15534414
6713,,82.78,0.0,0.0,3.9143595,0.0,0.0,0.0,0.0,0.0,0.0,0.0,0.0,0.0,Optimal,3567.354144099998,3742376.15534414
6714,,106.3,30.0,0.0,32.71436,0.0,30.0,30.0,0.0,0.0,0.0,0.0,0.0,0.0,Optimal,3567.354144099998,3742376.15534414
6715,,106.3,30.0,0.0,61.51436,0.0,30.0,30.0,0.0,0.0,0.0,0.0,0.0,0.0,Optimal,3567.354144099998,3742376.15534414
6716,,97.6,13.394241,0.0,74.372831,0.0,13.394241,13.394241,0.0,0.0,0.0,0.0,0.0,0.0,Optimal,3567.354144099998,3742376.15534414
6717,,76.3,0.0,0.0,74.372831,0.0,0.0,0.0,0.0,0.0,0.0,0.0,0.0,0.0,Optimal,3567.354144099998,3742376.15534414
6718,,64.9,0.0,0.0,74.372831,0.0,0.0,0.0,0.0,0.0,0.0,0.0,0.0,0.0,Optimal,3567.354144099998,3742376.15534414
6719,,51.71,0.0,0.0,74.372831,0.0,0.0,0.0,0.0,0.0,0.0,0.0,0.0,0.0,Optimal,3567.354144099998,3742376.15534414
6720,,34.58,0.0,27.648,45.572831,27.648,0.0,-27.648,0.0,0.0,0.0,0.0,0.0,0.0,Optimal,3567.354144099998,3742376.15534414
6721,,35.34,30.0,0.0,74.372831,0.0,30.0,30.0,0.0,0.0,0.0,0.0,0.0,0.0,Optimal,3567.354144099998,3742376.15534414
6722,,33.25,0.0,30.0,43.122831,30.0,0.0,-30.0,0.0,0.0,0.0,0.0,0.0,0.0,Optimal,3567.354144099998,3742376.15534414
6723,,29.96,0.0,30.0,11.872831,30.0,0.0,-30.0,0.0,0.0,0.0,0.0,0.0,0.0,Optimal,3567.354144099998,3742376.15534414
6724,,33.56,0.0,7.6401325,3.9143595,7.6401325,0.0,-7.6401325,0.0,0.0,0.0,0.0,0.0,0.0,Optimal,3567.354144099998,3742376.15534414
6725,,43.0,0.0,0.0,3.9143595,0.0,0.0,0.0,0.0,0.0,0.0,0.0,0.0,0.0,Optimal,3567.354144099998,3742376.15534414
6726,,64.08,0.0,0.0,3.9143595,0.0,0.0,0.0,0.0,0.0,0.0,0.0,0.0,0.0,Optimal,3567.354144099998,3742376.15534414
6727,,102.0,30.0,0.0,32.71436,0.0,30.0,30.0,0.0,0.0,0.0,0.0,0.0,0.0,Optimal,3567.354144099998,3742376.15534414
6728,,108.32,30.0,0.0,61.51436,0.0,30.0,30.0,0.0,0.0,0.0,0.0,0.0,0.0,Optimal,3567.354144099998,3742376.15534414
6729,,91.83,13.394241,0.0,74.372831,0.0,13.394241,13.394241,0.0,0.0,0.0,0.0,0.0,0.0,Optimal,3567.354144099998,3742376.15534414
6730,,66.05,0.0,0.0,74.372831,0.0,0.0,0.0,0.0,0.0,0.0,0.0,0.0,0.0,Optimal,3567.354144099998,3742376.15534414
6731,,60.2,0.0,0.0,74.372831,0.0,0.0,0.0,0.0,0.0,0.0,0.0,0.0,0.0,Optimal,3567.354144099998,3742376.15534414
6732,,45.88,0.0,30.0,43.122831,30.0,0.0,-30.0,0.0,0.0,0.0,0.0,0.0,0.0,Optimal,3567.354144099998,3742376.15534414
6733,,43.29,0.0,30.0,11.872831,30.0,0.0,-30.0,0.0,0.0,0.0,0.0,0.0,0.0,Optimal,3567.354144099998,3742376.15534414
6734,,55.0,0.0,7.6401325,3.9143595,7.6401325,0.0,-7.6401325,0.0,0.0,0.0,0.0,0.0,0.0,Optimal,3567.354144099998,3742376.15534414
6735,,61.45,0.0,0.0,3.9143595,0.0,0.0,0.0,0.0,0.0,0.0,0.0,0.0,0.0,Optimal,3567.354144099998,3742376.15534414
6736,,88.79,0.0,0.0,3.9143595,0.0,0.0,0.0,0.0,0.0,0.0,0.0,0.0,0.0,Optimal,3567.354144099998,3742376.15534414
6737,,112.4,0.0,0.0,3.9143595,0.0,0.0,0.0,0.0,0.0,0.0,0.0,0.0,0.0,Optimal,3567.354144099998,3742376.15534414
6738,,227.65,30.0,0.0,32.71436,0.0,30.0,30.0,0.0,0.0,0.0,0.0,0.0,0.0,Optimal,3567.354144099998,3742376.15534414
6739,,217.36,30.0,0.0,61.51436,0.0,30.0,30.0,0.0,0.0,0.0,0.0,0.0,0.0,Optimal,3567.354144099998,3742376.15534414
6740,,127.43,13.394241,0.0,74.372831,0.0,13.394241,13.394241,0.0,0.0,0.0,0.0,0.0,0.0,Optimal,3567.354144099998,3742376.15534414
6741,,99.91,0.0,27.648,45.572831,27.648,0.0,-27.648,0.0,0.0,0.0,0.0,0.0,0.0,Optimal,3567.354144099998,3742376.15534414
6742,,94.33,30.0,0.0,74.372831,0.0,30.0,30.0,0.0,0.0,0.0,0.0,0.0,0.0,Optimal,3567.354144099998,3742376.15534414
6743,,79.12,0.0,0.0,74.372831,0.0,0.0,0.0,0.0,0.0,0.0,0.0,0.0,0.0,Optimal,3567.354144099998,3742376.15534414
6744,,68.72,0.0,0.0,74.372831,0.0,0.0,0.0,0.0,0.0,0.0,0.0,0.0,0.0,Optimal,3567.354144099998,3742376.15534414
6745,,62.0,0.0,27.648,45.572831,27.648,0.0,-27.648,0.0,0.0,0.0,0.0,0.0,0.0,Optimal,3567.354144099998,3742376.15534414
6746,,58.23,30.0,0.0,74.372831,0.0,30.0,30.0,0.0,0.0,0.0,0.0,0.0,0.0,Optimal,3567.354144099998,3742376.15534414
6747,,52.85,0.0,30.0,43.122831,30.0,0.0,-30.0,0.0,0.0,0.0,0.0,0.0,0.0,Optimal,3567.354144099998,3742376.15534414
6748,,52.57,0.0,30.0,11.872831,30.0,0.0,-30.0,0.0,0.0,0.0,0.0,0.0,0.0,Optimal,3567.354144099998,3742376.15534414
6749,,61.4,0.0,7.6401325,3.9143595,7.6401325,0.0,-7.6401325,0.0,0.0,0.0,0.0,0.0,0.0,Optimal,3567.354144099998,3742376.15534414
6750,,85.49,0.0,0.0,3.9143595,0.0,0.0,0.0,0.0,0.0,0.0,0.0,0.0,0.0,Optimal,3567.354144099998,3742376.15534414
6751,,106.61,30.0,0.0,32.71436,0.0,30.0,30.0,0.0,0.0,0.0,0.0,0.0,0.0,Optimal,3567.354144099998,3742376.15534414
6752,,110.0,30.0,0.0,61.51436,0.0,30.0,30.0,0.0,0.0,0.0,0.0,0.0,0.0,Optimal,3567.354144099998,3742376.15534414
6753,,89.1,13.394241,0.0,74.372831,0.0,13.394241,13.394241,0.0,0.0,0.0,0.0,0.0,0.0,Optimal,3567.354144099998,3742376.15534414
6754,,80.33,0.0,0.0,74.372831,0.0,0.0,0.0,0.0,0.0,0.0,0.0,0.0,0.0,Optimal,3567.354144099998,3742376.15534414
6755,,73.42,0.0,7.6401325,66.41436,7.6401325,0.0,-7.6401325,0.0,0.0,0.0,0.0,0.0,0.0,Optimal,3567.354144099998,3742376.15534414
6756,,66.51,0.0,30.0,35.16436,30.0,0.0,-30.0,0.0,0.0,0.0,0.0,0.0,0.0,Optimal,3567.354144099998,3742376.15534414
6757,,70.97,0.0,30.0,3.9143595,30.0,0.0,-30.0,0.0,0.0,0.0,0.0,0.0,0.0,Optimal,3567.354144099998,3742376.15534414
6758,,75.79,30.0,0.0,32.71436,0.0,30.0,30.0,0.0,0.0,0.0,0.0,0.0,0.0,Optimal,3567.354144099998,3742376.15534414
6759,,77.53,0.0,27.648,3.9143595,27.648,0.0,-27.648,0.0,0.0,0.0,0.0,0.0,0.0,Optimal,3567.354144099998,3742376.15534414
6760,,85.92,0.0,0.0,3.9143595,0.0,0.0,0.0,0.0,0.0,0.0,0.0,0.0,0.0,Optimal,3567.354144099998,3742376.15534414
6761,,114.0,13.394241,0.0,16.772831,0.0,13.394241,13.394241,0.0,0.0,0.0,0.0,0.0,0.0,Optimal,3567.354144099998,3742376.15534414
6762,,144.0,30.0,0.0,45.572831,0.0,30.0,30.0,0.0,0.0,0.0,0.0,0.0,0.0,Optimal,3567.354144099998,3742376.15534414
6763,,158.27,30.0,0.0,74.372831,0.0,30.0,30.0,0.0,0.0,0.0,0.0,0.0,0.0,Optimal,3567.354144099998,3742376.15534414
6764,,109.23,0.0,0.0,74.372831,0.0,0.0,0.0,0.0,0.0,0.0,0.0,0.0,0.0,Optimal,3567.354144099998,3742376.15534414
6765,,94.9,0.0,0.0,74.372831,0.0,0.0,0.0,0.0,0.0,0.0,0.0,0.0,0.0,Optimal,3567.354144099998,3742376.15534414
6766,,81.86,0.0,0.0,74.372831,0.0,0.0,0.0,0.0,0.0,0.0,0.0,0.0,0.0,Optimal,3567.354144099998,3742376.15534414
6767,,63.53,0.0,0.0,74.372831,0.0,0.0,0.0,0.0,0.0,0.0,0.0,0.0,0.0,Optimal,3567.354144099998,3742376.15534414
6768,,56.36,0.0,0.0,74.372831,0.0,0.0,0.0,0.0,0.0,0.0,0.0,0.0,0.0,Optimal,3567.354144099998,3742376.15534414
6769,,52.05,0.0,30.0,43.122831,30.0,0.0,-30.0,0.0,0.0,0.0,0.0,0.0,0.0,Optimal,3567.354144099998,3742376.15534414
6770,,49.21,24.262009,0.0,66.41436,0.0,24.262009,24.262009,0.0,0.0,0.0,0.0,0.0,0.0,Optimal,3567.354144099998,3742376.15534414
6771,,46.3,0.0,30.0,35.16436,30.0,0.0,-30.0,0.0,0.0,0.0,0.0,0.0,0.0,Optimal,3567.354144099998,3742376.15534414
6772,,48.85,0.0,30.0,3.9143595,30.0,0.0,-30.0,0.0,0.0,0.0,0.0,0.0,0.0,Optimal,3567.354144099998,3742376.15534414
6773,,54.97,0.0,0.0,3.9143595,0.0,0.0,0.0,0.0,0.0,0.0,0.0,0.0,0.0,Optimal,3567.354144099998,3742376.15534414
6774,,77.87,0.0,0.0,3.9143595,0.0,0.0,0.0,0.0,0.0,0.0,0.0,0.0,0.0,Optimal,3567.354144099998,3742376.15534414
6775,,98.88,30.0,0.0,32.71436,0.0,30.0,30.0,0.0,0.0,0.0,0.0,0.0,0.0,Optimal,3567.354144099998,3742376.15534414
6776,,101.09,30.0,0.0,61.51436,0.0,30.0,30.0,0.0,0.0,0.0,0.0,0.0,0.0,Optimal,3567.354144099998,3742376.15534414
6777,,87.0,13.394241,0.0,74.372831,0.0,13.394241,13.394241,0.0,0.0,0.0,0.0,0.0,0.0,Optimal,3567.354144099998,3742376.15534414
6778,,66.14,0.0,0.0,74.372831,0.0,0.0,0.0,0.0,0.0,0.0,0.0,0.0,0.0,Optimal,3567.354144099998,3742376.15534414
6779,,55.28,0.0,30.0,43.122831,30.0,0.0,-30.0,0.0,0.0,0.0,0.0,0.0,0.0,Optimal,3567.354144099998,3742376.15534414
6780,,55.99,0.0,30.0,11.872831,30.0,0.0,-30.0,0.0,0.0,0.0,0.0,0.0,0.0,Optimal,3567.354144099998,3742376.15534414
6781,,59.0,0.0,7.6401325,3.9143595,7.6401325,0.0,-7.6401325,0.0,0.0,0.0,0.0,0.0,0.0,Optimal,3567.354144099998,3742376.15534414
6782,,68.48,0.0,0.0,3.9143595,0.0,0.0,0.0,0.0,0.0,0.0,0.0,0.0,0.0,Optimal,3567.354144099998,3742376.15534414
6783,,85.27,0.0,0.0,3.9143595,0.0,0.0,0.0,0.0,0.0,0.0,0.0,0.0,0.0,Optimal,3567.354144099998,3742376.15534414
6784,,95.0,0.0,0.0,3.9143595,0.0,0.0,0.0,0.0,0.0,0.0,0.0,0.0,0.0,Optimal,3567.354144099998,3742376.15534414
6785,,112.0,0.0,0.0,3.9143595,0.0,0.0,0.0,0.0,0.0,0.0,0.0,0.0,0.0,Optimal,3567.354144099998,3742376.15534414
6786,,128.0,30.0,0.0,32.71436,0.0,30.0,30.0,0.0,0.0,0.0,0.0,0.0,0.0,Optimal,3567.354144099998,3742376.15534414
6787,,129.17,30.0,0.0,61.51436,0.0,30.0,30.0,0.0,0.0,0.0,0.0,0.0,0.0,Optimal,3567.354144099998,3742376.15534414
6788,,117.4,13.394241,0.0,74.372831,0.0,13.394241,13.394241,0.0,0.0,0.0,0.0,0.0,0.0,Optimal,3567.354144099998,3742376.15534414
6789,,99.9,0.0,27.648,45.572831,27.648,0.0,-27.648,0.0,0.0,0.0,0.0,0.0,0.0,Optimal,3567.354144099998,3742376.15534414
6790,,97.94,30.0,0.0,74.372831,0.0,30.0,30.0,0.0,0.0,0.0,0.0,0.0,0.0,Optimal,3567.354144099998,3742376.15534414
6791,,79.5,0.0,0.0,74.372831,0.0,0.0,0.0,0.0,0.0,0.0,0.0,0.0,0.0,Optimal,3567.354144099998,3742376.15534414
6792,,70.0,0.0,0.0,74.372831,0.0,0.0,0.0,0.0,0.0,0.0,0.0,0.0,0.0,Optimal,3567.354144099998,3742376.15534414
6793,,45.39,0.0,0.0,74.372831,0.0,0.0,0.0,0.0,0.0,0.0,0.0,0.0,0.0,Optimal,3567.354144099998,3742376.15534414
6794,,39.0,0.0,0.0,74.372831,0.0,0.0,0.0,0.0,0.0,0.0,0.0,0.0,0.0,Optimal,3567.354144099998,3742376.15534414
6795,,35.34,0.0,7.6401325,66.41436,7.6401325,0.0,-7.6401325,0.0,0.0,0.0,0.0,0.0,0.0,Optimal,3567.354144099998,3742376.15534414
6796,,26.3,0.0,30.0,35.16436,30.0,0.0,-30.0,0.0,0.0,0.0,0.0,0.0,0.0,Optimal,3567.354144099998,3742376.15534414
6797,,33.79,0.0,30.0,3.9143595,30.0,0.0,-30.0,0.0,0.0,0.0,0.0,0.0,0.0,Optimal,3567.354144099998,3742376.15534414
6798,,56.14,0.0,0.0,3.9143595,0.0,0.0,0.0,0.0,0.0,0.0,0.0,0.0,0.0,Optimal,3567.354144099998,3742376.15534414
6799,,84.9,30.0,0.0,32.71436,0.0,30.0,30.0,0.0,0.0,0.0,0.0,0.0,0.0,Optimal,3567.354144099998,3742376.15534414
6800,,80.46,30.0,0.0,61.51436,0.0,30.0,30.0,0.0,0.0,0.0,0.0,0.0,0.0,Optimal,3567.354144099998,3742376.15534414
6801,,67.5,13.394241,0.0,74.372831,0.0,13.394241,13.394241,0.0,0.0,0.0,0.0,0.0,0.0,Optimal,3567.354144099998,3742376.15534414
6802,,52.01,0.0,0.0,74.372831,0.0,0.0,0.0,0.0,0.0,0.0,0.0,0.0,0.0,Optimal,3567.354144099998,3742376.15534414
6803,,38.93,0.0,0.0,74.372831,0.0,0.0,0.0,0.0,0.0,0.0,0.0,0.0,0.0,Optimal,3567.354144099998,3742376.15534414
6804,,21.89,0.0,7.6401325,66.41436,7.6401325,0.0,-7.6401325,0.0,0.0,0.0,0.0,0.0,0.0,Optimal,3567.354144099998,3742376.15534414
6805,,15.94,0.0,30.0,35.16436,30.0,0.0,-30.0,0.0,0.0,0.0,0.0,0.0,0.0,Optimal,3567.354144099998,3742376.15534414
6806,,20.01,0.0,30.0,3.9143595,30.0,0.0,-30.0,0.0,0.0,0.0,0.0,0.0,0.0,Optimal,3567.354144099998,3742376.15534414
6807,,38.37,0.0,0.0,3.9143595,0.0,0.0,0.0,0.0,0.0,0.0,0.0,0.0,0.0,Optimal,3567.354144099998,3742376.15534414
6808,,58.0,0.0,0.0,3.9143595,0.0,0.0,0.0,0.0,0.0,0.0,0.0,0.0,0.0,Optimal,3567.354144099998,3742376.15534414
6809,,89.9,0.0,0.0,3.9143595,0.0,0.0,0.0,0.0,0.0,0.0,0.0,0.0,0.0,Optimal,3567.354144099998,3742376.15534414
6810,,109.9,13.394241,0.0,16.772831,0.0,13.394241,13.394241,0.0,0.0,0.0,0.0,0.0,0.0,Optimal,3567.354144099998,3742376.15534414
6811,,145.94,30.0,0.0,45.572831,0.0,30.0,30.0,0.0,0.0,0.0,0.0,0.0,0.0,Optimal,3567.354144099998,3742376.15534414
6812,,120.0,30.0,0.0,74.372831,0.0,30.0,30.0,0.0,0.0,0.0,0.0,0.0,0.0,Optimal,3567.354144099998,3742376.15534414
6813,,90.41,0.0,27.648,45.572831,27.648,0.0,-27.648,0.0,0.0,0.0,0.0,0.0,0.0,Optimal,3567.354144099998,3742376.15534414
6814,,95.26,30.0,0.0,74.372831,0.0,30.0,30.0,0.0,0.0,0.0,0.0,0.0,0.0,Optimal,3567.354144099998,3742376.15534414
6815,,86.2,0.0,27.648,45.572831,27.648,0.0,-27.648,0.0,0.0,0.0,0.0,0.0,0.0,Optimal,3567.354144099998,3742376.15534414
6816,,83.9,30.0,0.0,74.372831,0.0,30.0,30.0,0.0,0.0,0.0,0.0,0.0,0.0,Optimal,3567.354144099998,3742376.15534414
6817,,79.9,0.0,30.0,43.122831,30.0,0.0,-30.0,0.0,0.0,0.0,0.0,0.0,0.0,Optimal,3567.354144099998,3742376.15534414
6818,,79.19,30.0,0.0,71.922831,0.0,30.0,30.0,0.0,0.0,0.0,0.0,0.0,0.0,Optimal,3567.354144099998,3742376.15534414
6819,,67.91,0.0,30.0,40.672831,30.0,0.0,-30.0,0.0,0.0,0.0,0.0,0.0,0.0,Optimal,3567.354144099998,3742376.15534414
6820,,69.14,0.0,30.0,9.4228309,30.0,0.0,-30.0,0.0,0.0,0.0,0.0,0.0,0.0,Optimal,3567.354144099998,3742376.15534414
6821,,80.29,0.0,5.2881325,3.9143595,5.2881325,0.0,-5.2881325,0.0,0.0,0.0,0.0,0.0,0.0,Optimal,3567.354144099998,3742376.15534414
6822,,99.95,0.0,0.0,3.9143595,0.0,0.0,0.0,0.0,0.0,0.0,0.0,0.0,0.0,Optimal,3567.354144099998,3742376.15534414
6823,,140.41,30.0,0.0,32.71436,0.0,30.0,30.0,0.0,0.0,0.0,0.0,0.0,0.0,Optimal,3567.354144099998,3742376.15534414
6824,,155.49,30.0,0.0,61.51436,0.0,30.0,30.0,0.0,0.0,0.0,0.0,0.0,0.0,Optimal,3567.354144099998,3742376.15534414
6825,,110.01,13.394241,0.0,74.372831,0.0,13.394241,13.394241,0.0,0.0,0.0,0.0,0.0,0.0,Optimal,3567.354144099998,3742376.15534414
6826,,90.0,0.0,0.0,74.372831,0.0,0.0,0.0,0.0,0.0,0.0,0.0,0.0,0.0,Optimal,3567.354144099998,3742376.15534414
6827,,72.35,0.0,0.0,74.372831,0.0,0.0,0.0,0.0,0.0,0.0,0.0,0.0,0.0,Optimal,3567.354144099998,3742376.15534414
6828,,61.65,0.0,7.6401325,66.41436,7.6401325,0.0,-7.6401325,0.0,0.0,0.0,0.0,0.0,0.0,Optimal,3567.354144099998,3742376.15534414
6829,,57.17,0.0,30.0,35.16436,30.0,0.0,-30.0,0.0,0.0,0.0,0.0,0.0,0.0,Optimal,3567.354144099998,3742376.15534414
6830,,59.56,0.0,30.0,3.9143595,30.0,0.0,-30.0,0.0,0.0,0.0,0.0,0.0,0.0,Optimal,3567.354144099998,3742376.15534414
6831,,66.96,0.0,0.0,3.9143595,0.0,0.0,0.0,0.0,0.0,0.0,0.0,0.0,0.0,Optimal,3567.354144099998,3742376.15534414
6832,,85.35,0.0,0.0,3.9143595,0.0,0.0,0.0,0.0,0.0,0.0,0.0,0.0,0.0,Optimal,3567.354144099998,3742376.15534414
6833,,106.6,0.0,0.0,3.9143595,0.0,0.0,0.0,0.0,0.0,0.0,0.0,0.0,0.0,Optimal,3567.354144099998,3742376.15534414
6834,,158.35,30.0,0.0,32.71436,0.0,30.0,30.0,0.0,0.0,0.0,0.0,0.0,0.0,Optimal,3567.354144099998,3742376.15534414
6835,,172.05,30.0,0.0,61.51436,0.0,30.0,30.0,0.0,0.0,0.0,0.0,0.0,0.0,Optimal,3567.354144099998,3742376.15534414
6836,,120.0,13.394241,0.0,74.372831,0.0,13.394241,13.394241,0.0,0.0,0.0,0.0,0.0,0.0,Optimal,3567.354144099998,3742376.15534414
6837,,99.79,0.0,27.648,45.572831,27.648,0.0,-27.648,0.0,0.0,0.0,0.0,0.0,0.0,Optimal,3567.354144099998,3742376.15534414
6838,,100.0,30.0,0.0,74.372831,0.0,30.0,30.0,0.0,0.0,0.0,0.0,0.0,0.0,Optimal,3567.354144099998,3742376.15534414
6839,,90.0,0.0,30.0,43.122831,30.0,0.0,-30.0,0.0,0.0,0.0,0.0,0.0,0.0,Optimal,3567.354144099998,3742376.15534414
6840,,91.21,30.0,0.0,71.922831,0.0,30.0,30.0,0.0,0.0,0.0,0.0,0.0,0.0,Optimal,3567.354144099998,3742376.15534414
6841,,83.33,2.5520833,0.0,74.372831,0.0,2.5520833,2.5520833,0.0,0.0,0.0,0.0,0.0,0.0,Optimal,3567.354144099998,3742376.15534414
6842,,80.54,0.0,27.648,45.572831,27.648,0.0,-27.648,0.0,0.0,0.0,0.0,0.0,0.0,Optimal,3567.354144099998,3742376.15534414
6843,,81.46,30.0,0.0,74.372831,0.0,30.0,30.0,0.0,0.0,0.0,0.0,0.0,0.0,Optimal,3567.354144099998,3742376.15534414
6844,,77.81,0.0,7.6401325,66.41436,7.6401325,0.0,-7.6401325,0.0,0.0,0.0,0.0,0.0,0.0,Optimal,3567.354144099998,3742376.15534414
6845,,74.9,0.0,30.0,35.16436,30.0,0.0,-30.0,0.0,0.0,0.0,0.0,0.0,0.0,Optimal,3567.354144099998,3742376.15534414
6846,,71.63,0.0,30.0,3.9143595,30.0,0.0,-30.0,0.0,0.0,0.0,0.0,0.0,0.0,Optimal,3567.354144099998,3742376.15534414
6847,,105.6,0.0,0.0,3.9143595,0.0,0.0,0.0,0.0,0.0,0.0,0.0,0.0,0.0,Optimal,3567.354144099998,3742376.15534414
6848,,122.0,30.0,0.0,32.71436,0.0,30.0,30.0,0.0,0.0,0.0,0.0,0.0,0.0,Optimal,3567.354144099998,3742376.15534414
6849,,119.9,13.394241,0.0,45.572831,0.0,13.394241,13.394241,0.0,0.0,0.0,0.0,0.0,0.0,Optimal,3567.354144099998,3742376.15534414
6850,,125.81,30.0,0.0,74.372831,0.0,30.0,30.0,0.0,0.0,0.0,0.0,0.0,0.0,Optimal,3567.354144099998,3742376.15534414
6851,,89.9,0.0,0.0,74.372831,0.0,0.0,0.0,0.0,0.0,0.0,0.0,0.0,0.0,Optimal,3567.354144099998,3742376.15534414
6852,,67.59,0.0,0.0,74.372831,0.0,0.0,0.0,0.0,0.0,0.0,0.0,0.0,0.0,Optimal,3567.354144099998,3742376.15534414
6853,,44.32,0.0,30.0,43.122831,30.0,0.0,-30.0,0.0,0.0,0.0,0.0,0.0,0.0,Optimal,3567.354144099998,3742376.15534414
6854,,23.34,0.0,30.0,11.872831,30.0,0.0,-30.0,0.0,0.0,0.0,0.0,0.0,0.0,Optimal,3567.354144099998,3742376.15534414
6855,,46.35,0.0,7.6401325,3.9143595,7.6401325,0.0,-7.6401325,0.0,0.0,0.0,0.0,0.0,0.0,Optimal,3567.354144099998,3742376.15534414
6856,,69.47,0.0,0.0,3.9143595,0.0,0.0,0.0,0.0,0.0,0.0,0.0,0.0,0.0,Optimal,3567.354144099998,3742376.15534414
6857,,84.55,30.0,0.0,32.71436,0.0,30.0,30.0,0.0,0.0,0.0,0.0,0.0,0.0,Optimal,3567.354144099998,3742376.15534414
6858,,82.77,30.0,0.0,61.51436,0.0,30.0,30.0,0.0,0.0,0.0,0.0,0.0,0.0,Optimal,3567.354144099998,3742376.15534414
6859,,79.44,13.394241,0.0,74.372831,0.0,13.394241,13.394241,0.0,0.0,0.0,0.0,0.0,0.0,Optimal,3567.354144099998,3742376.15534414
6860,,60.58,0.0,0.0,74.372831,0.0,0.0,0.0,0.0,0.0,0.0,0.0,0.0,0.0,Optimal,3567.354144099998,3742376.15534414
6861,,45.42,0.0,0.0,74.372831,0.0,0.0,0.0,0.0,0.0,0.0,0.0,0.0,0.0,Optimal,3567.354144099998,3742376.15534414
6862,,34.87,0.0,0.0,74.372831,0.0,0.0,0.0,0.0,0.0,0.0,0.0,0.0,0.0,Optimal,3567.354144099998,3742376.15534414
6863,,25.37,0.0,0.0,74.372831,0.0,0.0,0.0,0.0,0.0,0.0,0.0,0.0,0.0,Optimal,3567.354144099998,3742376.15534414
6864,,0.0,0.0,0.0,74.372831,0.0,0.0,0.0,0.0,0.0,0.0,0.0,0.0,0.0,Optimal,3567.354144099998,3742376.15534414
6865,,-0.01,0.0,0.0,74.372831,0.0,0.0,0.0,0.0,0.0,0.0,0.0,0.0,0.0,Optimal,3567.354144099998,3742376.15534414
6866,,-0.07,0.0,0.0,74.372831,0.0,0.0,0.0,0.0,0.0,0.0,0.0,0.0,0.0,Optimal,3567.354144099998,3742376.15534414
6867,,-0.37,0.0,30.0,43.122831,30.0,0.0,-30.0,0.0,0.0,0.0,0.0,0.0,0.0,Optimal,3567.354144099998,3742376.15534414
6868,,-0.51,0.0,30.0,11.872831,30.0,0.0,-30.0,0.0,0.0,0.0,0.0,0.0,0.0,Optimal,3567.354144099998,3742376.15534414
6869,,-0.09,0.0,7.6401325,3.9143595,7.6401325,0.0,-7.6401325,0.0,0.0,0.0,0.0,0.0,0.0,Optimal,3567.354144099998,3742376.15534414
6870,,-0.01,0.0,0.0,3.9143595,0.0,0.0,0.0,0.0,0.0,0.0,0.0,0.0,0.0,Optimal,3567.354144099998,3742376.15534414
6871,,1.72,13.394241,0.0,16.772831,0.0,13.394241,13.394241,0.0,0.0,0.0,0.0,0.0,0.0,Optimal,3567.354144099998,3742376.15534414
6872,,17.96,30.0,0.0,45.572831,0.0,30.0,30.0,0.0,0.0,0.0,0.0,0.0,0.0,Optimal,3567.354144099998,3742376.15534414
6873,,9.85,30.0,0.0,74.372831,0.0,30.0,30.0,0.0,0.0,0.0,0.0,0.0,0.0,Optimal,3567.354144099998,3742376.15534414
6874,,0.0,0.0,0.0,74.372831,0.0,0.0,0.0,0.0,0.0,0.0,0.0,0.0,0.0,Optimal,3567.354144099998,3742376.15534414
6875,,-10.0,0.0,7.6401325,66.41436,7.6401325,0.0,-7.6401325,0.0,0.0,0.0,0.0,0.0,0.0,Optimal,3567.354144099998,3742376.15534414
6876,,-10.06,0.0,30.0,35.16436,30.0,0.0,-30.0,0.0,0.0,0.0,0.0,0.0,0.0,Optimal,3567.354144099998,3742376.15534414
6877,,-10.04,0.0,30.0,3.9143595,30.0,0.0,-30.0,0.0,0.0,0.0,0.0,0.0,0.0,Optimal,3567.354144099998,3742376.15534414
6878,,-3.01,0.0,0.0,3.9143595,0.0,0.0,0.0,0.0,0.0,0.0,0.0,0.0,0.0,Optimal,3567.354144099998,3742376.15534414
6879,,7.28,0.0,0.0,3.9143595,0.0,0.0,0.0,0.0,0.0,0.0,0.0,0.0,0.0,Optimal,3567.354144099998,3742376.15534414
6880,,30.14,0.0,0.0,3.9143595,0.0,0.0,0.0,0.0,0.0,0.0,0.0,0.0,0.0,Optimal,3567.354144099998,3742376.15534414
6881,,115.0,13.394241,0.0,16.772831,0.0,13.394241,13.394241,0.0,0.0,0.0,0.0,0.0,0.0,Optimal,3567.354144099998,3742376.15534414
6882,,118.74,30.0,0.0,45.572831,0.0,30.0,30.0,0.0,0.0,0.0,0.0,0.0,0.0,Optimal,3567.354144099998,3742376.15534414
6883,,131.97,30.0,0.0,74.372831,0.0,30.0,30.0,0.0,0.0,0.0,0.0,0.0,0.0,Optimal,3567.354144099998,3742376.15534414
6884,,108.07,0.0,27.648,45.572831,27.648,0.0,-27.648,0.0,0.0,0.0,0.0,0.0,0.0,Optimal,3567.354144099998,3742376.15534414
6885,,99.9,30.0,0.0,74.372831,0.0,30.0,30.0,0.0,0.0,0.0,0.0,0.0,0.0,Optimal,3567.354144099998,3742376.15534414
6886,,94.0,0.0,30.0,43.122831,30.0,0.0,-30.0,0.0,0.0,0.0,0.0,0.0,0.0,Optimal,3567.354144099998,3742376.15534414
6887,,90.0,0.0,30.0,11.872831,30.0,0.0,-30.0,0.0,0.0,0.0,0.0,0.0,0.0,Optimal,3567.354144099998,3742376.15534414
6888,,104.0,30.0,0.0,40.672831,0.0,30.0,30.0,0.0,0.0,0.0,0.0,0.0,0.0,Optimal,3567.354144099998,3742376.15534414
6889,,89.9,0.0,30.0,9.4228309,30.0,0.0,-30.0,0.0,0.0,0.0,0.0,0.0,0.0,Optimal,3567.354144099998,3742376.15534414
6890,,98.0,30.0,0.0,38.222831,0.0,30.0,30.0,0.0,0.0,0.0,0.0,0.0,0.0,Optimal,3567.354144099998,3742376.15534414
6891,,94.0,30.0,0.0,67.022831,0.0,30.0,30.0,0.0,0.0,0.0,0.0,0.0,0.0,Optimal,3567.354144099998,3742376.15534414
6892,,72.0,0.0,30.0,35.772831,30.0,0.0,-30.0,0.0,0.0,0.0,0.0,0.0,0.0,Optimal,3567.354144099998,3742376.15534414
6893,,62.2,0.0,30.0,4.5228309,30.0,0.0,-30.0,0.0,0.0,0.0,0.0,0.0,0.0,Optimal,3567.354144099998,3742376.15534414
6894,,98.74,0.0,0.58413254,3.9143595,0.58413254,0.0,-0.58413254,0.0,0.0,0.0,0.0,0.0,0.0,Optimal,3567.354144099998,3742376.15534414
6895,,130.53,30.0,0.0,32.71436,0.0,30.0,30.0,0.0,0.0,0.0,0.0,0.0,0.0,Optimal,3567.354144099998,3742376.15534414
6896,,153.12,30.0,0.0,61.51436,0.0,30.0,30.0,0.0,0.0,0.0,0.0,0.0,0.0,Optimal,3567.354144099998,3742376.15534414
6897,,125.58,13.394241,0.0,74.372831,0.0,13.394241,13.394241,0.0,0.0,0.0,0.0,0.0,0.0,Optimal,3567.354144099998,3742376.15534414
6898,,103.0,0.0,0.0,74.372831,0.0,0.0,0.0,0.0,0.0,0.0,0.0,0.0,0.0,Optimal,3567.354144099998,3742376.15534414
6899,,95.53,0.0,27.648,45.572831,27.648,0.0,-27.648,0.0,0.0,0.0,0.0,0.0,0.0,Optimal,3567.354144099998,3742376.15534414
6900,,91.56,30.0,0.0,74.372831,0.0,30.0,30.0,0.0,0.0,0.0,0.0,0.0,0.0,Optimal,3567.354144099998,3742376.15534414
6901,,85.0,0.0,30.0,43.122831,30.0,0.0,-30.0,0.0,0.0,0.0,0.0,0.0,0.0,Optimal,3567.354144099998,3742376.15534414
6902,,74.16,0.0,30.0,11.872831,30.0,0.0,-30.0,0.0,0.0,0.0,0.0,0.0,0.0,Optimal,3567.354144099998,3742376.15534414
6903,,88.32,0.0,7.6401325,3.9143595,7.6401325,0.0,-7.6401325,0.0,0.0,0.0,0.0,0.0,0.0,Optimal,3567.354144099998,3742376.15534414
6904,,105.79,0.0,0.0,3.9143595,0.0,0.0,0.0,0.0,0.0,0.0,0.0,0.0,0.0,Optimal,3567.354144099998,3742376.15534414
6905,,158.51,13.394241,0.0,16.772831,0.0,13.394241,13.394241,0.0,0.0,0.0,0.0,0.0,0.0,Optimal,3567.354144099998,3742376.15534414
6906,,250.0,30.0,0.0,45.572831,0.0,30.0,30.0,0.0,0.0,0.0,0.0,0.0,0.0,Optimal,3567.354144099998,3742376.15534414
6907,,263.27,30.0,0.0,74.372831,0.0,30.0,30.0,0.0,0.0,0.0,0.0,0.0,0.0,Optimal,3567.354144099998,3742376.15534414
6908,,158.0,0.0,0.0,74.372831,0.0,0.0,0.0,0.0,0.0,0.0,0.0,0.0,0.0,Optimal,3567.354144099998,3742376.15534414
6909,,113.64,0.0,0.0,74.372831,0.0,0.0,0.0,0.0,0.0,0.0,0.0,0.0,0.0,Optimal,3567.354144099998,3742376.15534414
6910,,99.66,0.0,0.0,74.372831,0.0,0.0,0.0,0.0,0.0,0.0,0.0,0.0,0.0,Optimal,3567.354144099998,3742376.15534414
6911,,94.8,0.0,27.648,45.572831,27.648,0.0,-27.648,0.0,0.0,0.0,0.0,0.0,0.0,Optimal,3567.354144099998,3742376.15534414
6912,,90.4,30.0,0.0,74.372831,0.0,30.0,30.0,0.0,0.0,0.0,0.0,0.0,0.0,Optimal,3567.354144099998,3742376.15534414
6913,,86.08,0.0,30.0,43.122831,30.0,0.0,-30.0,0.0,0.0,0.0,0.0,0.0,0.0,Optimal,3567.354144099998,3742376.15534414
6914,,88.76,30.0,0.0,71.922831,0.0,30.0,30.0,0.0,0.0,0.0,0.0,0.0,0.0,Optimal,3567.354144099998,3742376.15534414
6915,,84.04,0.0,30.0,40.672831,30.0,0.0,-30.0,0.0,0.0,0.0,0.0,0.0,0.0,Optimal,3567.354144099998,3742376.15534414
6916,,79.94,0.0,30.0,9.4228309,30.0,0.0,-30.0,0.0,0.0,0.0,0.0,0.0,0.0,Optimal,3567.354144099998,3742376.15534414
6917,,87.0,0.0,5.2881325,3.9143595,5.2881325,0.0,-5.2881325,0.0,0.0,0.0,0.0,0.0,0.0,Optimal,3567.354144099998,3742376.15534414
6918,,109.9,0.0,0.0,3.9143595,0.0,0.0,0.0,0.0,0.0,0.0,0.0,0.0,0.0,Optimal,3567.354144099998,3742376.15534414
6919,,175.94,30.0,0.0,32.71436,0.0,30.0,30.0,0.0,0.0,0.0,0.0,0.0,0.0,Optimal,3567.354144099998,3742376.15534414
6920,,171.13,30.0,0.0,61.51436,0.0,30.0,30.0,0.0,0.0,0.0,0.0,0.0,0.0,Optimal,3567.354144099998,3742376.15534414
6921,,110.54,13.394241,0.0,74.372831,0.0,13.394241,13.394241,0.0,0.0,0.0,0.0,0.0,0.0,Optimal,3567.354144099998,3742376.15534414
6922,,92.74,0.0,0.0,74.372831,0.0,0.0,0.0,0.0,0.0,0.0,0.0,0.0,0.0,Optimal,3567.354144099998,3742376.15534414
6923,,83.05,0.0,27.648,45.572831,27.648,0.0,-27.648,0.0,0.0,0.0,0.0,0.0,0.0,Optimal,3567.354144099998,3742376.15534414
6924,,78.47,30.0,0.0,74.372831,0.0,30.0,30.0,0.0,0.0,0.0,0.0,0.0,0.0,Optimal,3567.354144099998,3742376.15534414
6925,,71.16,0.0,30.0,43.122831,30.0,0.0,-30.0,0.0,0.0,0.0,0.0,0.0,0.0,Optimal,3567.354144099998,3742376.15534414
6926,,70.03,0.0,30.0,11.872831,30.0,0.0,-30.0,0.0,0.0,0.0,0.0,0.0,0.0,Optimal,3567.354144099998,3742376.15534414
6927,,77.37,0.0,7.6401325,3.9143595,7.6401325,0.0,-7.6401325,0.0,0.0,0.0,0.0,0.0,0.0,Optimal,3567.354144099998,3742376.15534414
6928,,86.33,0.0,0.0,3.9143595,0.0,0.0,0.0,0.0,0.0,0.0,0.0,0.0,0.0,Optimal,3567.354144099998,3742376.15534414
6929,,116.17,30.0,0.0,32.71436,0.0,30.0,30.0,0.0,0.0,0.0,0.0,0.0,0.0,Optimal,3567.354144099998,3742376.15534414
6930,,132.18,30.0,0.0,61.51436,0.0,30.0,30.0,0.0,0.0,0.0,0.0,0.0,0.0,Optimal,3567.354144099998,3742376.15534414
6931,,101.53,13.394241,0.0,74.372831,0.0,13.394241,13.394241,0.0,0.0,0.0,0.0,0.0,0.0,Optimal,3567.354144099998,3742376.15534414
6932,,76.9,0.0,0.0,74.372831,0.0,0.0,0.0,0.0,0.0,0.0,0.0,0.0,0.0,Optimal,3567.354144099998,3742376.15534414
6933,,66.44,0.0,0.0,74.372831,0.0,0.0,0.0,0.0,0.0,0.0,0.0,0.0,0.0,Optimal,3567.354144099998,3742376.15534414
6934,,59.24,0.0,0.0,74.372831,0.0,0.0,0.0,0.0,0.0,0.0,0.0,0.0,0.0,Optimal,3567.354144099998,3742376.15534414
6935,,42.13,0.0,0.0,74.372831,0.0,0.0,0.0,0.0,0.0,0.0,0.0,0.0,0.0,Optimal,3567.354144099998,3742376.15534414
6936,,25.54,0.0,0.0,74.372831,0.0,0.0,0.0,0.0,0.0,0.0,0.0,0.0,0.0,Optimal,3567.354144099998,3742376.15534414
6937,,12.8,0.0,0.0,74.372831,0.0,0.0,0.0,0.0,0.0,0.0,0.0,0.0,0.0,Optimal,3567.354144099998,3742376.15534414
6938,,5.3,0.0,7.6401325,66.41436,7.6401325,0.0,-7.6401325,0.0,0.0,0.0,0.0,0.0,0.0,Optimal,3567.354144099998,3742376.15534414
6939,,3.61,0.0,30.0,35.16436,30.0,0.0,-30.0,0.0,0.0,0.0,0.0,0.0,0.0,Optimal,3567.354144099998,3742376.15534414
6940,,2.86,0.0,30.0,3.9143595,30.0,0.0,-30.0,0.0,0.0,0.0,0.0,0.0,0.0,Optimal,3567.354144099998,3742376.15534414
6941,,7.19,0.0,0.0,3.9143595,0.0,0.0,0.0,0.0,0.0,0.0,0.0,0.0,0.0,Optimal,3567.354144099998,3742376.15534414
6942,,41.36,0.0,0.0,3.9143595,0.0,0.0,0.0,0.0,0.0,0.0,0.0,0.0,0.0,Optimal,3567.354144099998,3742376.15534414
6943,,61.5,30.0,0.0,32.71436,0.0,30.0,30.0,0.0,0.0,0.0,0.0,0.0,0.0,Optimal,3567.354144099998,3742376.15534414
6944,,80.1,30.0,0.0,61.51436,0.0,30.0,30.0,0.0,0.0,0.0,0.0,0.0,0.0,Optimal,3567.354144099998,3742376.15534414
6945,,54.29,13.394241,0.0,74.372831,0.0,13.394241,13.394241,0.0,0.0,0.0,0.0,0.0,0.0,Optimal,3567.354144099998,3742376.15534414
6946,,26.68,0.0,0.0,74.372831,0.0,0.0,0.0,0.0,0.0,0.0,0.0,0.0,0.0,Optimal,3567.354144099998,3742376.15534414
6947,,14.16,0.0,0.0,74.372831,0.0,0.0,0.0,0.0,0.0,0.0,0.0,0.0,0.0,Optimal,3567.354144099998,3742376.15534414
6948,,4.09,0.0,7.6401325,66.41436,7.6401325,0.0,-7.6401325,0.0,0.0,0.0,0.0,0.0,0.0,Optimal,3567.354144099998,3742376.15534414
6949,,2.04,0.0,30.0,35.16436,30.0,0.0,-30.0,0.0,0.0,0.0,0.0,0.0,0.0,Optimal,3567.354144099998,3742376.15534414
6950,,4.0,0.0,30.0,3.9143595,30.0,0.0,-30.0,0.0,0.0,0.0,0.0,0.0,0.0,Optimal,3567.354144099998,3742376.15534414
6951,,14.18,0.0,0.0,3.9143595,0.0,0.0,0.0,0.0,0.0,0.0,0.0,0.0,0.0,Optimal,3567.354144099998,3742376.15534414
6952,,52.0,0.0,0.0,3.9143595,0.0,0.0,0.0,0.0,0.0,0.0,0.0,0.0,0.0,Optimal,3567.354144099998,3742376.15534414
6953,,99.9,13.394241,0.0,16.772831,0.0,13.394241,13.394241,0.0,0.0,0.0,0.0,0.0,0.0,Optimal,3567.354144099998,3742376.15534414
6954,,106.0,30.0,0.0,45.572831,0.0,30.0,30.0,0.0,0.0,0.0,0.0,0.0,0.0,Optimal,3567.354144099998,3742376.15534414
6955,,104.0,30.0,0.0,74.372831,0.0,30.0,30.0,0.0,0.0,0.0,0.0,0.0,0.0,Optimal,3567.354144099998,3742376.15534414
6956,,78.74,0.0,0.0,74.372831,0.0,0.0,0.0,0.0,0.0,0.0,0.0,0.0,0.0,Optimal,3567.354144099998,3742376.15534414
6957,,67.0,0.0,0.0,74.372831,0.0,0.0,0.0,0.0,0.0,0.0,0.0,0.0,0.0,Optimal,3567.354144099998,3742376.15534414
6958,,35.14,0.0,0.0,74.372831,0.0,0.0,0.0,0.0,0.0,0.0,0.0,0.0,0.0,Optimal,3567.354144099998,3742376.15534414
6959,,26.54,0.0,0.0,74.372831,0.0,0.0,0.0,0.0,0.0,0.0,0.0,0.0,0.0,Optimal,3567.354144099998,3742376.15534414
6960,,17.04,0.0,0.0,74.372831,0.0,0.0,0.0,0.0,0.0,0.0,0.0,0.0,0.0,Optimal,3567.354144099998,3742376.15534414
6961,,12.15,0.0,0.0,74.372831,0.0,0.0,0.0,0.0,0.0,0.0,0.0,0.0,0.0,Optimal,3567.354144099998,3742376.15534414
6962,,10.48,0.0,7.6401325,66.41436,7.6401325,0.0,-7.6401325,0.0,0.0,0.0,0.0,0.0,0.0,Optimal,3567.354144099998,3742376.15534414
6963,,5.61,0.0,30.0,35.16436,30.0,0.0,-30.0,0.0,0.0,0.0,0.0,0.0,0.0,Optimal,3567.354144099998,3742376.15534414
6964,,10.01,0.0,30.0,3.9143595,30.0,0.0,-30.0,0.0,0.0,0.0,0.0,0.0,0.0,Optimal,3567.354144099998,3742376.15534414
6965,,28.97,0.0,0.0,3.9143595,0.0,0.0,0.0,0.0,0.0,0.0,0.0,0.0,0.0,Optimal,3567.354144099998,3742376.15534414
6966,,69.22,0.0,0.0,3.9143595,0.0,0.0,0.0,0.0,0.0,0.0,0.0,0.0,0.0,Optimal,3567.354144099998,3742376.15534414
6967,,98.94,30.0,0.0,32.71436,0.0,30.0,30.0,0.0,0.0,0.0,0.0,0.0,0.0,Optimal,3567.354144099998,3742376.15534414
6968,,101.8,0.0,18.24,13.71436,18.24,0.0,-18.24,0.0,0.0,0.0,0.0,0.0,0.0,Optimal,3567.354144099998,3742376.15534414
6969,,104.1,30.0,0.0,42.51436,0.0,30.0,30.0,0.0,0.0,0.0,0.0,0.0,0.0,Optimal,3567.354144099998,3742376.15534414
6970,,101.91,30.0,0.0,71.31436,0.0,30.0,30.0,0.0,0.0,0.0,0.0,0.0,0.0,Optimal,3567.354144099998,3742376.15534414
6971,,98.0,0.0,30.0,40.06436,30.0,0.0,-30.0,0.0,0.0,0.0,0.0,0.0,0.0,Optimal,3567.354144099998,3742376.15534414
6972,,96.0,30.0,0.0,68.86436,0.0,30.0,30.0,0.0,0.0,0.0,0.0,0.0,0.0,Optimal,3567.354144099998,3742376.15534414
6973,,94.7,0.0,30.0,37.61436,30.0,0.0,-30.0,0.0,0.0,0.0,0.0,0.0,0.0,Optimal,3567.354144099998,3742376.15534414
6974,,92.6,0.0,30.0,6.3643595,30.0,0.0,-30.0,0.0,0.0,0.0,0.0,0.0,0.0,Optimal,3567.354144099998,3742376.15534414
6975,,96.6,30.0,0.0,35.16436,0.0,30.0,30.0,0.0,0.0,0.0,0.0,0.0,0.0,Optimal,3567.354144099998,3742376.15534414
6976,,96.0,0.0,30.0,3.9143595,30.0,0.0,-30.0,0.0,0.0,0.0,0.0,0.0,0.0,Optimal,3567.354144099998,3742376.15534414
6977,,124.7,13.394241,0.0,16.772831,0.0,13.394241,13.394241,0.0,0.0,0.0,0.0,0.0,0.0,Optimal,3567.354144099998,3742376.15534414
6978,,181.32,30.0,0.0,45.572831,0.0,30.0,30.0,0.0,0.0,0.0,0.0,0.0,0.0,Optimal,3567.354144099998,3742376.15534414
6979,,171.0,30.0,0.0,74.372831,0.0,30.0,30.0,0.0,0.0,0.0,0.0,0.0,0.0,Optimal,3567.354144099998,3742376.15534414
6980,,117.5,0.0,0.0,74.372831,0.0,0.0,0.0,0.0,0.0,0.0,0.0,0.0,0.0,Optimal,3567.354144099998,3742376.15534414
6981,,100.0,0.0,27.648,45.572831,27.648,0.0,-27.648,0.0,0.0,0.0,0.0,0.0,0.0,Optimal,3567.354144099998,3742376.15534414
6982,,97.0,30.0,0.0,74.372831,0.0,30.0,30.0,0.0,0.0,0.0,0.0,0.0,0.0,Optimal,3567.354144099998,3742376.15534414
6983,,88.4,0.0,2.9361325,71.31436,2.9361325,0.0,-2.9361325,0.0,0.0,0.0,0.0,0.0,0.0,Optimal,3567.354144099998,3742376.15534414
6984,,87.27,0.0,30.0,40.06436,30.0,0.0,-30.0,0.0,0.0,0.0,0.0,0.0,0.0,Optimal,3567.354144099998,3742376.15534414
6985,,85.92,0.0,30.0,8.8143595,30.0,0.0,-30.0,0.0,0.0,0.0,0.0,0.0,0.0,Optimal,3567.354144099998,3742376.15534414
6986,,89.71,30.0,0.0,37.61436,0.0,30.0,30.0,0.0,0.0,0.0,0.0,0.0,0.0,Optimal,3567.354144099998,3742376.15534414
6987,,82.68,0.0,30.0,6.3643595,30.0,0.0,-30.0,0.0,0.0,0.0,0.0,0.0,0.0,Optimal,3567.354144099998,3742376.15534414
6988,,86.97,30.0,0.0,35.16436,0.0,30.0,30.0,0.0,0.0,0.0,0.0,0.0,0.0,Optimal,3567.354144099998,3742376.15534414
6989,,87.05,0.0,30.0,3.9143595,30.0,0.0,-30.0,0.0,0.0,0.0,0.0,0.0,0.0,Optimal,3567.354144099998,3742376.15534414
6990,,100.58,0.0,0.0,3.9143595,0.0,0.0,0.0,0.0,0.0,0.0,0.0,0.0,0.0,Optimal,3567.354144099998,3742376.15534414
6991,,146.66,30.0,0.0,32.71436,0.0,30.0,30.0,0.0,0.0,0.0,0.0,0.0,0.0,Optimal,3567.354144099998,3742376.15534414
6992,,157.67,30.0,0.0,61.51436,0.0,30.0,30.0,0.0,0.0,0.0,0.0,0.0,0.0,Optimal,3567.354144099998,3742376.15534414
6993,,118.11,13.394241,0.0,74.372831,0.0,13.394241,13.394241,0.0,0.0,0.0,0.0,0.0,0.0,Optimal,3567.354144099998,3742376.15534414
6994,,103.45,0.0,0.0,74.372831,0.0,0.0,0.0,0.0,0.0,0.0,0.0,0.0,0.0,Optimal,3567.354144099998,3742376.15534414
6995,,89.96,0.0,30.0,43.122831,30.0,0.0,-30.0,0.0,0.0,0.0,0.0,0.0,0.0,Optimal,3567.354144099998,3742376.15534414
6996,,90.33,0.0,5.2881325,37.61436,5.2881325,0.0,-5.2881325,0.0,0.0,0.0,0.0,0.0,0.0,Optimal,3567.354144099998,3742376.15534414
6997,,86.2,0.0,30.0,6.3643595,30.0,0.0,-30.0,0.0,0.0,0.0,0.0,0.0,0.0,Optimal,3567.354144099998,3742376.15534414
6998,,90.53,30.0,0.0,35.16436,0.0,30.0,30.0,0.0,0.0,0.0,0.0,0.0,0.0,Optimal,3567.354144099998,3742376.15534414
6999,,86.8,0.0,30.0,3.9143595,30.0,0.0,-30.0,0.0,0.0,0.0,0.0,0.0,0.0,Optimal,3567.354144099998,3742376.15534414
7000,,103.29,0.0,0.0,3.9143595,0.0,0.0,0.0,0.0,0.0,0.0,0.0,0.0,0.0,Optimal,3567.354144099998,3742376.15534414
7001,,133.67,13.394241,0.0,16.772831,0.0,13.394241,13.394241,0.0,0.0,0.0,0.0,0.0,0.0,Optimal,3567.354144099998,3742376.15534414
7002,,181.0,30.0,0.0,45.572831,0.0,30.0,30.0,0.0,0.0,0.0,0.0,0.0,0.0,Optimal,3567.354144099998,3742376.15534414
7003,,142.85,30.0,0.0,74.372831,0.0,30.0,30.0,0.0,0.0,0.0,0.0,0.0,0.0,Optimal,3567.354144099998,3742376.15534414
7004,,103.25,0.0,0.0,74.372831,0.0,0.0,0.0,0.0,0.0,0.0,0.0,0.0,0.0,Optimal,3567.354144099998,3742376.15534414
7005,,97.06,0.0,27.648,45.572831,27.648,0.0,-27.648,0.0,0.0,0.0,0.0,0.0,0.0,Optimal,3567.354144099998,3742376.15534414
7006,,97.13,30.0,0.0,74.372831,0.0,30.0,30.0,0.0,0.0,0.0,0.0,0.0,0.0,Optimal,3567.354144099998,3742376.15534414
7007,,86.74,0.0,30.0,43.122831,30.0,0.0,-30.0,0.0,0.0,0.0,0.0,0.0,0.0,Optimal,3567.354144099998,3742376.15534414
7008,,91.09,0.0,30.0,11.872831,30.0,0.0,-30.0,0.0,0.0,0.0,0.0,0.0,0.0,Optimal,3567.354144099998,3742376.15534414
7009,,92.07,30.0,0.0,40.672831,0.0,30.0,30.0,0.0,0.0,0.0,0.0,0.0,0.0,Optimal,3567.354144099998,3742376.15534414
7010,,87.88,30.0,0.0,69.472831,0.0,30.0,30.0,0.0,0.0,0.0,0.0,0.0,0.0,Optimal,3567.354144099998,3742376.15534414
7011,,81.08,0.0,30.0,38.222831,30.0,0.0,-30.0,0.0,0.0,0.0,0.0,0.0,0.0,Optimal,3567.354144099998,3742376.15534414
7012,,84.65,29.366176,0.0,66.41436,0.0,29.366176,29.366176,0.0,0.0,0.0,0.0,0.0,0.0,Optimal,3567.354144099998,3742376.15534414
7013,,83.48,0.0,30.0,35.16436,30.0,0.0,-30.0,0.0,0.0,0.0,0.0,0.0,0.0,Optimal,3567.354144099998,3742376.15534414
7014,,83.21,0.0,30.0,3.9143595,30.0,0.0,-30.0,0.0,0.0,0.0,0.0,0.0,0.0,Optimal,3567.354144099998,3742376.15534414
7015,,90.55,13.394241,0.0,16.772831,0.0,13.394241,13.394241,0.0,0.0,0.0,0.0,0.0,0.0,Optimal,3567.354144099998,3742376.15534414
7016,,98.7,30.0,0.0,45.572831,0.0,30.0,30.0,0.0,0.0,0.0,0.0,0.0,0.0,Optimal,3567.354144099998,3742376.15534414
7017,,91.8,30.0,0.0,74.372831,0.0,30.0,30.0,0.0,0.0,0.0,0.0,0.0,0.0,Optimal,3567.354144099998,3742376.15534414
7018,,78.59,0.0,0.0,74.372831,0.0,0.0,0.0,0.0,0.0,0.0,0.0,0.0,0.0,Optimal,3567.354144099998,3742376.15534414
7019,,72.03,0.0,0.0,74.372831,0.0,0.0,0.0,0.0,0.0,0.0,0.0,0.0,0.0,Optimal,3567.354144099998,3742376.15534414
7020,,66.0,0.0,7.6401325,66.41436,7.6401325,0.0,-7.6401325,0.0,0.0,0.0,0.0,0.0,0.0,Optimal,3567.354144099998,3742376.15534414
7021,,60.15,0.0,30.0,35.16436,30.0,0.0,-30.0,0.0,0.0,0.0,0.0,0.0,0.0,Optimal,3567.354144099998,3742376.15534414
7022,,61.0,0.0,30.0,3.9143595,30.0,0.0,-30.0,0.0,0.0,0.0,0.0,0.0,0.0,Optimal,3567.354144099998,3742376.15534414
7023,,75.45,0.0,0.0,3.9143595,0.0,0.0,0.0,0.0,0.0,0.0,0.0,0.0,0.0,Optimal,3567.354144099998,3742376.15534414
7024,,96.0,0.0,0.0,3.9143595,0.0,0.0,0.0,0.0,0.0,0.0,0.0,0.0,0.0,Optimal,3567.354144099998,3742376.15534414
7025,,106.83,13.394241,0.0,16.772831,0.0,13.394241,13.394241,0.0,0.0,0.0,0.0,0.0,0.0,Optimal,3567.354144099998,3742376.15534414
7026,,133.13,30.0,0.0,45.572831,0.0,30.0,30.0,0.0,0.0,0.0,0.0,0.0,0.0,Optimal,3567.354144099998,3742376.15534414
7027,,117.0,30.0,0.0,74.372831,0.0,30.0,30.0,0.0,0.0,0.0,0.0,0.0,0.0,Optimal,3567.354144099998,3742376.15534414
7028,,95.45,0.0,0.0,74.372831,0.0,0.0,0.0,0.0,0.0,0.0,0.0,0.0,0.0,Optimal,3567.354144099998,3742376.15534414
7029,,88.6,0.0,27.648,45.572831,27.648,0.0,-27.648,0.0,0.0,0.0,0.0,0.0,0.0,Optimal,3567.354144099998,3742376.15534414
7030,,83.41,30.0,0.0,74.372831,0.0,30.0,30.0,0.0,0.0,0.0,0.0,0.0,0.0,Optimal,3567.354144099998,3742376.15534414
7031,,73.33,0.0,0.0,74.372831,0.0,0.0,0.0,0.0,0.0,0.0,0.0,0.0,0.0,Optimal,3567.354144099998,3742376.15534414
7032,,54.04,0.0,30.0,43.122831,30.0,0.0,-30.0,0.0,0.0,0.0,0.0,0.0,0.0,Optimal,3567.354144099998,3742376.15534414
7033,,54.9,24.262009,0.0,66.41436,0.0,24.262009,24.262009,0.0,0.0,0.0,0.0,0.0,0.0,Optimal,3567.354144099998,3742376.15534414
7034,,54.58,0.0,30.0,35.16436,30.0,0.0,-30.0,0.0,0.0,0.0,0.0,0.0,0.0,Optimal,3567.354144099998,3742376.15534414
7035,,55.91,0.0,30.0,3.9143595,30.0,0.0,-30.0,0.0,0.0,0.0,0.0,0.0,0.0,Optimal,3567.354144099998,3742376.15534414
7036,,59.59,15.946324,0.0,19.222831,0.0,15.946324,15.946324,0.0,0.0,0.0,0.0,0.0,0.0,Optimal,3567.354144099998,3742376.15534414
7037,,63.01,30.0,0.0,48.022831,0.0,30.0,30.0,0.0,0.0,0.0,0.0,0.0,0.0,Optimal,3567.354144099998,3742376.15534414
7038,,59.95,0.0,30.0,16.772831,30.0,0.0,-30.0,0.0,0.0,0.0,0.0,0.0,0.0,Optimal,3567.354144099998,3742376.15534414
7039,,73.24,30.0,0.0,45.572831,0.0,30.0,30.0,0.0,0.0,0.0,0.0,0.0,0.0,Optimal,3567.354144099998,3742376.15534414
7040,,65.8,30.0,0.0,74.372831,0.0,30.0,30.0,0.0,0.0,0.0,0.0,0.0,0.0,Optimal,3567.354144099998,3742376.15534414
7041,,44.36,0.0,0.0,74.372831,0.0,0.0,0.0,0.0,0.0,0.0,0.0,0.0,0.0,Optimal,3567.354144099998,3742376.15534414
7042,,6.37,0.0,0.0,74.372831,0.0,0.0,0.0,0.0,0.0,0.0,0.0,0.0,0.0,Optimal,3567.354144099998,3742376.15534414
7043,,0.08,0.0,0.0,74.372831,0.0,0.0,0.0,0.0,0.0,0.0,0.0,0.0,0.0,Optimal,3567.354144099998,3742376.15534414
7044,,0.0,0.0,7.6401325,66.41436,7.6401325,0.0,-7.6401325,0.0,0.0,0.0,0.0,0.0,0.0,Optimal,3567.354144099998,3742376.15534414
7045,,-0.98,0.0,30.0,35.16436,30.0,0.0,-30.0,0.0,0.0,0.0,0.0,0.0,0.0,Optimal,3567.354144099998,3742376.15534414
7046,,-2.01,0.0,30.0,3.9143595,30.0,0.0,-30.0,0.0,0.0,0.0,0.0,0.0,0.0,Optimal,3567.354144099998,3742376.15534414
7047,,0.0,0.0,0.0,3.9143595,0.0,0.0,0.0,0.0,0.0,0.0,0.0,0.0,0.0,Optimal,3567.354144099998,3742376.15534414
7048,,5.0,0.0,0.0,3.9143595,0.0,0.0,0.0,0.0,0.0,0.0,0.0,0.0,0.0,Optimal,3567.354144099998,3742376.15534414
7049,,55.55,30.0,0.0,32.71436,0.0,30.0,30.0,0.0,0.0,0.0,0.0,0.0,0.0,Optimal,3567.354144099998,3742376.15534414
7050,,60.0,30.0,0.0,61.51436,0.0,30.0,30.0,0.0,0.0,0.0,0.0,0.0,0.0,Optimal,3567.354144099998,3742376.15534414
7051,,47.44,13.394241,0.0,74.372831,0.0,13.394241,13.394241,0.0,0.0,0.0,0.0,0.0,0.0,Optimal,3567.354144099998,3742376.15534414
7052,,35.09,0.0,0.0,74.372831,0.0,0.0,0.0,0.0,0.0,0.0,0.0,0.0,0.0,Optimal,3567.354144099998,3742376.15534414
7053,,21.72,0.0,0.0,74.372831,0.0,0.0,0.0,0.0,0.0,0.0,0.0,0.0,0.0,Optimal,3567.354144099998,3742376.15534414
7054,,12.66,0.0,0.0,74.372831,0.0,0.0,0.0,0.0,0.0,0.0,0.0,0.0,0.0,Optimal,3567.354144099998,3742376.15534414
7055,,2.02,0.0,0.0,74.372831,0.0,0.0,0.0,0.0,0.0,0.0,0.0,0.0,0.0,Optimal,3567.354144099998,3742376.15534414
7056,,-0.1,0.0,30.0,43.122831,30.0,0.0,-30.0,0.0,0.0,0.0,0.0,0.0,0.0,Optimal,3567.354144099998,3742376.15534414
7057,,-0.1,0.0,7.6401325,35.16436,7.6401325,0.0,-7.6401325,0.0,0.0,0.0,0.0,0.0,0.0,Optimal,3567.354144099998,3742376.15534414
7058,,-0.14,0.0,30.0,3.9143595,30.0,0.0,-30.0,0.0,0.0,0.0,0.0,0.0,0.0,Optimal,3567.354144099998,3742376.15534414
7059,,-0.08,0.0,0.0,3.9143595,0.0,0.0,0.0,0.0,0.0,0.0,0.0,0.0,0.0,Optimal,3567.354144099998,3742376.15534414
7060,,0.0,0.0,0.0,3.9143595,0.0,0.0,0.0,0.0,0.0,0.0,0.0,0.0,0.0,Optimal,3567.354144099998,3742376.15534414
7061,,3.45,0.0,0.0,3.9143595,0.0,0.0,0.0,0.0,0.0,0.0,0.0,0.0,0.0,Optimal,3567.354144099998,3742376.15534414
7062,,61.96,0.0,0.0,3.9143595,0.0,0.0,0.0,0.0,0.0,0.0,0.0,0.0,0.0,Optimal,3567.354144099998,3742376.15534414
7063,,104.13,30.0,0.0,32.71436,0.0,30.0,30.0,0.0,0.0,0.0,0.0,0.0,0.0,Optimal,3567.354144099998,3742376.15534414
7064,,120.35,30.0,0.0,61.51436,0.0,30.0,30.0,0.0,0.0,0.0,0.0,0.0,0.0,Optimal,3567.354144099998,3742376.15534414
7065,,103.9,13.394241,0.0,74.372831,0.0,13.394241,13.394241,0.0,0.0,0.0,0.0,0.0,0.0,Optimal,3567.354144099998,3742376.15534414
7066,,91.0,0.0,0.0,74.372831,0.0,0.0,0.0,0.0,0.0,0.0,0.0,0.0,0.0,Optimal,3567.354144099998,3742376.15534414
7067,,84.91,0.0,30.0,43.122831,30.0,0.0,-30.0,0.0,0.0,0.0,0.0,0.0,0.0,Optimal,3567.354144099998,3742376.15534414
7068,,80.0,0.0,30.0,11.872831,30.0,0.0,-30.0,0.0,0.0,0.0,0.0,0.0,0.0,Optimal,3567.354144099998,3742376.15534414
7069,,83.15,24.262009,0.0,35.16436,0.0,24.262009,24.262009,0.0,0.0,0.0,0.0,0.0,0.0,Optimal,3567.354144099998,3742376.15534414
7070,,83.19,0.0,30.0,3.9143595,30.0,0.0,-30.0,0.0,0.0,0.0,0.0,0.0,0.0,Optimal,3567.354144099998,3742376.15534414
7071,,95.82,0.0,0.0,3.9143595,0.0,0.0,0.0,0.0,0.0,0.0,0.0,0.0,0.0,Optimal,3567.354144099998,3742376.15534414
7072,,116.57,0.0,0.0,3.9143595,0.0,0.0,0.0,0.0,0.0,0.0,0.0,0.0,0.0,Optimal,3567.354144099998,3742376.15534414
7073,,130.04,13.394241,0.0,16.772831,0.0,13.394241,13.394241,0.0,0.0,0.0,0.0,0.0,0.0,Optimal,3567.354144099998,3742376.15534414
7074,,212.15,30.0,0.0,45.572831,0.0,30.0,30.0,0.0,0.0,0.0,0.0,0.0,0.0,Optimal,3567.354144099998,3742376.15534414
7075,,188.35,30.0,0.0,74.372831,0.0,30.0,30.0,0.0,0.0,0.0,0.0,0.0,0.0,Optimal,3567.354144099998,3742376.15534414
7076,,128.18,0.0,0.0,74.372831,0.0,0.0,0.0,0.0,0.0,0.0,0.0,0.0,0.0,Optimal,3567.354144099998,3742376.15534414
7077,,100.56,0.0,27.648,45.572831,27.648,0.0,-27.648,0.0,0.0,0.0,0.0,0.0,0.0,Optimal,3567.354144099998,3742376.15534414
7078,,97.79,30.0,0.0,74.372831,0.0,30.0,30.0,0.0,0.0,0.0,0.0,0.0,0.0,Optimal,3567.354144099998,3742376.15534414
7079,,92.97,0.0,0.0,74.372831,0.0,0.0,0.0,0.0,0.0,0.0,0.0,0.0,0.0,Optimal,3567.354144099998,3742376.15534414
7080,,89.42,0.0,30.0,43.122831,30.0,0.0,-30.0,0.0,0.0,0.0,0.0,0.0,0.0,Optimal,3567.354144099998,3742376.15534414
7081,,87.04,30.0,0.0,71.922831,0.0,30.0,30.0,0.0,0.0,0.0,0.0,0.0,0.0,Optimal,3567.354144099998,3742376.15534414
7082,,84.33,0.0,30.0,40.672831,30.0,0.0,-30.0,0.0,0.0,0.0,0.0,0.0,0.0,Optimal,3567.354144099998,3742376.15534414
7083,,83.6,26.814092,0.0,66.41436,0.0,26.814092,26.814092,0.0,0.0,0.0,0.0,0.0,0.0,Optimal,3567.354144099998,3742376.15534414
7084,,83.02,0.0,30.0,35.16436,30.0,0.0,-30.0,0.0,0.0,0.0,0.0,0.0,0.0,Optimal,3567.354144099998,3742376.15534414
7085,,86.0,0.0,30.0,3.9143595,30.0,0.0,-30.0,0.0,0.0,0.0,0.0,0.0,0.0,Optimal,3567.354144099998,3742376.15534414
7086,,98.14,0.0,0.0,3.9143595,0.0,0.0,0.0,0.0,0.0,0.0,0.0,0.0,0.0,Optimal,3567.354144099998,3742376.15534414
7087,,150.0,30.0,0.0,32.71436,0.0,30.0,30.0,0.0,0.0,0.0,0.0,0.0,0.0,Optimal,3567.354144099998,3742376.15534414
7088,,163.01,30.0,0.0,61.51436,0.0,30.0,30.0,0.0,0.0,0.0,0.0,0.0,0.0,Optimal,3567.354144099998,3742376.15534414
7089,,113.37,13.394241,0.0,74.372831,0.0,13.394241,13.394241,0.0,0.0,0.0,0.0,0.0,0.0,Optimal,3567.354144099998,3742376.15534414
7090,,98.79,0.0,0.0,74.372831,0.0,0.0,0.0,0.0,0.0,0.0,0.0,0.0,0.0,Optimal,3567.354144099998,3742376.15534414
7091,,88.53,0.0,0.0,74.372831,0.0,0.0,0.0,0.0,0.0,0.0,0.0,0.0,0.0,Optimal,3567.354144099998,3742376.15534414
7092,,77.61,0.0,7.6401325,66.41436,7.6401325,0.0,-7.6401325,0.0,0.0,0.0,0.0,0.0,0.0,Optimal,3567.354144099998,3742376.15534414
7093,,70.88,0.0,30.0,35.16436,30.0,0.0,-30.0,0.0,0.0,0.0,0.0,0.0,0.0,Optimal,3567.354144099998,3742376.15534414
7094,,71.93,0.0,30.0,3.9143595,30.0,0.0,-30.0,0.0,0.0,0.0,0.0,0.0,0.0,Optimal,3567.354144099998,3742376.15534414
7095,,81.8,0.0,0.0,3.9143595,0.0,0.0,0.0,0.0,0.0,0.0,0.0,0.0,0.0,Optimal,3567.354144099998,3742376.15534414
7096,,103.11,30.0,0.0,32.71436,0.0,30.0,30.0,0.0,0.0,0.0,0.0,0.0,0.0,Optimal,3567.354144099998,3742376.15534414
7097,,107.45,0.0,27.648,3.9143595,27.648,0.0,-27.648,0.0,0.0,0.0,0.0,0.0,0.0,Optimal,3567.354144099998,3742376.15534414
7098,,139.92,30.0,0.0,32.71436,0.0,30.0,30.0,0.0,0.0,0.0,0.0,0.0,0.0,Optimal,3567.354144099998,3742376.15534414
7099,,158.32,30.0,0.0,61.51436,0.0,30.0,30.0,0.0,0.0,0.0,0.0,0.0,0.0,Optimal,3567.354144099998,3742376.15534414
7100,,114.28,13.394241,0.0,74.372831,0.0,13.394241,13.394241,0.0,0.0,0.0,0.0,0.0,0.0,Optimal,3567.354144099998,3742376.15534414
7101,,99.59,0.0,27.648,45.572831,27.648,0.0,-27.648,0.0,0.0,0.0,0.0,0.0,0.0,Optimal,3567.354144099998,3742376.15534414
7102,,95.73,30.0,0.0,74.372831,0.0,30.0,30.0,0.0,0.0,0.0,0.0,0.0,0.0,Optimal,3567.354144099998,3742376.15534414
7103,,88.35,0.0,30.0,43.122831,30.0,0.0,-30.0,0.0,0.0,0.0,0.0,0.0,0.0,Optimal,3567.354144099998,3742376.15534414
7104,,81.16,0.0,30.0,11.872831,30.0,0.0,-30.0,0.0,0.0,0.0,0.0,0.0,0.0,Optimal,3567.354144099998,3742376.15534414
7105,,83.78,30.0,0.0,40.672831,0.0,30.0,30.0,0.0,0.0,0.0,0.0,0.0,0.0,Optimal,3567.354144099998,3742376.15534414
7106,,83.53,0.0,30.0,9.4228309,30.0,0.0,-30.0,0.0,0.0,0.0,0.0,0.0,0.0,Optimal,3567.354144099998,3742376.15534414
7107,,85.81,30.0,0.0,38.222831,0.0,30.0,30.0,0.0,0.0,0.0,0.0,0.0,0.0,Optimal,3567.354144099998,3742376.15534414
7108,,83.69,0.0,30.0,6.9728309,30.0,0.0,-30.0,0.0,0.0,0.0,0.0,0.0,0.0,Optimal,3567.354144099998,3742376.15534414
7109,,90.64,0.0,2.9361325,3.9143595,2.9361325,0.0,-2.9361325,0.0,0.0,0.0,0.0,0.0,0.0,Optimal,3567.354144099998,3742376.15534414
7110,,104.72,0.0,0.0,3.9143595,0.0,0.0,0.0,0.0,0.0,0.0,0.0,0.0,0.0,Optimal,3567.354144099998,3742376.15534414
7111,,137.49,30.0,0.0,32.71436,0.0,30.0,30.0,0.0,0.0,0.0,0.0,0.0,0.0,Optimal,3567.354144099998,3742376.15534414
7112,,162.41,30.0,0.0,61.51436,0.0,30.0,30.0,0.0,0.0,0.0,0.0,0.0,0.0,Optimal,3567.354144099998,3742376.15534414
7113,,127.69,13.394241,0.0,74.372831,0.0,13.394241,13.394241,0.0,0.0,0.0,0.0,0.0,0.0,Optimal,3567.354144099998,3742376.15534414
7114,,102.2,0.0,0.0,74.372831,0.0,0.0,0.0,0.0,0.0,0.0,0.0,0.0,0.0,Optimal,3567.354144099998,3742376.15534414
7115,,91.24,0.0,0.0,74.372831,0.0,0.0,0.0,0.0,0.0,0.0,0.0,0.0,0.0,Optimal,3567.354144099998,3742376.15534414
7116,,82.36,0.0,7.6401325,66.41436,7.6401325,0.0,-7.6401325,0.0,0.0,0.0,0.0,0.0,0.0,Optimal,3567.354144099998,3742376.15534414
7117,,77.07,0.0,30.0,35.16436,30.0,0.0,-30.0,0.0,0.0,0.0,0.0,0.0,0.0,Optimal,3567.354144099998,3742376.15534414
7118,,75.42,0.0,30.0,3.9143595,30.0,0.0,-30.0,0.0,0.0,0.0,0.0,0.0,0.0,Optimal,3567.354144099998,3742376.15534414
7119,,84.2,0.0,0.0,3.9143595,0.0,0.0,0.0,0.0,0.0,0.0,0.0,0.0,0.0,Optimal,3567.354144099998,3742376.15534414
7120,,97.37,0.0,0.0,3.9143595,0.0,0.0,0.0,0.0,0.0,0.0,0.0,0.0,0.0,Optimal,3567.354144099998,3742376.15534414
7121,,139.97,13.394241,0.0,16.772831,0.0,13.394241,13.394241,0.0,0.0,0.0,0.0,0.0,0.0,Optimal,3567.354144099998,3742376.15534414
7122,,205.36,30.0,0.0,45.572831,0.0,30.0,30.0,0.0,0.0,0.0,0.0,0.0,0.0,Optimal,3567.354144099998,3742376.15534414
7123,,176.0,30.0,0.0,74.372831,0.0,30.0,30.0,0.0,0.0,0.0,0.0,0.0,0.0,Optimal,3567.354144099998,3742376.15534414
7124,,113.16,0.0,0.0,74.372831,0.0,0.0,0.0,0.0,0.0,0.0,0.0,0.0,0.0,Optimal,3567.354144099998,3742376.15534414
7125,,101.22,0.0,27.648,45.572831,27.648,0.0,-27.648,0.0,0.0,0.0,0.0,0.0,0.0,Optimal,3567.354144099998,3742376.15534414
7126,,102.93,30.0,0.0,74.372831,0.0,30.0,30.0,0.0,0.0,0.0,0.0,0.0,0.0,Optimal,3567.354144099998,3742376.15534414
7127,,93.16,0.0,27.648,45.572831,27.648,0.0,-27.648,0.0,0.0,0.0,0.0,0.0,0.0,Optimal,3567.354144099998,3742376.15534414
7128,,86.76,30.0,0.0,74.372831,0.0,30.0,30.0,0.0,0.0,0.0,0.0,0.0,0.0,Optimal,3567.354144099998,3742376.15534414
7129,,80.11,0.0,30.0,43.122831,30.0,0.0,-30.0,0.0,0.0,0.0,0.0,0.0,0.0,Optimal,3567.354144099998,3742376.15534414
7130,,78.1,30.0,0.0,71.922831,0.0,30.0,30.0,0.0,0.0,0.0,0.0,0.0,0.0,Optimal,3567.354144099998,3742376.15534414
7131,,75.67,0.0,30.0,40.672831,30.0,0.0,-30.0,0.0,0.0,0.0,0.0,0.0,0.0,Optimal,3567.354144099998,3742376.15534414
7132,,76.07,0.0,30.0,9.4228309,30.0,0.0,-30.0,0.0,0.0,0.0,0.0,0.0,0.0,Optimal,3567.354144099998,3742376.15534414
7133,,80.17,0.0,5.2881325,3.9143595,5.2881325,0.0,-5.2881325,0.0,0.0,0.0,0.0,0.0,0.0,Optimal,3567.354144099998,3742376.15534414
7134,,100.35,0.0,0.0,3.9143595,0.0,0.0,0.0,0.0,0.0,0.0,0.0,0.0,0.0,Optimal,3567.354144099998,3742376.15534414
7135,,141.86,30.0,0.0,32.71436,0.0,30.0,30.0,0.0,0.0,0.0,0.0,0.0,0.0,Optimal,3567.354144099998,3742376.15534414
7136,,165.39,30.0,0.0,61.51436,0.0,30.0,30.0,0.0,0.0,0.0,0.0,0.0,0.0,Optimal,3567.354144099998,3742376.15534414
7137,,114.77,13.394241,0.0,74.372831,0.0,13.394241,13.394241,0.0,0.0,0.0,0.0,0.0,0.0,Optimal,3567.354144099998,3742376.15534414
7138,,98.31,0.0,0.0,74.372831,0.0,0.0,0.0,0.0,0.0,0.0,0.0,0.0,0.0,Optimal,3567.354144099998,3742376.15534414
7139,,89.03,0.0,0.0,74.372831,0.0,0.0,0.0,0.0,0.0,0.0,0.0,0.0,0.0,Optimal,3567.354144099998,3742376.15534414
7140,,80.0,0.0,7.6401325,66.41436,7.6401325,0.0,-7.6401325,0.0,0.0,0.0,0.0,0.0,0.0,Optimal,3567.354144099998,3742376.15534414
7141,,75.08,0.0,30.0,35.16436,30.0,0.0,-30.0,0.0,0.0,0.0,0.0,0.0,0.0,Optimal,3567.354144099998,3742376.15534414
7142,,75.13,0.0,30.0,3.9143595,30.0,0.0,-30.0,0.0,0.0,0.0,0.0,0.0,0.0,Optimal,3567.354144099998,3742376.15534414
7143,,87.27,0.0,0.0,3.9143595,0.0,0.0,0.0,0.0,0.0,0.0,0.0,0.0,0.0,Optimal,3567.354144099998,3742376.15534414
7144,,106.15,0.0,0.0,3.9143595,0.0,0.0,0.0,0.0,0.0,0.0,0.0,0.0,0.0,Optimal,3567.354144099998,3742376.15534414
7145,,123.58,30.0,0.0,32.71436,0.0,30.0,30.0,0.0,0.0,0.0,0.0,0.0,0.0,Optimal,3567.354144099998,3742376.15534414
7146,,136.37,30.0,0.0,61.51436,0.0,30.0,30.0,0.0,0.0,0.0,0.0,0.0,0.0,Optimal,3567.354144099998,3742376.15534414
7147,,116.04,13.394241,0.0,74.372831,0.0,13.394241,13.394241,0.0,0.0,0.0,0.0,0.0,0.0,Optimal,3567.354144099998,3742376.15534414
7148,,96.61,0.0,0.0,74.372831,0.0,0.0,0.0,0.0,0.0,0.0,0.0,0.0,0.0,Optimal,3567.354144099998,3742376.15534414
7149,,93.29,0.0,27.648,45.572831,27.648,0.0,-27.648,0.0,0.0,0.0,0.0,0.0,0.0,Optimal,3567.354144099998,3742376.15534414
7150,,111.46,30.0,0.0,74.372831,0.0,30.0,30.0,0.0,0.0,0.0,0.0,0.0,0.0,Optimal,3567.354144099998,3742376.15534414
7151,,83.61,0.0,30.0,43.122831,30.0,0.0,-30.0,0.0,0.0,0.0,0.0,0.0,0.0,Optimal,3567.354144099998,3742376.15534414
7152,,82.5,26.814092,0.0,68.86436,0.0,26.814092,26.814092,0.0,0.0,0.0,0.0,0.0,0.0,Optimal,3567.354144099998,3742376.15534414
7153,,82.07,0.0,30.0,37.61436,30.0,0.0,-30.0,0.0,0.0,0.0,0.0,0.0,0.0,Optimal,3567.354144099998,3742376.15534414
7154,,79.69,0.0,30.0,6.3643595,30.0,0.0,-30.0,0.0,0.0,0.0,0.0,0.0,0.0,Optimal,3567.354144099998,3742376.15534414
7155,,82.6,30.0,0.0,35.16436,0.0,30.0,30.0,0.0,0.0,0.0,0.0,0.0,0.0,Optimal,3567.354144099998,3742376.15534414
7156,,84.47,0.0,30.0,3.9143595,30.0,0.0,-30.0,0.0,0.0,0.0,0.0,0.0,0.0,Optimal,3567.354144099998,3742376.15534414
7157,,94.59,0.0,0.0,3.9143595,0.0,0.0,0.0,0.0,0.0,0.0,0.0,0.0,0.0,Optimal,3567.354144099998,3742376.15534414
7158,,103.43,0.0,0.0,3.9143595,0.0,0.0,0.0,0.0,0.0,0.0,0.0,0.0,0.0,Optimal,3567.354144099998,3742376.15534414
7159,,120.03,30.0,0.0,32.71436,0.0,30.0,30.0,0.0,0.0,0.0,0.0,0.0,0.0,Optimal,3567.354144099998,3742376.15534414
7160,,143.2,30.0,0.0,61.51436,0.0,30.0,30.0,0.0,0.0,0.0,0.0,0.0,0.0,Optimal,3567.354144099998,3742376.15534414
7161,,118.74,13.394241,0.0,74.372831,0.0,13.394241,13.394241,0.0,0.0,0.0,0.0,0.0,0.0,Optimal,3567.354144099998,3742376.15534414
7162,,105.14,0.0,0.0,74.372831,0.0,0.0,0.0,0.0,0.0,0.0,0.0,0.0,0.0,Optimal,3567.354144099998,3742376.15534414
7163,,90.71,0.0,0.0,74.372831,0.0,0.0,0.0,0.0,0.0,0.0,0.0,0.0,0.0,Optimal,3567.354144099998,3742376.15534414
7164,,79.14,0.0,30.0,43.122831,30.0,0.0,-30.0,0.0,0.0,0.0,0.0,0.0,0.0,Optimal,3567.354144099998,3742376.15534414
7165,,76.17,0.0,30.0,11.872831,30.0,0.0,-30.0,0.0,0.0,0.0,0.0,0.0,0.0,Optimal,3567.354144099998,3742376.15534414
7166,,79.9,0.0,7.6401325,3.9143595,7.6401325,0.0,-7.6401325,0.0,0.0,0.0,0.0,0.0,0.0,Optimal,3567.354144099998,3742376.15534414
7167,,94.2,0.0,0.0,3.9143595,0.0,0.0,0.0,0.0,0.0,0.0,0.0,0.0,0.0,Optimal,3567.354144099998,3742376.15534414
7168,,110.5,0.0,0.0,3.9143595,0.0,0.0,0.0,0.0,0.0,0.0,0.0,0.0,0.0,Optimal,3567.354144099998,3742376.15534414
7169,,145.48,13.394241,0.0,16.772831,0.0,13.394241,13.394241,0.0,0.0,0.0,0.0,0.0,0.0,Optimal,3567.354144099998,3742376.15534414
7170,,209.41,30.0,0.0,45.572831,0.0,30.0,30.0,0.0,0.0,0.0,0.0,0.0,0.0,Optimal,3567.354144099998,3742376.15534414
7171,,176.36,30.0,0.0,74.372831,0.0,30.0,30.0,0.0,0.0,0.0,0.0,0.0,0.0,Optimal,3567.354144099998,3742376.15534414
7172,,121.68,0.0,0.0,74.372831,0.0,0.0,0.0,0.0,0.0,0.0,0.0,0.0,0.0,Optimal,3567.354144099998,3742376.15534414
7173,,113.69,0.0,27.648,45.572831,27.648,0.0,-27.648,0.0,0.0,0.0,0.0,0.0,0.0,Optimal,3567.354144099998,3742376.15534414
7174,,111.49,30.0,0.0,74.372831,0.0,30.0,30.0,0.0,0.0,0.0,0.0,0.0,0.0,Optimal,3567.354144099998,3742376.15534414
7175,,104.22,0.0,30.0,43.122831,30.0,0.0,-30.0,0.0,0.0,0.0,0.0,0.0,0.0,Optimal,3567.354144099998,3742376.15534414
7176,,109.95,30.0,0.0,71.922831,0.0,30.0,30.0,0.0,0.0,0.0,0.0,0.0,0.0,Optimal,3567.354144099998,3742376.15534414
7177,,104.5,2.5520833,0.0,74.372831,0.0,2.5520833,2.5520833,0.0,0.0,0.0,0.0,0.0,0.0,Optimal,3567.354144099998,3742376.15534414
7178,,102.7,0.0,30.0,43.122831,30.0,0.0,-30.0,0.0,0.0,0.0,0.0,0.0,0.0,Optimal,3567.354144099998,3742376.15534414
7179,,102.5,30.0,0.0,71.922831,0.0,30.0,30.0,0.0,0.0,0.0,0.0,0.0,0.0,Optimal,3567.354144099998,3742376.15534414
7180,,99.23,0.0,30.0,40.672831,30.0,0.0,-30.0,0.0,0.0,0.0,0.0,0.0,0.0,Optimal,3567.354144099998,3742376.15534414
7181,,100.3,0.0,30.0,9.4228309,30.0,0.0,-30.0,0.0,0.0,0.0,0.0,0.0,0.0,Optimal,3567.354144099998,3742376.15534414
7182,,105.26,0.0,5.2881325,3.9143595,5.2881325,0.0,-5.2881325,0.0,0.0,0.0,0.0,0.0,0.0,Optimal,3567.354144099998,3742376.15534414
7183,,118.29,13.394241,0.0,16.772831,0.0,13.394241,13.394241,0.0,0.0,0.0,0.0,0.0,0.0,Optimal,3567.354144099998,3742376.15534414
7184,,126.0,30.0,0.0,45.572831,0.0,30.0,30.0,0.0,0.0,0.0,0.0,0.0,0.0,Optimal,3567.354144099998,3742376.15534414
7185,,121.96,30.0,0.0,74.372831,0.0,30.0,30.0,0.0,0.0,0.0,0.0,0.0,0.0,Optimal,3567.354144099998,3742376.15534414
7186,,97.0,0.0,0.0,74.372831,0.0,0.0,0.0,0.0,0.0,0.0,0.0,0.0,0.0,Optimal,3567.354144099998,3742376.15534414
7187,,78.19,0.0,0.0,74.372831,0.0,0.0,0.0,0.0,0.0,0.0,0.0,0.0,0.0,Optimal,3567.354144099998,3742376.15534414
7188,,66.11,0.0,7.6401325,66.41436,7.6401325,0.0,-7.6401325,0.0,0.0,0.0,0.0,0.0,0.0,Optimal,3567.354144099998,3742376.15534414
7189,,62.23,0.0,30.0,35.16436,30.0,0.0,-30.0,0.0,0.0,0.0,0.0,0.0,0.0,Optimal,3567.354144099998,3742376.15534414
7190,,62.7,0.0,30.0,3.9143595,30.0,0.0,-30.0,0.0,0.0,0.0,0.0,0.0,0.0,Optimal,3567.354144099998,3742376.15534414
7191,,75.78,0.0,0.0,3.9143595,0.0,0.0,0.0,0.0,0.0,0.0,0.0,0.0,0.0,Optimal,3567.354144099998,3742376.15534414
7192,,95.63,0.0,0.0,3.9143595,0.0,0.0,0.0,0.0,0.0,0.0,0.0,0.0,0.0,Optimal,3567.354144099998,3742376.15534414
7193,,124.98,30.0,0.0,32.71436,0.0,30.0,30.0,0.0,0.0,0.0,0.0,0.0,0.0,Optimal,3567.354144099998,3742376.15534414
7194,,151.65,30.0,0.0,61.51436,0.0,30.0,30.0,0.0,0.0,0.0,0.0,0.0,0.0,Optimal,3567.354144099998,3742376.15534414
7195,,118.94,13.394241,0.0,74.372831,0.0,13.394241,13.394241,0.0,0.0,0.0,0.0,0.0,0.0,Optimal,3567.354144099998,3742376.15534414
7196,,101.0,0.0,30.0,43.122831,30.0,0.0,-30.0,0.0,0.0,0.0,0.0,0.0,0.0,Optimal,3567.354144099998,3742376.15534414
7197,,106.4,2.5520833,0.0,45.572831,0.0,2.5520833,2.5520833,0.0,0.0,0.0,0.0,0.0,0.0,Optimal,3567.354144099998,3742376.15534414
7198,,110.1,30.0,0.0,74.372831,0.0,30.0,30.0,0.0,0.0,0.0,0.0,0.0,0.0,Optimal,3567.354144099998,3742376.15534414
7199,,85.38,0.0,30.0,43.122831,30.0,0.0,-30.0,0.0,0.0,0.0,0.0,0.0,0.0,Optimal,3567.354144099998,3742376.15534414
7200,,91.56,30.0,0.0,71.922831,0.0,30.0,30.0,0.0,0.0,0.0,0.0,0.0,0.0,Optimal,3567.354144099998,3742376.15534414
7201,,84.0,0.0,30.0,40.672831,30.0,0.0,-30.0,0.0,0.0,0.0,0.0,0.0,0.0,Optimal,3567.354144099998,3742376.15534414
7202,,82.23,30.0,0.0,69.472831,0.0,30.0,30.0,0.0,0.0,0.0,0.0,0.0,0.0,Optimal,3567.354144099998,3742376.15534414
7203,,80.43,0.0,30.0,38.222831,30.0,0.0,-30.0,0.0,0.0,0.0,0.0,0.0,0.0,Optimal,3567.354144099998,3742376.15534414
7204,,81.12,29.366176,0.0,66.41436,0.0,29.366176,29.366176,0.0,0.0,0.0,0.0,0.0,0.0,Optimal,3567.354144099998,3742376.15534414
7205,,77.08,0.0,30.0,35.16436,30.0,0.0,-30.0,0.0,0.0,0.0,0.0,0.0,0.0,Optimal,3567.354144099998,3742376.15534414
7206,,81.7,0.0,30.0,3.9143595,30.0,0.0,-30.0,0.0,0.0,0.0,0.0,0.0,0.0,Optimal,3567.354144099998,3742376.15534414
7207,,91.3,30.0,0.0,32.71436,0.0,30.0,30.0,0.0,0.0,0.0,0.0,0.0,0.0,Optimal,3567.354144099998,3742376.15534414
7208,,88.25,30.0,0.0,61.51436,0.0,30.0,30.0,0.0,0.0,0.0,0.0,0.0,0.0,Optimal,3567.354144099998,3742376.15534414
7209,,84.68,13.394241,0.0,74.372831,0.0,13.394241,13.394241,0.0,0.0,0.0,0.0,0.0,0.0,Optimal,3567.354144099998,3742376.15534414
7210,,66.72,0.0,0.0,74.372831,0.0,0.0,0.0,0.0,0.0,0.0,0.0,0.0,0.0,Optimal,3567.354144099998,3742376.15534414
7211,,54.72,0.0,0.0,74.372831,0.0,0.0,0.0,0.0,0.0,0.0,0.0,0.0,0.0,Optimal,3567.354144099998,3742376.15534414
7212,,42.5,0.0,7.6401325,66.41436,7.6401325,0.0,-7.6401325,0.0,0.0,0.0,0.0,0.0,0.0,Optimal,3567.354144099998,3742376.15534414
7213,,39.99,0.0,30.0,35.16436,30.0,0.0,-30.0,0.0,0.0,0.0,0.0,0.0,0.0,Optimal,3567.354144099998,3742376.15534414
7214,,40.0,0.0,30.0,3.9143595,30.0,0.0,-30.0,0.0,0.0,0.0,0.0,0.0,0.0,Optimal,3567.354144099998,3742376.15534414
7215,,63.38,0.0,0.0,3.9143595,0.0,0.0,0.0,0.0,0.0,0.0,0.0,0.0,0.0,Optimal,3567.354144099998,3742376.15534414
7216,,101.88,0.0,0.0,3.9143595,0.0,0.0,0.0,0.0,0.0,0.0,0.0,0.0,0.0,Optimal,3567.354144099998,3742376.15534414
7217,,117.8,0.0,0.0,3.9143595,0.0,0.0,0.0,0.0,0.0,0.0,0.0,0.0,0.0,Optimal,3567.354144099998,3742376.15534414
7218,,147.25,30.0,0.0,32.71436,0.0,30.0,30.0,0.0,0.0,0.0,0.0,0.0,0.0,Optimal,3567.354144099998,3742376.15534414
7219,,150.71,30.0,0.0,61.51436,0.0,30.0,30.0,0.0,0.0,0.0,0.0,0.0,0.0,Optimal,3567.354144099998,3742376.15534414
7220,,130.48,13.394241,0.0,74.372831,0.0,13.394241,13.394241,0.0,0.0,0.0,0.0,0.0,0.0,Optimal,3567.354144099998,3742376.15534414
7221,,118.1,0.0,0.0,74.372831,0.0,0.0,0.0,0.0,0.0,0.0,0.0,0.0,0.0,Optimal,3567.354144099998,3742376.15534414
7222,,111.39,0.0,30.0,43.122831,30.0,0.0,-30.0,0.0,0.0,0.0,0.0,0.0,0.0,Optimal,3567.354144099998,3742376.15534414
7223,,109.96,30.0,0.0,71.922831,0.0,30.0,30.0,0.0,0.0,0.0,0.0,0.0,0.0,Optimal,3567.354144099998,3742376.15534414
7224,,102.99,2.5520833,0.0,74.372831,0.0,2.5520833,2.5520833,0.0,0.0,0.0,0.0,0.0,0.0,Optimal,3567.354144099998,3742376.15534414
7225,,93.67,0.0,27.648,45.572831,27.648,0.0,-27.648,0.0,0.0,0.0,0.0,0.0,0.0,Optimal,3567.354144099998,3742376.15534414
7226,,89.38,30.0,0.0,74.372831,0.0,30.0,30.0,0.0,0.0,0.0,0.0,0.0,0.0,Optimal,3567.354144099998,3742376.15534414
7227,,84.14,0.0,7.6401325,66.41436,7.6401325,0.0,-7.6401325,0.0,0.0,0.0,0.0,0.0,0.0,Optimal,3567.354144099998,3742376.15534414
7228,,79.4,0.0,30.0,35.16436,30.0,0.0,-30.0,0.0,0.0,0.0,0.0,0.0,0.0,Optimal,3567.354144099998,3742376.15534414
7229,,79.89,0.0,30.0,3.9143595,30.0,0.0,-30.0,0.0,0.0,0.0,0.0,0.0,0.0,Optimal,3567.354144099998,3742376.15534414
7230,,94.12,30.0,0.0,32.71436,0.0,30.0,30.0,0.0,0.0,0.0,0.0,0.0,0.0,Optimal,3567.354144099998,3742376.15534414
7231,,94.3,0.0,27.648,3.9143595,27.648,0.0,-27.648,0.0,0.0,0.0,0.0,0.0,0.0,Optimal,3567.354144099998,3742376.15534414
7232,,111.1,30.0,0.0,32.71436,0.0,30.0,30.0,0.0,0.0,0.0,0.0,0.0,0.0,Optimal,3567.354144099998,3742376.15534414
7233,,111.28,30.0,0.0,61.51436,0.0,30.0,30.0,0.0,0.0,0.0,0.0,0.0,0.0,Optimal,3567.354144099998,3742376.15534414
7234,,102.92,13.394241,0.0,74.372831,0.0,13.394241,13.394241,0.0,0.0,0.0,0.0,0.0,0.0,Optimal,3567.354144099998,3742376.15534414
7235,,94.42,0.0,30.0,43.122831,30.0,0.0,-30.0,0.0,0.0,0.0,0.0,0.0,0.0,Optimal,3567.354144099998,3742376.15534414
7236,,94.51,24.262009,0.0,66.41436,0.0,24.262009,24.262009,0.0,0.0,0.0,0.0,0.0,0.0,Optimal,3567.354144099998,3742376.15534414
7237,,91.09,0.0,30.0,35.16436,30.0,0.0,-30.0,0.0,0.0,0.0,0.0,0.0,0.0,Optimal,3567.354144099998,3742376.15534414
7238,,96.75,0.0,30.0,3.9143595,30.0,0.0,-30.0,0.0,0.0,0.0,0.0,0.0,0.0,Optimal,3567.354144099998,3742376.15534414
7239,,108.27,2.5520833,0.0,6.3643595,0.0,2.5520833,2.5520833,0.0,0.0,0.0,0.0,0.0,0.0,Optimal,3567.354144099998,3742376.15534414
7240,,117.18,30.0,0.0,35.16436,0.0,30.0,30.0,0.0,0.0,0.0,0.0,0.0,0.0,Optimal,3567.354144099998,3742376.15534414
7241,,116.65,0.0,30.0,3.9143595,30.0,0.0,-30.0,0.0,0.0,0.0,0.0,0.0,0.0,Optimal,3567.354144099998,3742376.15534414
7242,,140.0,13.394241,0.0,16.772831,0.0,13.394241,13.394241,0.0,0.0,0.0,0.0,0.0,0.0,Optimal,3567.354144099998,3742376.15534414
7243,,149.99,30.0,0.0,45.572831,0.0,30.0,30.0,0.0,0.0,0.0,0.0,0.0,0.0,Optimal,3567.354144099998,3742376.15534414
7244,,144.44,30.0,0.0,74.372831,0.0,30.0,30.0,0.0,0.0,0.0,0.0,0.0,0.0,Optimal,3567.354144099998,3742376.15534414
7245,,120.1,0.0,0.0,74.372831,0.0,0.0,0.0,0.0,0.0,0.0,0.0,0.0,0.0,Optimal,3567.354144099998,3742376.15534414
7246,,109.9,0.0,27.648,45.572831,27.648,0.0,-27.648,0.0,0.0,0.0,0.0,0.0,0.0,Optimal,3567.354144099998,3742376.15534414
7247,,108.58,30.0,0.0,74.372831,0.0,30.0,30.0,0.0,0.0,0.0,0.0,0.0,0.0,Optimal,3567.354144099998,3742376.15534414
7248,,101.02,0.0,30.0,43.122831,30.0,0.0,-30.0,0.0,0.0,0.0,0.0,0.0,0.0,Optimal,3567.354144099998,3742376.15534414
7249,,97.69,30.0,0.0,71.922831,0.0,30.0,30.0,0.0,0.0,0.0,0.0,0.0,0.0,Optimal,3567.354144099998,3742376.15534414
7250,,95.7,0.0,30.0,40.672831,30.0,0.0,-30.0,0.0,0.0,0.0,0.0,0.0,0.0,Optimal,3567.354144099998,3742376.15534414
7251,,94.08,26.814092,0.0,66.41436,0.0,26.814092,26.814092,0.0,0.0,0.0,0.0,0.0,0.0,Optimal,3567.354144099998,3742376.15534414
7252,,92.92,0.0,30.0,35.16436,30.0,0.0,-30.0,0.0,0.0,0.0,0.0,0.0,0.0,Optimal,3567.354144099998,3742376.15534414
7253,,94.62,0.0,30.0,3.9143595,30.0,0.0,-30.0,0.0,0.0,0.0,0.0,0.0,0.0,Optimal,3567.354144099998,3742376.15534414
7254,,107.05,0.0,0.0,3.9143595,0.0,0.0,0.0,0.0,0.0,0.0,0.0,0.0,0.0,Optimal,3567.354144099998,3742376.15534414
7255,,120.32,0.0,0.0,3.9143595,0.0,0.0,0.0,0.0,0.0,0.0,0.0,0.0,0.0,Optimal,3567.354144099998,3742376.15534414
7256,,146.29,30.0,0.0,32.71436,0.0,30.0,30.0,0.0,0.0,0.0,0.0,0.0,0.0,Optimal,3567.354144099998,3742376.15534414
7257,,144.7,30.0,0.0,61.51436,0.0,30.0,30.0,0.0,0.0,0.0,0.0,0.0,0.0,Optimal,3567.354144099998,3742376.15534414
7258,,127.07,13.394241,0.0,74.372831,0.0,13.394241,13.394241,0.0,0.0,0.0,0.0,0.0,0.0,Optimal,3567.354144099998,3742376.15534414
7259,,118.7,0.0,0.0,74.372831,0.0,0.0,0.0,0.0,0.0,0.0,0.0,0.0,0.0,Optimal,3567.354144099998,3742376.15534414
7260,,110.81,0.0,30.0,43.122831,30.0,0.0,-30.0,0.0,0.0,0.0,0.0,0.0,0.0,Optimal,3567.354144099998,3742376.15534414
7261,,104.09,0.0,30.0,11.872831,30.0,0.0,-30.0,0.0,0.0,0.0,0.0,0.0,0.0,Optimal,3567.354144099998,3742376.15534414
7262,,113.46,0.0,7.6401325,3.9143595,7.6401325,0.0,-7.6401325,0.0,0.0,0.0,0.0,0.0,0.0,Optimal,3567.354144099998,3742376.15534414
7263,,129.24,0.0,0.0,3.9143595,0.0,0.0,0.0,0.0,0.0,0.0,0.0,0.0,0.0,Optimal,3567.354144099998,3742376.15534414
7264,,158.3,0.0,0.0,3.9143595,0.0,0.0,0.0,0.0,0.0,0.0,0.0,0.0,0.0,Optimal,3567.354144099998,3742376.15534414
7265,,192.07,0.0,0.0,3.9143595,0.0,0.0,0.0,0.0,0.0,0.0,0.0,0.0,0.0,Optimal,3567.354144099998,3742376.15534414
7266,,261.07,30.0,0.0,32.71436,0.0,30.0,30.0,0.0,0.0,0.0,0.0,0.0,0.0,Optimal,3567.354144099998,3742376.15534414
7267,,247.0,30.0,0.0,61.51436,0.0,30.0,30.0,0.0,0.0,0.0,0.0,0.0,0.0,Optimal,3567.354144099998,3742376.15534414
7268,,196.85,13.394241,0.0,74.372831,0.0,13.394241,13.394241,0.0,0.0,0.0,0.0,0.0,0.0,Optimal,3567.354144099998,3742376.15534414
7269,,136.39,0.0,0.0,74.372831,0.0,0.0,0.0,0.0,0.0,0.0,0.0,0.0,0.0,Optimal,3567.354144099998,3742376.15534414
7270,,119.9,0.0,27.648,45.572831,27.648,0.0,-27.648,0.0,0.0,0.0,0.0,0.0,0.0,Optimal,3567.354144099998,3742376.15534414
7271,,113.74,30.0,0.0,74.372831,0.0,30.0,30.0,0.0,0.0,0.0,0.0,0.0,0.0,Optimal,3567.354144099998,3742376.15534414
7272,,98.72,0.0,30.0,43.122831,30.0,0.0,-30.0,0.0,0.0,0.0,0.0,0.0,0.0,Optimal,3567.354144099998,3742376.15534414
7273,,97.0,30.0,0.0,71.922831,0.0,30.0,30.0,0.0,0.0,0.0,0.0,0.0,0.0,Optimal,3567.354144099998,3742376.15534414
7274,,95.3,0.0,30.0,40.672831,30.0,0.0,-30.0,0.0,0.0,0.0,0.0,0.0,0.0,Optimal,3567.354144099998,3742376.15534414
7275,,93.06,30.0,0.0,69.472831,0.0,30.0,30.0,0.0,0.0,0.0,0.0,0.0,0.0,Optimal,3567.354144099998,3742376.15534414
7276,,91.32,0.0,30.0,38.222831,30.0,0.0,-30.0,0.0,0.0,0.0,0.0,0.0,0.0,Optimal,3567.354144099998,3742376.15534414
7277,,92.76,0.0,30.0,6.9728309,30.0,0.0,-30.0,0.0,0.0,0.0,0.0,0.0,0.0,Optimal,3567.354144099998,3742376.15534414
7278,,99.87,0.0,2.9361325,3.9143595,2.9361325,0.0,-2.9361325,0.0,0.0,0.0,0.0,0.0,0.0,Optimal,3567.354144099998,3742376.15534414
7279,,117.0,0.0,0.0,3.9143595,0.0,0.0,0.0,0.0,0.0,0.0,0.0,0.0,0.0,Optimal,3567.354144099998,3742376.15534414
7280,,129.33,30.0,0.0,32.71436,0.0,30.0,30.0,0.0,0.0,0.0,0.0,0.0,0.0,Optimal,3567.354144099998,3742376.15534414
7281,,132.05,30.0,0.0,61.51436,0.0,30.0,30.0,0.0,0.0,0.0,0.0,0.0,0.0,Optimal,3567.354144099998,3742376.15534414
7282,,119.9,13.394241,0.0,74.372831,0.0,13.394241,13.394241,0.0,0.0,0.0,0.0,0.0,0.0,Optimal,3567.354144099998,3742376.15534414
7283,,108.93,0.0,27.648,45.572831,27.648,0.0,-27.648,0.0,0.0,0.0,0.0,0.0,0.0,Optimal,3567.354144099998,3742376.15534414
7284,,104.23,30.0,0.0,74.372831,0.0,30.0,30.0,0.0,0.0,0.0,0.0,0.0,0.0,Optimal,3567.354144099998,3742376.15534414
7285,,98.34,0.0,30.0,43.122831,30.0,0.0,-30.0,0.0,0.0,0.0,0.0,0.0,0.0,Optimal,3567.354144099998,3742376.15534414
7286,,102.15,0.0,30.0,11.872831,30.0,0.0,-30.0,0.0,0.0,0.0,0.0,0.0,0.0,Optimal,3567.354144099998,3742376.15534414
7287,,105.78,0.0,7.6401325,3.9143595,7.6401325,0.0,-7.6401325,0.0,0.0,0.0,0.0,0.0,0.0,Optimal,3567.354144099998,3742376.15534414
7288,,118.81,0.0,0.0,3.9143595,0.0,0.0,0.0,0.0,0.0,0.0,0.0,0.0,0.0,Optimal,3567.354144099998,3742376.15534414
7289,,149.79,0.0,0.0,3.9143595,0.0,0.0,0.0,0.0,0.0,0.0,0.0,0.0,0.0,Optimal,3567.354144099998,3742376.15534414
7290,,181.0,30.0,0.0,32.71436,0.0,30.0,30.0,0.0,0.0,0.0,0.0,0.0,0.0,Optimal,3567.354144099998,3742376.15534414
7291,,185.51,30.0,0.0,61.51436,0.0,30.0,30.0,0.0,0.0,0.0,0.0,0.0,0.0,Optimal,3567.354144099998,3742376.15534414
7292,,157.02,13.394241,0.0,74.372831,0.0,13.394241,13.394241,0.0,0.0,0.0,0.0,0.0,0.0,Optimal,3567.354144099998,3742376.15534414
7293,,129.76,0.0,0.0,74.372831,0.0,0.0,0.0,0.0,0.0,0.0,0.0,0.0,0.0,Optimal,3567.354144099998,3742376.15534414
7294,,115.76,0.0,0.0,74.372831,0.0,0.0,0.0,0.0,0.0,0.0,0.0,0.0,0.0,Optimal,3567.354144099998,3742376.15534414
7295,,111.16,0.0,27.648,45.572831,27.648,0.0,-27.648,0.0,0.0,0.0,0.0,0.0,0.0,Optimal,3567.354144099998,3742376.15534414
7296,,108.92,30.0,0.0,74.372831,0.0,30.0,30.0,0.0,0.0,0.0,0.0,0.0,0.0,Optimal,3567.354144099998,3742376.15534414
7297,,101.68,0.0,0.0,74.372831,0.0,0.0,0.0,0.0,0.0,0.0,0.0,0.0,0.0,Optimal,3567.354144099998,3742376.15534414
7298,,95.71,0.0,30.0,43.122831,30.0,0.0,-30.0,0.0,0.0,0.0,0.0,0.0,0.0,Optimal,3567.354144099998,3742376.15534414
7299,,93.75,30.0,0.0,71.922831,0.0,30.0,30.0,0.0,0.0,0.0,0.0,0.0,0.0,Optimal,3567.354144099998,3742376.15534414
7300,,91.87,0.0,30.0,40.672831,30.0,0.0,-30.0,0.0,0.0,0.0,0.0,0.0,0.0,Optimal,3567.354144099998,3742376.15534414
7301,,94.45,0.0,30.0,9.4228309,30.0,0.0,-30.0,0.0,0.0,0.0,0.0,0.0,0.0,Optimal,3567.354144099998,3742376.15534414
7302,,99.22,0.0,5.2881325,3.9143595,5.2881325,0.0,-5.2881325,0.0,0.0,0.0,0.0,0.0,0.0,Optimal,3567.354144099998,3742376.15534414
7303,,116.68,0.0,0.0,3.9143595,0.0,0.0,0.0,0.0,0.0,0.0,0.0,0.0,0.0,Optimal,3567.354144099998,3742376.15534414
7304,,132.09,30.0,0.0,32.71436,0.0,30.0,30.0,0.0,0.0,0.0,0.0,0.0,0.0,Optimal,3567.354144099998,3742376.15534414
7305,,131.76,30.0,0.0,61.51436,0.0,30.0,30.0,0.0,0.0,0.0,0.0,0.0,0.0,Optimal,3567.354144099998,3742376.15534414
7306,,120.76,13.394241,0.0,74.372831,0.0,13.394241,13.394241,0.0,0.0,0.0,0.0,0.0,0.0,Optimal,3567.354144099998,3742376.15534414
7307,,103.48,0.0,27.648,45.572831,27.648,0.0,-27.648,0.0,0.0,0.0,0.0,0.0,0.0,Optimal,3567.354144099998,3742376.15534414
7308,,96.33,30.0,0.0,74.372831,0.0,30.0,30.0,0.0,0.0,0.0,0.0,0.0,0.0,Optimal,3567.354144099998,3742376.15534414
7309,,88.91,0.0,30.0,43.122831,30.0,0.0,-30.0,0.0,0.0,0.0,0.0,0.0,0.0,Optimal,3567.354144099998,3742376.15534414
7310,,91.55,0.0,30.0,11.872831,30.0,0.0,-30.0,0.0,0.0,0.0,0.0,0.0,0.0,Optimal,3567.354144099998,3742376.15534414
7311,,97.48,0.0,7.6401325,3.9143595,7.6401325,0.0,-7.6401325,0.0,0.0,0.0,0.0,0.0,0.0,Optimal,3567.354144099998,3742376.15534414
7312,,109.28,0.0,0.0,3.9143595,0.0,0.0,0.0,0.0,0.0,0.0,0.0,0.0,0.0,Optimal,3567.354144099998,3742376.15534414
7313,,121.89,0.0,0.0,3.9143595,0.0,0.0,0.0,0.0,0.0,0.0,0.0,0.0,0.0,Optimal,3567.354144099998,3742376.15534414
7314,,129.29,13.394241,0.0,16.772831,0.0,13.394241,13.394241,0.0,0.0,0.0,0.0,0.0,0.0,Optimal,3567.354144099998,3742376.15534414
7315,,138.7,30.0,0.0,45.572831,0.0,30.0,30.0,0.0,0.0,0.0,0.0,0.0,0.0,Optimal,3567.354144099998,3742376.15534414
7316,,131.1,30.0,0.0,74.372831,0.0,30.0,30.0,0.0,0.0,0.0,0.0,0.0,0.0,Optimal,3567.354144099998,3742376.15534414
7317,,110.0,0.0,22.944,50.472831,22.944,0.0,-22.944,0.0,0.0,0.0,0.0,0.0,0.0,Optimal,3567.354144099998,3742376.15534414
7318,,107.0,0.0,30.0,19.222831,30.0,0.0,-30.0,0.0,0.0,0.0,0.0,0.0,0.0,Optimal,3567.354144099998,3742376.15534414
7319,,107.4,30.0,0.0,48.022831,0.0,30.0,30.0,0.0,0.0,0.0,0.0,0.0,0.0,Optimal,3567.354144099998,3742376.15534414
7320,,101.72,0.0,30.0,16.772831,30.0,0.0,-30.0,0.0,0.0,0.0,0.0,0.0,0.0,Optimal,3567.354144099998,3742376.15534414
7321,,127.0,30.0,0.0,45.572831,0.0,30.0,30.0,0.0,0.0,0.0,0.0,0.0,0.0,Optimal,3567.354144099998,3742376.15534414
7322,,116.0,30.0,0.0,74.372831,0.0,30.0,30.0,0.0,0.0,0.0,0.0,0.0,0.0,Optimal,3567.354144099998,3742376.15534414
7323,,99.93,0.0,0.0,74.372831,0.0,0.0,0.0,0.0,0.0,0.0,0.0,0.0,0.0,Optimal,3567.354144099998,3742376.15534414
7324,,87.53,0.0,7.6401325,66.41436,7.6401325,0.0,-7.6401325,0.0,0.0,0.0,0.0,0.0,0.0,Optimal,3567.354144099998,3742376.15534414
7325,,75.94,0.0,30.0,35.16436,30.0,0.0,-30.0,0.0,0.0,0.0,0.0,0.0,0.0,Optimal,3567.354144099998,3742376.15534414
7326,,82.03,0.0,30.0,3.9143595,30.0,0.0,-30.0,0.0,0.0,0.0,0.0,0.0,0.0,Optimal,3567.354144099998,3742376.15534414
7327,,89.4,0.0,0.0,3.9143595,0.0,0.0,0.0,0.0,0.0,0.0,0.0,0.0,0.0,Optimal,3567.354144099998,3742376.15534414
7328,,103.0,13.394241,0.0,16.772831,0.0,13.394241,13.394241,0.0,0.0,0.0,0.0,0.0,0.0,Optimal,3567.354144099998,3742376.15534414
7329,,109.1,30.0,0.0,45.572831,0.0,30.0,30.0,0.0,0.0,0.0,0.0,0.0,0.0,Optimal,3567.354144099998,3742376.15534414
7330,,115.0,30.0,0.0,74.372831,0.0,30.0,30.0,0.0,0.0,0.0,0.0,0.0,0.0,Optimal,3567.354144099998,3742376.15534414
7331,,104.0,0.0,30.0,43.122831,30.0,0.0,-30.0,0.0,0.0,0.0,0.0,0.0,0.0,Optimal,3567.354144099998,3742376.15534414
7332,,100.0,24.262009,0.0,66.41436,0.0,24.262009,24.262009,0.0,0.0,0.0,0.0,0.0,0.0,Optimal,3567.354144099998,3742376.15534414
7333,,91.0,0.0,30.0,35.16436,30.0,0.0,-30.0,0.0,0.0,0.0,0.0,0.0,0.0,Optimal,3567.354144099998,3742376.15534414
7334,,100.0,0.0,30.0,3.9143595,30.0,0.0,-30.0,0.0,0.0,0.0,0.0,0.0,0.0,Optimal,3567.354144099998,3742376.15534414
7335,,110.0,30.0,0.0,32.71436,0.0,30.0,30.0,0.0,0.0,0.0,0.0,0.0,0.0,Optimal,3567.354144099998,3742376.15534414
7336,,119.18,0.0,27.648,3.9143595,27.648,0.0,-27.648,0.0,0.0,0.0,0.0,0.0,0.0,Optimal,3567.354144099998,3742376.15534414
7337,,128.75,13.394241,0.0,16.772831,0.0,13.394241,13.394241,0.0,0.0,0.0,0.0,0.0,0.0,Optimal,3567.354144099998,3742376.15534414
7338,,131.4,30.0,0.0,45.572831,0.0,30.0,30.0,0.0,0.0,0.0,0.0,0.0,0.0,Optimal,3567.354144099998,3742376.15534414
7339,,135.49,30.0,0.0,74.372831,0.0,30.0,30.0,0.0,0.0,0.0,0.0,0.0,0.0,Optimal,3567.354144099998,3742376.15534414
7340,,118.9,0.0,27.648,45.572831,27.648,0.0,-27.648,0.0,0.0,0.0,0.0,0.0,0.0,Optimal,3567.354144099998,3742376.15534414
7341,,113.68,30.0,0.0,74.372831,0.0,30.0,30.0,0.0,0.0,0.0,0.0,0.0,0.0,Optimal,3567.354144099998,3742376.15534414
7342,,105.0,0.0,0.0,74.372831,0.0,0.0,0.0,0.0,0.0,0.0,0.0,0.0,0.0,Optimal,3567.354144099998,3742376.15534414
7343,,102.41,0.0,30.0,43.122831,30.0,0.0,-30.0,0.0,0.0,0.0,0.0,0.0,0.0,Optimal,3567.354144099998,3742376.15534414
7344,,109.9,30.0,0.0,71.922831,0.0,30.0,30.0,0.0,0.0,0.0,0.0,0.0,0.0,Optimal,3567.354144099998,3742376.15534414
7345,,95.85,2.5520833,0.0,74.372831,0.0,2.5520833,2.5520833,0.0,0.0,0.0,0.0,0.0,0.0,Optimal,3567.354144099998,3742376.15534414
7346,,91.36,0.0,30.0,43.122831,30.0,0.0,-30.0,0.0,0.0,0.0,0.0,0.0,0.0,Optimal,3567.354144099998,3742376.15534414
7347,,88.77,24.262009,0.0,66.41436,0.0,24.262009,24.262009,0.0,0.0,0.0,0.0,0.0,0.0,Optimal,3567.354144099998,3742376.15534414
7348,,86.0,0.0,30.0,35.16436,30.0,0.0,-30.0,0.0,0.0,0.0,0.0,0.0,0.0,Optimal,3567.354144099998,3742376.15534414
7349,,86.85,0.0,30.0,3.9143595,30.0,0.0,-30.0,0.0,0.0,0.0,0.0,0.0,0.0,Optimal,3567.354144099998,3742376.15534414
7350,,90.76,30.0,0.0,32.71436,0.0,30.0,30.0,0.0,0.0,0.0,0.0,0.0,0.0,Optimal,3567.354144099998,3742376.15534414
7351,,96.5,0.0,27.648,3.9143595,27.648,0.0,-27.648,0.0,0.0,0.0,0.0,0.0,0.0,Optimal,3567.354144099998,3742376.15534414
7352,,100.11,13.394241,0.0,16.772831,0.0,13.394241,13.394241,0.0,0.0,0.0,0.0,0.0,0.0,Optimal,3567.354144099998,3742376.15534414
7353,,101.16,30.0,0.0,45.572831,0.0,30.0,30.0,0.0,0.0,0.0,0.0,0.0,0.0,Optimal,3567.354144099998,3742376.15534414
7354,,108.2,30.0,0.0,74.372831,0.0,30.0,30.0,0.0,0.0,0.0,0.0,0.0,0.0,Optimal,3567.354144099998,3742376.15534414
7355,,90.78,0.0,30.0,43.122831,30.0,0.0,-30.0,0.0,0.0,0.0,0.0,0.0,0.0,Optimal,3567.354144099998,3742376.15534414
7356,,90.74,24.262009,0.0,66.41436,0.0,24.262009,24.262009,0.0,0.0,0.0,0.0,0.0,0.0,Optimal,3567.354144099998,3742376.15534414
7357,,87.01,0.0,30.0,35.16436,30.0,0.0,-30.0,0.0,0.0,0.0,0.0,0.0,0.0,Optimal,3567.354144099998,3742376.15534414
7358,,88.97,0.0,30.0,3.9143595,30.0,0.0,-30.0,0.0,0.0,0.0,0.0,0.0,0.0,Optimal,3567.354144099998,3742376.15534414
7359,,100.97,0.0,0.0,3.9143595,0.0,0.0,0.0,0.0,0.0,0.0,0.0,0.0,0.0,Optimal,3567.354144099998,3742376.15534414
7360,,116.88,0.0,0.0,3.9143595,0.0,0.0,0.0,0.0,0.0,0.0,0.0,0.0,0.0,Optimal,3567.354144099998,3742376.15534414
7361,,131.2,0.0,0.0,3.9143595,0.0,0.0,0.0,0.0,0.0,0.0,0.0,0.0,0.0,Optimal,3567.354144099998,3742376.15534414
7362,,153.18,30.0,0.0,32.71436,0.0,30.0,30.0,0.0,0.0,0.0,0.0,0.0,0.0,Optimal,3567.354144099998,3742376.15534414
7363,,144.32,30.0,0.0,61.51436,0.0,30.0,30.0,0.0,0.0,0.0,0.0,0.0,0.0,Optimal,3567.354144099998,3742376.15534414
7364,,132.79,13.394241,0.0,74.372831,0.0,13.394241,13.394241,0.0,0.0,0.0,0.0,0.0,0.0,Optimal,3567.354144099998,3742376.15534414
7365,,119.58,0.0,0.0,74.372831,0.0,0.0,0.0,0.0,0.0,0.0,0.0,0.0,0.0,Optimal,3567.354144099998,3742376.15534414
7366,,110.97,0.0,27.648,45.572831,27.648,0.0,-27.648,0.0,0.0,0.0,0.0,0.0,0.0,Optimal,3567.354144099998,3742376.15534414
7367,,106.28,30.0,0.0,74.372831,0.0,30.0,30.0,0.0,0.0,0.0,0.0,0.0,0.0,Optimal,3567.354144099998,3742376.15534414
7368,,100.61,0.0,30.0,43.122831,30.0,0.0,-30.0,0.0,0.0,0.0,0.0,0.0,0.0,Optimal,3567.354144099998,3742376.15534414
7369,,101.19,30.0,0.0,71.922831,0.0,30.0,30.0,0.0,0.0,0.0,0.0,0.0,0.0,Optimal,3567.354144099998,3742376.15534414
7370,,96.29,2.5520833,0.0,74.372831,0.0,2.5520833,2.5520833,0.0,0.0,0.0,0.0,0.0,0.0,Optimal,3567.354144099998,3742376.15534414
7371,,88.58,0.0,22.944,50.472831,22.944,0.0,-22.944,0.0,0.0,0.0,0.0,0.0,0.0,Optimal,3567.354144099998,3742376.15534414
7372,,85.08,0.0,30.0,19.222831,30.0,0.0,-30.0,0.0,0.0,0.0,0.0,0.0,0.0,Optimal,3567.354144099998,3742376.15534414
7373,,86.0,30.0,0.0,48.022831,0.0,30.0,30.0,0.0,0.0,0.0,0.0,0.0,0.0,Optimal,3567.354144099998,3742376.15534414
7374,,86.91,0.0,30.0,16.772831,30.0,0.0,-30.0,0.0,0.0,0.0,0.0,0.0,0.0,Optimal,3567.354144099998,3742376.15534414
7375,,94.9,30.0,0.0,45.572831,0.0,30.0,30.0,0.0,0.0,0.0,0.0,0.0,0.0,Optimal,3567.354144099998,3742376.15534414
7376,,96.86,30.0,0.0,74.372831,0.0,30.0,30.0,0.0,0.0,0.0,0.0,0.0,0.0,Optimal,3567.354144099998,3742376.15534414
7377,,87.25,0.0,27.648,45.572831,27.648,0.0,-27.648,0.0,0.0,0.0,0.0,0.0,0.0,Optimal,3567.354144099998,3742376.15534414
7378,,93.02,30.0,0.0,74.372831,0.0,30.0,30.0,0.0,0.0,0.0,0.0,0.0,0.0,Optimal,3567.354144099998,3742376.15534414
7379,,68.43,0.0,0.0,74.372831,0.0,0.0,0.0,0.0,0.0,0.0,0.0,0.0,0.0,Optimal,3567.354144099998,3742376.15534414
7380,,59.29,0.0,7.6401325,66.41436,7.6401325,0.0,-7.6401325,0.0,0.0,0.0,0.0,0.0,0.0,Optimal,3567.354144099998,3742376.15534414
7381,,52.63,0.0,30.0,35.16436,30.0,0.0,-30.0,0.0,0.0,0.0,0.0,0.0,0.0,Optimal,3567.354144099998,3742376.15534414
7382,,58.54,0.0,30.0,3.9143595,30.0,0.0,-30.0,0.0,0.0,0.0,0.0,0.0,0.0,Optimal,3567.354144099998,3742376.15534414
7383,,80.92,0.0,0.0,3.9143595,0.0,0.0,0.0,0.0,0.0,0.0,0.0,0.0,0.0,Optimal,3567.354144099998,3742376.15534414
7384,,93.52,0.0,0.0,3.9143595,0.0,0.0,0.0,0.0,0.0,0.0,0.0,0.0,0.0,Optimal,3567.354144099998,3742376.15534414
7385,,111.0,0.0,0.0,3.9143595,0.0,0.0,0.0,0.0,0.0,0.0,0.0,0.0,0.0,Optimal,3567.354144099998,3742376.15534414
7386,,124.28,30.0,0.0,32.71436,0.0,30.0,30.0,0.0,0.0,0.0,0.0,0.0,0.0,Optimal,3567.354144099998,3742376.15534414
7387,,125.15,30.0,0.0,61.51436,0.0,30.0,30.0,0.0,0.0,0.0,0.0,0.0,0.0,Optimal,3567.354144099998,3742376.15534414
7388,,119.9,13.394241,0.0,74.372831,0.0,13.394241,13.394241,0.0,0.0,0.0,0.0,0.0,0.0,Optimal,3567.354144099998,3742376.15534414
7389,,110.84,0.0,0.0,74.372831,0.0,0.0,0.0,0.0,0.0,0.0,0.0,0.0,0.0,Optimal,3567.354144099998,3742376.15534414
7390,,102.13,0.0,27.648,45.572831,27.648,0.0,-27.648,0.0,0.0,0.0,0.0,0.0,0.0,Optimal,3567.354144099998,3742376.15534414
7391,,100.68,30.0,0.0,74.372831,0.0,30.0,30.0,0.0,0.0,0.0,0.0,0.0,0.0,Optimal,3567.354144099998,3742376.15534414
7392,,94.71,0.0,30.0,43.122831,30.0,0.0,-30.0,0.0,0.0,0.0,0.0,0.0,0.0,Optimal,3567.354144099998,3742376.15534414
7393,,92.04,30.0,0.0,71.922831,0.0,30.0,30.0,0.0,0.0,0.0,0.0,0.0,0.0,Optimal,3567.354144099998,3742376.15534414
7394,,89.96,0.0,30.0,40.672831,30.0,0.0,-30.0,0.0,0.0,0.0,0.0,0.0,0.0,Optimal,3567.354144099998,3742376.15534414
7395,,90.07,30.0,0.0,69.472831,0.0,30.0,30.0,0.0,0.0,0.0,0.0,0.0,0.0,Optimal,3567.354144099998,3742376.15534414
7396,,89.18,0.0,30.0,38.222831,30.0,0.0,-30.0,0.0,0.0,0.0,0.0,0.0,0.0,Optimal,3567.354144099998,3742376.15534414
7397,,90.19,0.0,30.0,6.9728309,30.0,0.0,-30.0,0.0,0.0,0.0,0.0,0.0,0.0,Optimal,3567.354144099998,3742376.15534414
7398,,97.48,0.0,2.9361325,3.9143595,2.9361325,0.0,-2.9361325,0.0,0.0,0.0,0.0,0.0,0.0,Optimal,3567.354144099998,3742376.15534414
7399,,122.24,13.394241,0.0,16.772831,0.0,13.394241,13.394241,0.0,0.0,0.0,0.0,0.0,0.0,Optimal,3567.354144099998,3742376.15534414
7400,,140.0,30.0,0.0,45.572831,0.0,30.0,30.0,0.0,0.0,0.0,0.0,0.0,0.0,Optimal,3567.354144099998,3742376.15534414
7401,,137.13,30.0,0.0,74.372831,0.0,30.0,30.0,0.0,0.0,0.0,0.0,0.0,0.0,Optimal,3567.354144099998,3742376.15534414
7402,,120.13,0.0,0.0,74.372831,0.0,0.0,0.0,0.0,0.0,0.0,0.0,0.0,0.0,Optimal,3567.354144099998,3742376.15534414
7403,,99.56,0.0,0.0,74.372831,0.0,0.0,0.0,0.0,0.0,0.0,0.0,0.0,0.0,Optimal,3567.354144099998,3742376.15534414
7404,,84.2,0.0,30.0,43.122831,30.0,0.0,-30.0,0.0,0.0,0.0,0.0,0.0,0.0,Optimal,3567.354144099998,3742376.15534414
7405,,83.1,0.0,30.0,11.872831,30.0,0.0,-30.0,0.0,0.0,0.0,0.0,0.0,0.0,Optimal,3567.354144099998,3742376.15534414
7406,,84.2,0.0,7.6401325,3.9143595,7.6401325,0.0,-7.6401325,0.0,0.0,0.0,0.0,0.0,0.0,Optimal,3567.354144099998,3742376.15534414
7407,,94.92,0.0,0.0,3.9143595,0.0,0.0,0.0,0.0,0.0,0.0,0.0,0.0,0.0,Optimal,3567.354144099998,3742376.15534414
7408,,125.63,0.0,0.0,3.9143595,0.0,0.0,0.0,0.0,0.0,0.0,0.0,0.0,0.0,Optimal,3567.354144099998,3742376.15534414
7409,,174.0,13.394241,0.0,16.772831,0.0,13.394241,13.394241,0.0,0.0,0.0,0.0,0.0,0.0,Optimal,3567.354144099998,3742376.15534414
7410,,269.76,30.0,0.0,45.572831,0.0,30.0,30.0,0.0,0.0,0.0,0.0,0.0,0.0,Optimal,3567.354144099998,3742376.15534414
7411,,231.51,30.0,0.0,74.372831,0.0,30.0,30.0,0.0,0.0,0.0,0.0,0.0,0.0,Optimal,3567.354144099998,3742376.15534414
7412,,161.23,0.0,0.0,74.372831,0.0,0.0,0.0,0.0,0.0,0.0,0.0,0.0,0.0,Optimal,3567.354144099998,3742376.15534414
7413,,123.0,0.0,0.0,74.372831,0.0,0.0,0.0,0.0,0.0,0.0,0.0,0.0,0.0,Optimal,3567.354144099998,3742376.15534414
7414,,110.1,0.0,27.648,45.572831,27.648,0.0,-27.648,0.0,0.0,0.0,0.0,0.0,0.0,Optimal,3567.354144099998,3742376.15534414
7415,,105.0,30.0,0.0,74.372831,0.0,30.0,30.0,0.0,0.0,0.0,0.0,0.0,0.0,Optimal,3567.354144099998,3742376.15534414
7416,,92.72,0.0,5.2881325,68.86436,5.2881325,0.0,-5.2881325,0.0,0.0,0.0,0.0,0.0,0.0,Optimal,3567.354144099998,3742376.15534414
7417,,83.63,0.0,30.0,37.61436,30.0,0.0,-30.0,0.0,0.0,0.0,0.0,0.0,0.0,Optimal,3567.354144099998,3742376.15534414
7418,,94.0,30.0,0.0,66.41436,0.0,30.0,30.0,0.0,0.0,0.0,0.0,0.0,0.0,Optimal,3567.354144099998,3742376.15534414
7419,,90.68,0.0,30.0,35.16436,30.0,0.0,-30.0,0.0,0.0,0.0,0.0,0.0,0.0,Optimal,3567.354144099998,3742376.15534414
7420,,91.3,0.0,30.0,3.9143595,30.0,0.0,-30.0,0.0,0.0,0.0,0.0,0.0,0.0,Optimal,3567.354144099998,3742376.15534414
7421,,94.0,30.0,0.0,32.71436,0.0,30.0,30.0,0.0,0.0,0.0,0.0,0.0,0.0,Optimal,3567.354144099998,3742376.15534414
7422,,96.09,0.0,27.648,3.9143595,27.648,0.0,-27.648,0.0,0.0,0.0,0.0,0.0,0.0,Optimal,3567.354144099998,3742376.15534414
7423,,106.0,0.0,0.0,3.9143595,0.0,0.0,0.0,0.0,0.0,0.0,0.0,0.0,0.0,Optimal,3567.354144099998,3742376.15534414
7424,,135.99,30.0,0.0,32.71436,0.0,30.0,30.0,0.0,0.0,0.0,0.0,0.0,0.0,Optimal,3567.354144099998,3742376.15534414
7425,,136.21,30.0,0.0,61.51436,0.0,30.0,30.0,0.0,0.0,0.0,0.0,0.0,0.0,Optimal,3567.354144099998,3742376.15534414
7426,,118.23,13.394241,0.0,74.372831,0.0,13.394241,13.394241,0.0,0.0,0.0,0.0,0.0,0.0,Optimal,3567.354144099998,3742376.15534414
7427,,105.87,0.0,0.0,74.372831,0.0,0.0,0.0,0.0,0.0,0.0,0.0,0.0,0.0,Optimal,3567.354144099998,3742376.15534414
7428,,95.28,0.0,30.0,43.122831,30.0,0.0,-30.0,0.0,0.0,0.0,0.0,0.0,0.0,Optimal,3567.354144099998,3742376.15534414
7429,,94.92,0.0,30.0,11.872831,30.0,0.0,-30.0,0.0,0.0,0.0,0.0,0.0,0.0,Optimal,3567.354144099998,3742376.15534414
7430,,99.25,0.0,7.6401325,3.9143595,7.6401325,0.0,-7.6401325,0.0,0.0,0.0,0.0,0.0,0.0,Optimal,3567.354144099998,3742376.15534414
7431,,107.98,0.0,0.0,3.9143595,0.0,0.0,0.0,0.0,0.0,0.0,0.0,0.0,0.0,Optimal,3567.354144099998,3742376.15534414
7432,,149.86,0.0,0.0,3.9143595,0.0,0.0,0.0,0.0,0.0,0.0,0.0,0.0,0.0,Optimal,3567.354144099998,3742376.15534414
7433,,303.24,0.0,0.0,3.9143595,0.0,0.0,0.0,0.0,0.0,0.0,0.0,0.0,0.0,Optimal,3567.354144099998,3742376.15534414
7434,,472.99,30.0,0.0,32.71436,0.0,30.0,30.0,0.0,0.0,0.0,0.0,0.0,0.0,Optimal,3567.354144099998,3742376.15534414
7435,,431.02,30.0,0.0,61.51436,0.0,30.0,30.0,0.0,0.0,0.0,0.0,0.0,0.0,Optimal,3567.354144099998,3742376.15534414
7436,,320.33,13.394241,0.0,74.372831,0.0,13.394241,13.394241,0.0,0.0,0.0,0.0,0.0,0.0,Optimal,3567.354144099998,3742376.15534414
7437,,169.7,0.0,0.0,74.372831,0.0,0.0,0.0,0.0,0.0,0.0,0.0,0.0,0.0,Optimal,3567.354144099998,3742376.15534414
7438,,129.9,0.0,0.0,74.372831,0.0,0.0,0.0,0.0,0.0,0.0,0.0,0.0,0.0,Optimal,3567.354144099998,3742376.15534414
7439,,117.77,0.0,27.648,45.572831,27.648,0.0,-27.648,0.0,0.0,0.0,0.0,0.0,0.0,Optimal,3567.354144099998,3742376.15534414
7440,,110.03,30.0,0.0,74.372831,0.0,30.0,30.0,0.0,0.0,0.0,0.0,0.0,0.0,Optimal,3567.354144099998,3742376.15534414
7441,,100.5,0.0,30.0,43.122831,30.0,0.0,-30.0,0.0,0.0,0.0,0.0,0.0,0.0,Optimal,3567.354144099998,3742376.15534414
7442,,99.05,30.0,0.0,71.922831,0.0,30.0,30.0,0.0,0.0,0.0,0.0,0.0,0.0,Optimal,3567.354144099998,3742376.15534414
7443,,95.4,0.0,30.0,40.672831,30.0,0.0,-30.0,0.0,0.0,0.0,0.0,0.0,0.0,Optimal,3567.354144099998,3742376.15534414
7444,,95.83,0.0,30.0,9.4228309,30.0,0.0,-30.0,0.0,0.0,0.0,0.0,0.0,0.0,Optimal,3567.354144099998,3742376.15534414
7445,,98.83,26.814092,0.0,35.16436,0.0,26.814092,26.814092,0.0,0.0,0.0,0.0,0.0,0.0,Optimal,3567.354144099998,3742376.15534414
7446,,92.91,0.0,30.0,3.9143595,30.0,0.0,-30.0,0.0,0.0,0.0,0.0,0.0,0.0,Optimal,3567.354144099998,3742376.15534414
7447,,121.0,0.0,0.0,3.9143595,0.0,0.0,0.0,0.0,0.0,0.0,0.0,0.0,0.0,Optimal,3567.354144099998,3742376.15534414
7448,,215.78,30.0,0.0,32.71436,0.0,30.0,30.0,0.0,0.0,0.0,0.0,0.0,0.0,Optimal,3567.354144099998,3742376.15534414
7449,,194.0,30.0,0.0,61.51436,0.0,30.0,30.0,0.0,0.0,0.0,0.0,0.0,0.0,Optimal,3567.354144099998,3742376.15534414
7450,,141.97,13.394241,0.0,74.372831,0.0,13.394241,13.394241,0.0,0.0,0.0,0.0,0.0,0.0,Optimal,3567.354144099998,3742376.15534414
7451,,130.92,0.0,0.0,74.372831,0.0,0.0,0.0,0.0,0.0,0.0,0.0,0.0,0.0,Optimal,3567.354144099998,3742376.15534414
7452,,122.12,0.0,30.0,43.122831,30.0,0.0,-30.0,0.0,0.0,0.0,0.0,0.0,0.0,Optimal,3567.354144099998,3742376.15534414
7453,,121.47,0.0,30.0,11.872831,30.0,0.0,-30.0,0.0,0.0,0.0,0.0,0.0,0.0,Optimal,3567.354144099998,3742376.15534414
7454,,124.11,0.0,7.6401325,3.9143595,7.6401325,0.0,-7.6401325,0.0,0.0,0.0,0.0,0.0,0.0,Optimal,3567.354144099998,3742376.15534414
7455,,136.88,0.0,0.0,3.9143595,0.0,0.0,0.0,0.0,0.0,0.0,0.0,0.0,0.0,Optimal,3567.354144099998,3742376.15534414
7456,,190.7,0.0,0.0,3.9143595,0.0,0.0,0.0,0.0,0.0,0.0,0.0,0.0,0.0,Optimal,3567.354144099998,3742376.15534414
7457,,315.69,0.0,0.0,3.9143595,0.0,0.0,0.0,0.0,0.0,0.0,0.0,0.0,0.0,Optimal,3567.354144099998,3742376.15534414
7458,,550.0,30.0,0.0,32.71436,0.0,30.0,30.0,0.0,0.0,0.0,0.0,0.0,0.0,Optimal,3567.354144099998,3742376.15534414
7459,,545.85,30.0,0.0,61.51436,0.0,30.0,30.0,0.0,0.0,0.0,0.0,0.0,0.0,Optimal,3567.354144099998,3742376.15534414
7460,,333.5,13.394241,0.0,74.372831,0.0,13.394241,13.394241,0.0,0.0,0.0,0.0,0.0,0.0,Optimal,3567.354144099998,3742376.15534414
7461,,175.62,0.0,0.0,74.372831,0.0,0.0,0.0,0.0,0.0,0.0,0.0,0.0,0.0,Optimal,3567.354144099998,3742376.15534414
7462,,128.97,0.0,0.0,74.372831,0.0,0.0,0.0,0.0,0.0,0.0,0.0,0.0,0.0,Optimal,3567.354144099998,3742376.15534414
7463,,113.0,0.0,0.0,74.372831,0.0,0.0,0.0,0.0,0.0,0.0,0.0,0.0,0.0,Optimal,3567.354144099998,3742376.15534414
7464,,108.7,0.0,27.648,45.572831,27.648,0.0,-27.648,0.0,0.0,0.0,0.0,0.0,0.0,Optimal,3567.354144099998,3742376.15534414
7465,,108.14,30.0,0.0,74.372831,0.0,30.0,30.0,0.0,0.0,0.0,0.0,0.0,0.0,Optimal,3567.354144099998,3742376.15534414
7466,,101.11,0.0,30.0,43.122831,30.0,0.0,-30.0,0.0,0.0,0.0,0.0,0.0,0.0,Optimal,3567.354144099998,3742376.15534414
7467,,98.44,26.814092,0.0,68.86436,0.0,26.814092,26.814092,0.0,0.0,0.0,0.0,0.0,0.0,Optimal,3567.354144099998,3742376.15534414
7468,,97.24,0.0,30.0,37.61436,30.0,0.0,-30.0,0.0,0.0,0.0,0.0,0.0,0.0,Optimal,3567.354144099998,3742376.15534414
7469,,98.46,30.0,0.0,66.41436,0.0,30.0,30.0,0.0,0.0,0.0,0.0,0.0,0.0,Optimal,3567.354144099998,3742376.15534414
7470,,93.6,0.0,30.0,35.16436,30.0,0.0,-30.0,0.0,0.0,0.0,0.0,0.0,0.0,Optimal,3567.354144099998,3742376.15534414
7471,,99.5,0.0,30.0,3.9143595,30.0,0.0,-30.0,0.0,0.0,0.0,0.0,0.0,0.0,Optimal,3567.354144099998,3742376.15534414
7472,,170.94,30.0,0.0,32.71436,0.0,30.0,30.0,0.0,0.0,0.0,0.0,0.0,0.0,Optimal,3567.354144099998,3742376.15534414
7473,,161.71,30.0,0.0,61.51436,0.0,30.0,30.0,0.0,0.0,0.0,0.0,0.0,0.0,Optimal,3567.354144099998,3742376.15534414
7474,,147.65,0.0,15.303867,45.572831,15.303867,0.0,-15.303867,0.0,0.0,0.0,0.0,0.0,0.0,Optimal,3567.354144099998,3742376.15534414
7475,,141.32,30.0,0.0,74.372831,0.0,30.0,30.0,0.0,0.0,0.0,0.0,0.0,0.0,Optimal,3567.354144099998,3742376.15534414
7476,,127.93,0.0,30.0,43.122831,30.0,0.0,-30.0,0.0,0.0,0.0,0.0,0.0,0.0,Optimal,3567.354144099998,3742376.15534414
7477,,122.08,0.0,30.0,11.872831,30.0,0.0,-30.0,0.0,0.0,0.0,0.0,0.0,0.0,Optimal,3567.354144099998,3742376.15534414
7478,,127.22,24.262009,0.0,35.16436,0.0,24.262009,24.262009,0.0,0.0,0.0,0.0,0.0,0.0,Optimal,3567.354144099998,3742376.15534414
7479,,128.0,0.0,30.0,3.9143595,30.0,0.0,-30.0,0.0,0.0,0.0,0.0,0.0,0.0,Optimal,3567.354144099998,3742376.15534414
7480,,178.89,0.0,0.0,3.9143595,0.0,0.0,0.0,0.0,0.0,0.0,0.0,0.0,0.0,Optimal,3567.354144099998,3742376.15534414
7481,,242.92,13.394241,0.0,16.772831,0.0,13.394241,13.394241,0.0,0.0,0.0,0.0,0.0,0.0,Optimal,3567.354144099998,3742376.15534414
7482,,371.14,30.0,0.0,45.572831,0.0,30.0,30.0,0.0,0.0,0.0,0.0,0.0,0.0,Optimal,3567.354144099998,3742376.15534414
7483,,277.74,30.0,0.0,74.372831,0.0,30.0,30.0,0.0,0.0,0.0,0.0,0.0,0.0,Optimal,3567.354144099998,3742376.15534414
7484,,171.19,0.0,0.0,74.372831,0.0,0.0,0.0,0.0,0.0,0.0,0.0,0.0,0.0,Optimal,3567.354144099998,3742376.15534414
7485,,130.07,0.0,0.0,74.372831,0.0,0.0,0.0,0.0,0.0,0.0,0.0,0.0,0.0,Optimal,3567.354144099998,3742376.15534414
7486,,113.92,0.0,27.648,45.572831,27.648,0.0,-27.648,0.0,0.0,0.0,0.0,0.0,0.0,Optimal,3567.354144099998,3742376.15534414
7487,,111.67,30.0,0.0,74.372831,0.0,30.0,30.0,0.0,0.0,0.0,0.0,0.0,0.0,Optimal,3567.354144099998,3742376.15534414
7488,,99.87,0.0,30.0,43.122831,30.0,0.0,-30.0,0.0,0.0,0.0,0.0,0.0,0.0,Optimal,3567.354144099998,3742376.15534414
7489,,98.94,0.0,30.0,11.872831,30.0,0.0,-30.0,0.0,0.0,0.0,0.0,0.0,0.0,Optimal,3567.354144099998,3742376.15534414
7490,,99.08,30.0,0.0,40.672831,0.0,30.0,30.0,0.0,0.0,0.0,0.0,0.0,0.0,Optimal,3567.354144099998,3742376.15534414
7491,,96.62,29.366176,0.0,68.86436,0.0,29.366176,29.366176,0.0,0.0,0.0,0.0,0.0,0.0,Optimal,3567.354144099998,3742376.15534414
7492,,95.6,0.0,30.0,37.61436,30.0,0.0,-30.0,0.0,0.0,0.0,0.0,0.0,0.0,Optimal,3567.354144099998,3742376.15534414
7493,,96.13,0.0,30.0,6.3643595,30.0,0.0,-30.0,0.0,0.0,0.0,0.0,0.0,0.0,Optimal,3567.354144099998,3742376.15534414
7494,,97.63,30.0,0.0,35.16436,0.0,30.0,30.0,0.0,0.0,0.0,0.0,0.0,0.0,Optimal,3567.354144099998,3742376.15534414
7495,,103.4,0.0,30.0,3.9143595,30.0,0.0,-30.0,0.0,0.0,0.0,0.0,0.0,0.0,Optimal,3567.354144099998,3742376.15534414
7496,,125.98,13.394241,0.0,16.772831,0.0,13.394241,13.394241,0.0,0.0,0.0,0.0,0.0,0.0,Optimal,3567.354144099998,3742376.15534414
7497,,132.69,30.0,0.0,45.572831,0.0,30.0,30.0,0.0,0.0,0.0,0.0,0.0,0.0,Optimal,3567.354144099998,3742376.15534414
7498,,126.19,30.0,0.0,74.372831,0.0,30.0,30.0,0.0,0.0,0.0,0.0,0.0,0.0,Optimal,3567.354144099998,3742376.15534414
7499,,117.34,0.0,27.648,45.572831,27.648,0.0,-27.648,0.0,0.0,0.0,0.0,0.0,0.0,Optimal,3567.354144099998,3742376.15534414
7500,,110.94,30.0,0.0,74.372831,0.0,30.0,30.0,0.0,0.0,0.0,0.0,0.0,0.0,Optimal,3567.354144099998,3742376.15534414
7501,,105.59,0.0,30.0,43.122831,30.0,0.0,-30.0,0.0,0.0,0.0,0.0,0.0,0.0,Optimal,3567.354144099998,3742376.15534414
7502,,106.81,0.0,30.0,11.872831,30.0,0.0,-30.0,0.0,0.0,0.0,0.0,0.0,0.0,Optimal,3567.354144099998,3742376.15534414
7503,,112.18,0.0,7.6401325,3.9143595,7.6401325,0.0,-7.6401325,0.0,0.0,0.0,0.0,0.0,0.0,Optimal,3567.354144099998,3742376.15534414
7504,,123.59,15.946324,0.0,19.222831,0.0,15.946324,15.946324,0.0,0.0,0.0,0.0,0.0,0.0,Optimal,3567.354144099998,3742376.15534414
7505,,129.11,30.0,0.0,48.022831,0.0,30.0,30.0,0.0,0.0,0.0,0.0,0.0,0.0,Optimal,3567.354144099998,3742376.15534414
7506,,129.08,0.0,30.0,16.772831,30.0,0.0,-30.0,0.0,0.0,0.0,0.0,0.0,0.0,Optimal,3567.354144099998,3742376.15534414
7507,,133.09,30.0,0.0,45.572831,0.0,30.0,30.0,0.0,0.0,0.0,0.0,0.0,0.0,Optimal,3567.354144099998,3742376.15534414
7508,,127.39,30.0,0.0,74.372831,0.0,30.0,30.0,0.0,0.0,0.0,0.0,0.0,0.0,Optimal,3567.354144099998,3742376.15534414
7509,,115.89,0.0,0.0,74.372831,0.0,0.0,0.0,0.0,0.0,0.0,0.0,0.0,0.0,Optimal,3567.354144099998,3742376.15534414
7510,,109.61,0.0,27.648,45.572831,27.648,0.0,-27.648,0.0,0.0,0.0,0.0,0.0,0.0,Optimal,3567.354144099998,3742376.15534414
7511,,113.0,30.0,0.0,74.372831,0.0,30.0,30.0,0.0,0.0,0.0,0.0,0.0,0.0,Optimal,3567.354144099998,3742376.15534414
7512,,104.06,0.0,30.0,43.122831,30.0,0.0,-30.0,0.0,0.0,0.0,0.0,0.0,0.0,Optimal,3567.354144099998,3742376.15534414
7513,,105.1,30.0,0.0,71.922831,0.0,30.0,30.0,0.0,0.0,0.0,0.0,0.0,0.0,Optimal,3567.354144099998,3742376.15534414
7514,,99.96,0.0,30.0,40.672831,30.0,0.0,-30.0,0.0,0.0,0.0,0.0,0.0,0.0,Optimal,3567.354144099998,3742376.15534414
7515,,98.0,29.366176,0.0,68.86436,0.0,29.366176,29.366176,0.0,0.0,0.0,0.0,0.0,0.0,Optimal,3567.354144099998,3742376.15534414
7516,,96.68,0.0,30.0,37.61436,30.0,0.0,-30.0,0.0,0.0,0.0,0.0,0.0,0.0,Optimal,3567.354144099998,3742376.15534414
7517,,98.41,0.0,30.0,6.3643595,30.0,0.0,-30.0,0.0,0.0,0.0,0.0,0.0,0.0,Optimal,3567.354144099998,3742376.15534414
7518,,100.6,30.0,0.0,35.16436,0.0,30.0,30.0,0.0,0.0,0.0,0.0,0.0,0.0,Optimal,3567.354144099998,3742376.15534414
7519,,104.31,0.0,30.0,3.9143595,30.0,0.0,-30.0,0.0,0.0,0.0,0.0,0.0,0.0,Optimal,3567.354144099998,3742376.15534414
7520,,109.87,13.394241,0.0,16.772831,0.0,13.394241,13.394241,0.0,0.0,0.0,0.0,0.0,0.0,Optimal,3567.354144099998,3742376.15534414
7521,,114.1,30.0,0.0,45.572831,0.0,30.0,30.0,0.0,0.0,0.0,0.0,0.0,0.0,Optimal,3567.354144099998,3742376.15534414
7522,,114.6,30.0,0.0,74.372831,0.0,30.0,30.0,0.0,0.0,0.0,0.0,0.0,0.0,Optimal,3567.354144099998,3742376.15534414
7523,,109.97,0.0,7.6401325,66.41436,7.6401325,0.0,-7.6401325,0.0,0.0,0.0,0.0,0.0,0.0,Optimal,3567.354144099998,3742376.15534414
7524,,106.4,0.0,30.0,35.16436,30.0,0.0,-30.0,0.0,0.0,0.0,0.0,0.0,0.0,Optimal,3567.354144099998,3742376.15534414
7525,,106.88,0.0,30.0,3.9143595,30.0,0.0,-30.0,0.0,0.0,0.0,0.0,0.0,0.0,Optimal,3567.354144099998,3742376.15534414
7526,,108.0,30.0,0.0,32.71436,0.0,30.0,30.0,0.0,0.0,0.0,0.0,0.0,0.0,Optimal,3567.354144099998,3742376.15534414
7527,,110.18,0.0,27.648,3.9143595,27.648,0.0,-27.648,0.0,0.0,0.0,0.0,0.0,0.0,Optimal,3567.354144099998,3742376.15534414
7528,,119.92,0.0,0.0,3.9143595,0.0,0.0,0.0,0.0,0.0,0.0,0.0,0.0,0.0,Optimal,3567.354144099998,3742376.15534414
7529,,133.3,0.0,0.0,3.9143595,0.0,0.0,0.0,0.0,0.0,0.0,0.0,0.0,0.0,Optimal,3567.354144099998,3742376.15534414
7530,,144.8,30.0,0.0,32.71436,0.0,30.0,30.0,0.0,0.0,0.0,0.0,0.0,0.0,Optimal,3567.354144099998,3742376.15534414
7531,,145.96,30.0,0.0,61.51436,0.0,30.0,30.0,0.0,0.0,0.0,0.0,0.0,0.0,Optimal,3567.354144099998,3742376.15534414
7532,,139.27,13.394241,0.0,74.372831,0.0,13.394241,13.394241,0.0,0.0,0.0,0.0,0.0,0.0,Optimal,3567.354144099998,3742376.15534414
7533,,128.32,0.0,0.0,74.372831,0.0,0.0,0.0,0.0,0.0,0.0,0.0,0.0,0.0,Optimal,3567.354144099998,3742376.15534414
7534,,117.96,0.0,27.648,45.572831,27.648,0.0,-27.648,0.0,0.0,0.0,0.0,0.0,0.0,Optimal,3567.354144099998,3742376.15534414
7535,,114.53,30.0,0.0,74.372831,0.0,30.0,30.0,0.0,0.0,0.0,0.0,0.0,0.0,Optimal,3567.354144099998,3742376.15534414
7536,,110.1,0.0,27.648,45.572831,27.648,0.0,-27.648,0.0,0.0,0.0,0.0,0.0,0.0,Optimal,3567.354144099998,3742376.15534414
7537,,104.99,30.0,0.0,74.372831,0.0,30.0,30.0,0.0,0.0,0.0,0.0,0.0,0.0,Optimal,3567.354144099998,3742376.15534414
7538,,102.28,0.0,30.0,43.122831,30.0,0.0,-30.0,0.0,0.0,0.0,0.0,0.0,0.0,Optimal,3567.354144099998,3742376.15534414
7539,,101.29,30.0,0.0,71.922831,0.0,30.0,30.0,0.0,0.0,0.0,0.0,0.0,0.0,Optimal,3567.354144099998,3742376.15534414
7540,,99.44,0.0,30.0,40.672831,30.0,0.0,-30.0,0.0,0.0,0.0,0.0,0.0,0.0,Optimal,3567.354144099998,3742376.15534414
7541,,99.19,0.0,30.0,9.4228309,30.0,0.0,-30.0,0.0,0.0,0.0,0.0,0.0,0.0,Optimal,3567.354144099998,3742376.15534414
7542,,99.89,29.366176,0.0,37.61436,0.0,29.366176,29.366176,0.0,0.0,0.0,0.0,0.0,0.0,Optimal,3567.354144099998,3742376.15534414
7543,,99.55,0.0,30.0,6.3643595,30.0,0.0,-30.0,0.0,0.0,0.0,0.0,0.0,0.0,Optimal,3567.354144099998,3742376.15534414
7544,,102.45,30.0,0.0,35.16436,0.0,30.0,30.0,0.0,0.0,0.0,0.0,0.0,0.0,Optimal,3567.354144099998,3742376.15534414
7545,,104.28,0.0,30.0,3.9143595,30.0,0.0,-30.0,0.0,0.0,0.0,0.0,0.0,0.0,Optimal,3567.354144099998,3742376.15534414
7546,,110.91,30.0,0.0,32.71436,0.0,30.0,30.0,0.0,0.0,0.0,0.0,0.0,0.0,Optimal,3567.354144099998,3742376.15534414
7547,,112.17,30.0,0.0,61.51436,0.0,30.0,30.0,0.0,0.0,0.0,0.0,0.0,0.0,Optimal,3567.354144099998,3742376.15534414
7548,,110.13,0.0,30.0,30.26436,30.0,0.0,-30.0,0.0,0.0,0.0,0.0,0.0,0.0,Optimal,3567.354144099998,3742376.15534414
7549,,110.92,30.0,0.0,59.06436,0.0,30.0,30.0,0.0,0.0,0.0,0.0,0.0,0.0,Optimal,3567.354144099998,3742376.15534414
7550,,108.23,0.0,30.0,27.81436,30.0,0.0,-30.0,0.0,0.0,0.0,0.0,0.0,0.0,Optimal,3567.354144099998,3742376.15534414
7551,,110.93,0.0,22.944,3.9143595,22.944,0.0,-22.944,0.0,0.0,0.0,0.0,0.0,0.0,Optimal,3567.354144099998,3742376.15534414
7552,,121.39,30.0,0.0,32.71436,0.0,30.0,30.0,0.0,0.0,0.0,0.0,0.0,0.0,Optimal,3567.354144099998,3742376.15534414
7553,,130.77,0.0,27.648,3.9143595,27.648,0.0,-27.648,0.0,0.0,0.0,0.0,0.0,0.0,Optimal,3567.354144099998,3742376.15534414
7554,,145.52,30.0,0.0,32.71436,0.0,30.0,30.0,0.0,0.0,0.0,0.0,0.0,0.0,Optimal,3567.354144099998,3742376.15534414
7555,,144.2,30.0,0.0,61.51436,0.0,30.0,30.0,0.0,0.0,0.0,0.0,0.0,0.0,Optimal,3567.354144099998,3742376.15534414
7556,,137.57,13.394241,0.0,74.372831,0.0,13.394241,13.394241,0.0,0.0,0.0,0.0,0.0,0.0,Optimal,3567.354144099998,3742376.15534414
7557,,125.31,0.0,0.0,74.372831,0.0,0.0,0.0,0.0,0.0,0.0,0.0,0.0,0.0,Optimal,3567.354144099998,3742376.15534414
7558,,115.28,0.0,27.648,45.572831,27.648,0.0,-27.648,0.0,0.0,0.0,0.0,0.0,0.0,Optimal,3567.354144099998,3742376.15534414
7559,,111.1,30.0,0.0,74.372831,0.0,30.0,30.0,0.0,0.0,0.0,0.0,0.0,0.0,Optimal,3567.354144099998,3742376.15534414
7560,,108.02,0.0,27.648,45.572831,27.648,0.0,-27.648,0.0,0.0,0.0,0.0,0.0,0.0,Optimal,3567.354144099998,3742376.15534414
7561,,109.55,30.0,0.0,74.372831,0.0,30.0,30.0,0.0,0.0,0.0,0.0,0.0,0.0,Optimal,3567.354144099998,3742376.15534414
7562,,103.38,0.0,27.648,45.572831,27.648,0.0,-27.648,0.0,0.0,0.0,0.0,0.0,0.0,Optimal,3567.354144099998,3742376.15534414
7563,,99.91,30.0,0.0,74.372831,0.0,30.0,30.0,0.0,0.0,0.0,0.0,0.0,0.0,Optimal,3567.354144099998,3742376.15534414
7564,,96.0,0.0,30.0,43.122831,30.0,0.0,-30.0,0.0,0.0,0.0,0.0,0.0,0.0,Optimal,3567.354144099998,3742376.15534414
7565,,95.01,24.262009,0.0,66.41436,0.0,24.262009,24.262009,0.0,0.0,0.0,0.0,0.0,0.0,Optimal,3567.354144099998,3742376.15534414
7566,,82.0,0.0,30.0,35.16436,30.0,0.0,-30.0,0.0,0.0,0.0,0.0,0.0,0.0,Optimal,3567.354144099998,3742376.15534414
7567,,91.7,0.0,30.0,3.9143595,30.0,0.0,-30.0,0.0,0.0,0.0,0.0,0.0,0.0,Optimal,3567.354144099998,3742376.15534414
7568,,118.91,13.394241,0.0,16.772831,0.0,13.394241,13.394241,0.0,0.0,0.0,0.0,0.0,0.0,Optimal,3567.354144099998,3742376.15534414
7569,,130.55,30.0,0.0,45.572831,0.0,30.0,30.0,0.0,0.0,0.0,0.0,0.0,0.0,Optimal,3567.354144099998,3742376.15534414
7570,,119.9,30.0,0.0,74.372831,0.0,30.0,30.0,0.0,0.0,0.0,0.0,0.0,0.0,Optimal,3567.354144099998,3742376.15534414
7571,,108.28,0.0,0.0,74.372831,0.0,0.0,0.0,0.0,0.0,0.0,0.0,0.0,0.0,Optimal,3567.354144099998,3742376.15534414
7572,,64.25,0.0,30.0,43.122831,30.0,0.0,-30.0,0.0,0.0,0.0,0.0,0.0,0.0,Optimal,3567.354144099998,3742376.15534414
7573,,87.97,0.0,30.0,11.872831,30.0,0.0,-30.0,0.0,0.0,0.0,0.0,0.0,0.0,Optimal,3567.354144099998,3742376.15534414
7574,,101.0,0.0,7.6401325,3.9143595,7.6401325,0.0,-7.6401325,0.0,0.0,0.0,0.0,0.0,0.0,Optimal,3567.354144099998,3742376.15534414
7575,,109.0,30.0,0.0,32.71436,0.0,30.0,30.0,0.0,0.0,0.0,0.0,0.0,0.0,Optimal,3567.354144099998,3742376.15534414
7576,,102.6,0.0,27.648,3.9143595,27.648,0.0,-27.648,0.0,0.0,0.0,0.0,0.0,0.0,Optimal,3567.354144099998,3742376.15534414
7577,,116.2,0.0,0.0,3.9143595,0.0,0.0,0.0,0.0,0.0,0.0,0.0,0.0,0.0,Optimal,3567.354144099998,3742376.15534414
7578,,145.77,30.0,0.0,32.71436,0.0,30.0,30.0,0.0,0.0,0.0,0.0,0.0,0.0,Optimal,3567.354144099998,3742376.15534414
7579,,144.1,30.0,0.0,61.51436,0.0,30.0,30.0,0.0,0.0,0.0,0.0,0.0,0.0,Optimal,3567.354144099998,3742376.15534414
7580,,131.69,13.394241,0.0,74.372831,0.0,13.394241,13.394241,0.0,0.0,0.0,0.0,0.0,0.0,Optimal,3567.354144099998,3742376.15534414
7581,,120.0,0.0,0.0,74.372831,0.0,0.0,0.0,0.0,0.0,0.0,0.0,0.0,0.0,Optimal,3567.354144099998,3742376.15534414
7582,,110.2,0.0,30.0,43.122831,30.0,0.0,-30.0,0.0,0.0,0.0,0.0,0.0,0.0,Optimal,3567.354144099998,3742376.15534414
7583,,107.86,30.0,0.0,71.922831,0.0,30.0,30.0,0.0,0.0,0.0,0.0,0.0,0.0,Optimal,3567.354144099998,3742376.15534414
7584,,104.33,2.5520833,0.0,74.372831,0.0,2.5520833,2.5520833,0.0,0.0,0.0,0.0,0.0,0.0,Optimal,3567.354144099998,3742376.15534414
7585,,101.2,0.0,27.648,45.572831,27.648,0.0,-27.648,0.0,0.0,0.0,0.0,0.0,0.0,Optimal,3567.354144099998,3742376.15534414
7586,,102.0,30.0,0.0,74.372831,0.0,30.0,30.0,0.0,0.0,0.0,0.0,0.0,0.0,Optimal,3567.354144099998,3742376.15534414
7587,,95.2,0.0,5.2881325,68.86436,5.2881325,0.0,-5.2881325,0.0,0.0,0.0,0.0,0.0,0.0,Optimal,3567.354144099998,3742376.15534414
7588,,93.75,0.0,30.0,37.61436,30.0,0.0,-30.0,0.0,0.0,0.0,0.0,0.0,0.0,Optimal,3567.354144099998,3742376.15534414
7589,,93.16,0.0,30.0,6.3643595,30.0,0.0,-30.0,0.0,0.0,0.0,0.0,0.0,0.0,Optimal,3567.354144099998,3742376.15534414
7590,,103.11,30.0,0.0,35.16436,0.0,30.0,30.0,0.0,0.0,0.0,0.0,0.0,0.0,Optimal,3567.354144099998,3742376.15534414
7591,,89.2,0.0,30.0,3.9143595,30.0,0.0,-30.0,0.0,0.0,0.0,0.0,0.0,0.0,Optimal,3567.354144099998,3742376.15534414
7592,,111.5,0.0,0.0,3.9143595,0.0,0.0,0.0,0.0,0.0,0.0,0.0,0.0,0.0,Optimal,3567.354144099998,3742376.15534414
7593,,180.0,30.0,0.0,32.71436,0.0,30.0,30.0,0.0,0.0,0.0,0.0,0.0,0.0,Optimal,3567.354144099998,3742376.15534414
7594,,133.2,5.1041667,0.0,37.61436,0.0,5.1041667,5.1041667,0.0,0.0,0.0,0.0,0.0,0.0,Optimal,3567.354144099998,3742376.15534414
7595,,158.99,30.0,0.0,66.41436,0.0,30.0,30.0,0.0,0.0,0.0,0.0,0.0,0.0,Optimal,3567.354144099998,3742376.15534414
7596,,125.52,0.0,30.0,35.16436,30.0,0.0,-30.0,0.0,0.0,0.0,0.0,0.0,0.0,Optimal,3567.354144099998,3742376.15534414
7597,,124.91,0.0,30.0,3.9143595,30.0,0.0,-30.0,0.0,0.0,0.0,0.0,0.0,0.0,Optimal,3567.354144099998,3742376.15534414
7598,,147.31,0.0,0.0,3.9143595,0.0,0.0,0.0,0.0,0.0,0.0,0.0,0.0,0.0,Optimal,3567.354144099998,3742376.15534414
7599,,160.72,0.0,0.0,3.9143595,0.0,0.0,0.0,0.0,0.0,0.0,0.0,0.0,0.0,Optimal,3567.354144099998,3742376.15534414
7600,,200.0,0.0,0.0,3.9143595,0.0,0.0,0.0,0.0,0.0,0.0,0.0,0.0,0.0,Optimal,3567.354144099998,3742376.15534414
7601,,245.74,30.0,0.0,32.71436,0.0,30.0,30.0,0.0,0.0,0.0,0.0,0.0,0.0,Optimal,3567.354144099998,3742376.15534414
7602,,292.33,30.0,0.0,61.51436,0.0,30.0,30.0,0.0,0.0,0.0,0.0,0.0,0.0,Optimal,3567.354144099998,3742376.15534414
7603,,216.0,13.394241,0.0,74.372831,0.0,13.394241,13.394241,0.0,0.0,0.0,0.0,0.0,0.0,Optimal,3567.354144099998,3742376.15534414
7604,,168.34,0.0,0.0,74.372831,0.0,0.0,0.0,0.0,0.0,0.0,0.0,0.0,0.0,Optimal,3567.354144099998,3742376.15534414
7605,,146.67,0.0,0.0,74.372831,0.0,0.0,0.0,0.0,0.0,0.0,0.0,0.0,0.0,Optimal,3567.354144099998,3742376.15534414
7606,,130.51,0.0,27.648,45.572831,27.648,0.0,-27.648,0.0,0.0,0.0,0.0,0.0,0.0,Optimal,3567.354144099998,3742376.15534414
7607,,124.44,30.0,0.0,74.372831,0.0,30.0,30.0,0.0,0.0,0.0,0.0,0.0,0.0,Optimal,3567.354144099998,3742376.15534414
7608,,115.33,0.0,27.648,45.572831,27.648,0.0,-27.648,0.0,0.0,0.0,0.0,0.0,0.0,Optimal,3567.354144099998,3742376.15534414
7609,,114.7,30.0,0.0,74.372831,0.0,30.0,30.0,0.0,0.0,0.0,0.0,0.0,0.0,Optimal,3567.354144099998,3742376.15534414
7610,,109.95,0.0,30.0,43.122831,30.0,0.0,-30.0,0.0,0.0,0.0,0.0,0.0,0.0,Optimal,3567.354144099998,3742376.15534414
7611,,106.56,30.0,0.0,71.922831,0.0,30.0,30.0,0.0,0.0,0.0,0.0,0.0,0.0,Optimal,3567.354144099998,3742376.15534414
7612,,105.66,0.0,30.0,40.672831,30.0,0.0,-30.0,0.0,0.0,0.0,0.0,0.0,0.0,Optimal,3567.354144099998,3742376.15534414
7613,,107.87,0.0,30.0,9.4228309,30.0,0.0,-30.0,0.0,0.0,0.0,0.0,0.0,0.0,Optimal,3567.354144099998,3742376.15534414
7614,,114.3,0.0,5.2881325,3.9143595,5.2881325,0.0,-5.2881325,0.0,0.0,0.0,0.0,0.0,0.0,Optimal,3567.354144099998,3742376.15534414
7615,,130.31,0.0,0.0,3.9143595,0.0,0.0,0.0,0.0,0.0,0.0,0.0,0.0,0.0,Optimal,3567.354144099998,3742376.15534414
7616,,160.77,0.0,0.0,3.9143595,0.0,0.0,0.0,0.0,0.0,0.0,0.0,0.0,0.0,Optimal,3567.354144099998,3742376.15534414
7617,,212.71,30.0,0.0,32.71436,0.0,30.0,30.0,0.0,0.0,0.0,0.0,0.0,0.0,Optimal,3567.354144099998,3742376.15534414
7618,,213.91,30.0,0.0,61.51436,0.0,30.0,30.0,0.0,0.0,0.0,0.0,0.0,0.0,Optimal,3567.354144099998,3742376.15534414
7619,,189.78,13.394241,0.0,74.372831,0.0,13.394241,13.394241,0.0,0.0,0.0,0.0,0.0,0.0,Optimal,3567.354144099998,3742376.15534414
7620,,169.79,0.0,0.0,74.372831,0.0,0.0,0.0,0.0,0.0,0.0,0.0,0.0,0.0,Optimal,3567.354144099998,3742376.15534414
7621,,155.7,0.0,7.6401325,66.41436,7.6401325,0.0,-7.6401325,0.0,0.0,0.0,0.0,0.0,0.0,Optimal,3567.354144099998,3742376.15534414
7622,,153.7,0.0,30.0,35.16436,30.0,0.0,-30.0,0.0,0.0,0.0,0.0,0.0,0.0,Optimal,3567.354144099998,3742376.15534414
7623,,153.42,0.0,30.0,3.9143595,30.0,0.0,-30.0,0.0,0.0,0.0,0.0,0.0,0.0,Optimal,3567.354144099998,3742376.15534414
7624,,162.07,30.0,0.0,32.71436,0.0,30.0,30.0,0.0,0.0,0.0,0.0,0.0,0.0,Optimal,3567.354144099998,3742376.15534414
7625,,169.59,0.0,27.648,3.9143595,27.648,0.0,-27.648,0.0,0.0,0.0,0.0,0.0,0.0,Optimal,3567.354144099998,3742376.15534414
7626,,177.52,30.0,0.0,32.71436,0.0,30.0,30.0,0.0,0.0,0.0,0.0,0.0,0.0,Optimal,3567.354144099998,3742376.15534414
7627,,175.0,30.0,0.0,61.51436,0.0,30.0,30.0,0.0,0.0,0.0,0.0,0.0,0.0,Optimal,3567.354144099998,3742376.15534414
7628,,162.82,13.394241,0.0,74.372831,0.0,13.394241,13.394241,0.0,0.0,0.0,0.0,0.0,0.0,Optimal,3567.354144099998,3742376.15534414
7629,,128.5,0.0,0.0,74.372831,0.0,0.0,0.0,0.0,0.0,0.0,0.0,0.0,0.0,Optimal,3567.354144099998,3742376.15534414
7630,,116.27,0.0,27.648,45.572831,27.648,0.0,-27.648,0.0,0.0,0.0,0.0,0.0,0.0,Optimal,3567.354144099998,3742376.15534414
7631,,114.23,30.0,0.0,74.372831,0.0,30.0,30.0,0.0,0.0,0.0,0.0,0.0,0.0,Optimal,3567.354144099998,3742376.15534414
7632,,106.81,0.0,0.0,74.372831,0.0,0.0,0.0,0.0,0.0,0.0,0.0,0.0,0.0,Optimal,3567.354144099998,3742376.15534414
7633,,101.7,0.0,27.648,45.572831,27.648,0.0,-27.648,0.0,0.0,0.0,0.0,0.0,0.0,Optimal,3567.354144099998,3742376.15534414
7634,,100.0,30.0,0.0,74.372831,0.0,30.0,30.0,0.0,0.0,0.0,0.0,0.0,0.0,Optimal,3567.354144099998,3742376.15534414
7635,,96.14,0.0,30.0,43.122831,30.0,0.0,-30.0,0.0,0.0,0.0,0.0,0.0,0.0,Optimal,3567.354144099998,3742376.15534414
7636,,92.37,24.262009,0.0,66.41436,0.0,24.262009,24.262009,0.0,0.0,0.0,0.0,0.0,0.0,Optimal,3567.354144099998,3742376.15534414
7637,,91.63,0.0,30.0,35.16436,30.0,0.0,-30.0,0.0,0.0,0.0,0.0,0.0,0.0,Optimal,3567.354144099998,3742376.15534414
7638,,92.93,0.0,30.0,3.9143595,30.0,0.0,-30.0,0.0,0.0,0.0,0.0,0.0,0.0,Optimal,3567.354144099998,3742376.15534414
7639,,105.27,30.0,0.0,32.71436,0.0,30.0,30.0,0.0,0.0,0.0,0.0,0.0,0.0,Optimal,3567.354144099998,3742376.15534414
7640,,114.07,0.0,27.648,3.9143595,27.648,0.0,-27.648,0.0,0.0,0.0,0.0,0.0,0.0,Optimal,3567.354144099998,3742376.15534414
7641,,129.1,30.0,0.0,32.71436,0.0,30.0,30.0,0.0,0.0,0.0,0.0,0.0,0.0,Optimal,3567.354144099998,3742376.15534414
7642,,125.76,0.0,27.648,3.9143595,27.648,0.0,-27.648,0.0,0.0,0.0,0.0,0.0,0.0,Optimal,3567.354144099998,3742376.15534414
7643,,126.8,30.0,0.0,32.71436,0.0,30.0,30.0,0.0,0.0,0.0,0.0,0.0,0.0,Optimal,3567.354144099998,3742376.15534414
7644,,126.34,30.0,0.0,61.51436,0.0,30.0,30.0,0.0,0.0,0.0,0.0,0.0,0.0,Optimal,3567.354144099998,3742376.15534414
7645,,123.82,0.0,30.0,30.26436,30.0,0.0,-30.0,0.0,0.0,0.0,0.0,0.0,0.0,Optimal,3567.354144099998,3742376.15534414
7646,,128.09,0.0,25.296,3.9143595,25.296,0.0,-25.296,0.0,0.0,0.0,0.0,0.0,0.0,Optimal,3567.354144099998,3742376.15534414
7647,,134.19,0.0,0.0,3.9143595,0.0,0.0,0.0,0.0,0.0,0.0,0.0,0.0,0.0,Optimal,3567.354144099998,3742376.15534414
7648,,143.15,30.0,0.0,32.71436,0.0,30.0,30.0,0.0,0.0,0.0,0.0,0.0,0.0,Optimal,3567.354144099998,3742376.15534414
7649,,147.76,0.0,27.648,3.9143595,27.648,0.0,-27.648,0.0,0.0,0.0,0.0,0.0,0.0,Optimal,3567.354144099998,3742376.15534414
7650,,157.16,30.0,0.0,32.71436,0.0,30.0,30.0,0.0,0.0,0.0,0.0,0.0,0.0,Optimal,3567.354144099998,3742376.15534414
7651,,155.24,30.0,0.0,61.51436,0.0,30.0,30.0,0.0,0.0,0.0,0.0,0.0,0.0,Optimal,3567.354144099998,3742376.15534414
7652,,149.12,13.394241,0.0,74.372831,0.0,13.394241,13.394241,0.0,0.0,0.0,0.0,0.0,0.0,Optimal,3567.354144099998,3742376.15534414
7653,,138.96,0.0,0.0,74.372831,0.0,0.0,0.0,0.0,0.0,0.0,0.0,0.0,0.0,Optimal,3567.354144099998,3742376.15534414
7654,,129.53,0.0,27.648,45.572831,27.648,0.0,-27.648,0.0,0.0,0.0,0.0,0.0,0.0,Optimal,3567.354144099998,3742376.15534414
7655,,122.89,30.0,0.0,74.372831,0.0,30.0,30.0,0.0,0.0,0.0,0.0,0.0,0.0,Optimal,3567.354144099998,3742376.15534414
7656,,112.56,0.0,27.648,45.572831,27.648,0.0,-27.648,0.0,0.0,0.0,0.0,0.0,0.0,Optimal,3567.354144099998,3742376.15534414
7657,,110.66,30.0,0.0,74.372831,0.0,30.0,30.0,0.0,0.0,0.0,0.0,0.0,0.0,Optimal,3567.354144099998,3742376.15534414
7658,,106.8,0.0,30.0,43.122831,30.0,0.0,-30.0,0.0,0.0,0.0,0.0,0.0,0.0,Optimal,3567.354144099998,3742376.15534414
7659,,107.07,30.0,0.0,71.922831,0.0,30.0,30.0,0.0,0.0,0.0,0.0,0.0,0.0,Optimal,3567.354144099998,3742376.15534414
7660,,103.7,0.0,30.0,40.672831,30.0,0.0,-30.0,0.0,0.0,0.0,0.0,0.0,0.0,Optimal,3567.354144099998,3742376.15534414
7661,,104.5,0.0,30.0,9.4228309,30.0,0.0,-30.0,0.0,0.0,0.0,0.0,0.0,0.0,Optimal,3567.354144099998,3742376.15534414
7662,,108.78,0.0,5.2881325,3.9143595,5.2881325,0.0,-5.2881325,0.0,0.0,0.0,0.0,0.0,0.0,Optimal,3567.354144099998,3742376.15534414
7663,,129.8,0.0,0.0,3.9143595,0.0,0.0,0.0,0.0,0.0,0.0,0.0,0.0,0.0,Optimal,3567.354144099998,3742376.15534414
7664,,145.23,13.394241,0.0,16.772831,0.0,13.394241,13.394241,0.0,0.0,0.0,0.0,0.0,0.0,Optimal,3567.354144099998,3742376.15534414
7665,,158.52,30.0,0.0,45.572831,0.0,30.0,30.0,0.0,0.0,0.0,0.0,0.0,0.0,Optimal,3567.354144099998,3742376.15534414
7666,,149.97,30.0,0.0,74.372831,0.0,30.0,30.0,0.0,0.0,0.0,0.0,0.0,0.0,Optimal,3567.354144099998,3742376.15534414
7667,,137.58,0.0,27.648,45.572831,27.648,0.0,-27.648,0.0,0.0,0.0,0.0,0.0,0.0,Optimal,3567.354144099998,3742376.15534414
7668,,133.51,30.0,0.0,74.372831,0.0,30.0,30.0,0.0,0.0,0.0,0.0,0.0,0.0,Optimal,3567.354144099998,3742376.15534414
7669,,121.64,0.0,30.0,43.122831,30.0,0.0,-30.0,0.0,0.0,0.0,0.0,0.0,0.0,Optimal,3567.354144099998,3742376.15534414
7670,,121.5,0.0,30.0,11.872831,30.0,0.0,-30.0,0.0,0.0,0.0,0.0,0.0,0.0,Optimal,3567.354144099998,3742376.15534414
7671,,130.1,0.0,7.6401325,3.9143595,7.6401325,0.0,-7.6401325,0.0,0.0,0.0,0.0,0.0,0.0,Optimal,3567.354144099998,3742376.15534414
7672,,138.14,30.0,0.0,32.71436,0.0,30.0,30.0,0.0,0.0,0.0,0.0,0.0,0.0,Optimal,3567.354144099998,3742376.15534414
7673,,133.19,0.0,27.648,3.9143595,27.648,0.0,-27.648,0.0,0.0,0.0,0.0,0.0,0.0,Optimal,3567.354144099998,3742376.15534414
7674,,137.03,30.0,0.0,32.71436,0.0,30.0,30.0,0.0,0.0,0.0,0.0,0.0,0.0,Optimal,3567.354144099998,3742376.15534414
7675,,135.54,30.0,0.0,61.51436,0.0,30.0,30.0,0.0,0.0,0.0,0.0,0.0,0.0,Optimal,3567.354144099998,3742376.15534414
7676,,128.0,13.394241,0.0,74.372831,0.0,13.394241,13.394241,0.0,0.0,0.0,0.0,0.0,0.0,Optimal,3567.354144099998,3742376.15534414
7677,,115.73,0.0,0.0,74.372831,0.0,0.0,0.0,0.0,0.0,0.0,0.0,0.0,0.0,Optimal,3567.354144099998,3742376.15534414
7678,,110.74,0.0,27.648,45.572831,27.648,0.0,-27.648,0.0,0.0,0.0,0.0,0.0,0.0,Optimal,3567.354144099998,3742376.15534414
7679,,108.19,30.0,0.0,74.372831,0.0,30.0,30.0,0.0,0.0,0.0,0.0,0.0,0.0,Optimal,3567.354144099998,3742376.15534414
7680,,93.55,0.0,30.0,43.122831,30.0,0.0,-30.0,0.0,0.0,0.0,0.0,0.0,0.0,Optimal,3567.354144099998,3742376.15534414
7681,,102.65,30.0,0.0,71.922831,0.0,30.0,30.0,0.0,0.0,0.0,0.0,0.0,0.0,Optimal,3567.354144099998,3742376.15534414
7682,,99.09,2.5520833,0.0,74.372831,0.0,2.5520833,2.5520833,0.0,0.0,0.0,0.0,0.0,0.0,Optimal,3567.354144099998,3742376.15534414
7683,,97.91,0.0,27.648,45.572831,27.648,0.0,-27.648,0.0,0.0,0.0,0.0,0.0,0.0,Optimal,3567.354144099998,3742376.15534414
7684,,96.07,30.0,0.0,74.372831,0.0,30.0,30.0,0.0,0.0,0.0,0.0,0.0,0.0,Optimal,3567.354144099998,3742376.15534414
7685,,89.78,0.0,30.0,43.122831,30.0,0.0,-30.0,0.0,0.0,0.0,0.0,0.0,0.0,Optimal,3567.354144099998,3742376.15534414
7686,,86.95,24.262009,0.0,66.41436,0.0,24.262009,24.262009,0.0,0.0,0.0,0.0,0.0,0.0,Optimal,3567.354144099998,3742376.15534414
7687,,78.6,0.0,30.0,35.16436,30.0,0.0,-30.0,0.0,0.0,0.0,0.0,0.0,0.0,Optimal,3567.354144099998,3742376.15534414
7688,,90.1,0.0,30.0,3.9143595,30.0,0.0,-30.0,0.0,0.0,0.0,0.0,0.0,0.0,Optimal,3567.354144099998,3742376.15534414
7689,,104.75,13.394241,0.0,16.772831,0.0,13.394241,13.394241,0.0,0.0,0.0,0.0,0.0,0.0,Optimal,3567.354144099998,3742376.15534414
7690,,118.4,30.0,0.0,45.572831,0.0,30.0,30.0,0.0,0.0,0.0,0.0,0.0,0.0,Optimal,3567.354144099998,3742376.15534414
7691,,114.9,30.0,0.0,74.372831,0.0,30.0,30.0,0.0,0.0,0.0,0.0,0.0,0.0,Optimal,3567.354144099998,3742376.15534414
7692,,111.41,0.0,27.648,45.572831,27.648,0.0,-27.648,0.0,0.0,0.0,0.0,0.0,0.0,Optimal,3567.354144099998,3742376.15534414
7693,,108.98,30.0,0.0,74.372831,0.0,30.0,30.0,0.0,0.0,0.0,0.0,0.0,0.0,Optimal,3567.354144099998,3742376.15534414
7694,,101.76,0.0,30.0,43.122831,30.0,0.0,-30.0,0.0,0.0,0.0,0.0,0.0,0.0,Optimal,3567.354144099998,3742376.15534414
7695,,100.0,0.0,30.0,11.872831,30.0,0.0,-30.0,0.0,0.0,0.0,0.0,0.0,0.0,Optimal,3567.354144099998,3742376.15534414
7696,,102.58,0.0,7.6401325,3.9143595,7.6401325,0.0,-7.6401325,0.0,0.0,0.0,0.0,0.0,0.0,Optimal,3567.354144099998,3742376.15534414
7697,,112.05,13.394241,0.0,16.772831,0.0,13.394241,13.394241,0.0,0.0,0.0,0.0,0.0,0.0,Optimal,3567.354144099998,3742376.15534414
7698,,126.53,30.0,0.0,45.572831,0.0,30.0,30.0,0.0,0.0,0.0,0.0,0.0,0.0,Optimal,3567.354144099998,3742376.15534414
7699,,122.5,30.0,0.0,74.372831,0.0,30.0,30.0,0.0,0.0,0.0,0.0,0.0,0.0,Optimal,3567.354144099998,3742376.15534414
7700,,111.0,0.0,30.0,43.122831,30.0,0.0,-30.0,0.0,0.0,0.0,0.0,0.0,0.0,Optimal,3567.354144099998,3742376.15534414
7701,,119.3,30.0,0.0,71.922831,0.0,30.0,30.0,0.0,0.0,0.0,0.0,0.0,0.0,Optimal,3567.354144099998,3742376.15534414
7702,,119.3,0.0,25.296,45.572831,25.296,0.0,-25.296,0.0,0.0,0.0,0.0,0.0,0.0,Optimal,3567.354144099998,3742376.15534414
7703,,117.62,30.0,0.0,74.372831,0.0,30.0,30.0,0.0,0.0,0.0,0.0,0.0,0.0,Optimal,3567.354144099998,3742376.15534414
7704,,95.96,0.0,30.0,43.122831,30.0,0.0,-30.0,0.0,0.0,0.0,0.0,0.0,0.0,Optimal,3567.354144099998,3742376.15534414
7705,,96.05,30.0,0.0,71.922831,0.0,30.0,30.0,0.0,0.0,0.0,0.0,0.0,0.0,Optimal,3567.354144099998,3742376.15534414
7706,,90.92,2.5520833,0.0,74.372831,0.0,2.5520833,2.5520833,0.0,0.0,0.0,0.0,0.0,0.0,Optimal,3567.354144099998,3742376.15534414
7707,,74.33,0.0,0.0,74.372831,0.0,0.0,0.0,0.0,0.0,0.0,0.0,0.0,0.0,Optimal,3567.354144099998,3742376.15534414
7708,,61.18,0.0,0.0,74.372831,0.0,0.0,0.0,0.0,0.0,0.0,0.0,0.0,0.0,Optimal,3567.354144099998,3742376.15534414
7709,,45.53,0.0,30.0,43.122831,30.0,0.0,-30.0,0.0,0.0,0.0,0.0,0.0,0.0,Optimal,3567.354144099998,3742376.15534414
7710,,39.3,0.0,30.0,11.872831,30.0,0.0,-30.0,0.0,0.0,0.0,0.0,0.0,0.0,Optimal,3567.354144099998,3742376.15534414
7711,,46.6,0.0,7.6401325,3.9143595,7.6401325,0.0,-7.6401325,0.0,0.0,0.0,0.0,0.0,0.0,Optimal,3567.354144099998,3742376.15534414
7712,,64.04,13.394241,0.0,16.772831,0.0,13.394241,13.394241,0.0,0.0,0.0,0.0,0.0,0.0,Optimal,3567.354144099998,3742376.15534414
7713,,85.7,30.0,0.0,45.572831,0.0,30.0,30.0,0.0,0.0,0.0,0.0,0.0,0.0,Optimal,3567.354144099998,3742376.15534414
7714,,92.8,30.0,0.0,74.372831,0.0,30.0,30.0,0.0,0.0,0.0,0.0,0.0,0.0,Optimal,3567.354144099998,3742376.15534414
7715,,45.03,0.0,0.0,74.372831,0.0,0.0,0.0,0.0,0.0,0.0,0.0,0.0,0.0,Optimal,3567.354144099998,3742376.15534414
7716,,13.8,0.0,30.0,43.122831,30.0,0.0,-30.0,0.0,0.0,0.0,0.0,0.0,0.0,Optimal,3567.354144099998,3742376.15534414
7717,,24.47,0.0,7.6401325,35.16436,7.6401325,0.0,-7.6401325,0.0,0.0,0.0,0.0,0.0,0.0,Optimal,3567.354144099998,3742376.15534414
7718,,14.93,0.0,30.0,3.9143595,30.0,0.0,-30.0,0.0,0.0,0.0,0.0,0.0,0.0,Optimal,3567.354144099998,3742376.15534414
7719,,59.8,0.0,0.0,3.9143595,0.0,0.0,0.0,0.0,0.0,0.0,0.0,0.0,0.0,Optimal,3567.354144099998,3742376.15534414
7720,,82.19,0.0,0.0,3.9143595,0.0,0.0,0.0,0.0,0.0,0.0,0.0,0.0,0.0,Optimal,3567.354144099998,3742376.15534414
7721,,113.8,13.394241,0.0,16.772831,0.0,13.394241,13.394241,0.0,0.0,0.0,0.0,0.0,0.0,Optimal,3567.354144099998,3742376.15534414
7722,,130.6,30.0,0.0,45.572831,0.0,30.0,30.0,0.0,0.0,0.0,0.0,0.0,0.0,Optimal,3567.354144099998,3742376.15534414
7723,,124.9,30.0,0.0,74.372831,0.0,30.0,30.0,0.0,0.0,0.0,0.0,0.0,0.0,Optimal,3567.354144099998,3742376.15534414
7724,,100.0,0.0,30.0,43.122831,30.0,0.0,-30.0,0.0,0.0,0.0,0.0,0.0,0.0,Optimal,3567.354144099998,3742376.15534414
7725,,124.97,30.0,0.0,71.922831,0.0,30.0,30.0,0.0,0.0,0.0,0.0,0.0,0.0,Optimal,3567.354144099998,3742376.15534414
7726,,115.0,0.0,30.0,40.672831,30.0,0.0,-30.0,0.0,0.0,0.0,0.0,0.0,0.0,Optimal,3567.354144099998,3742376.15534414
7727,,119.9,30.0,0.0,69.472831,0.0,30.0,30.0,0.0,0.0,0.0,0.0,0.0,0.0,Optimal,3567.354144099998,3742376.15534414
7728,,110.0,5.1041667,0.0,74.372831,0.0,5.1041667,5.1041667,0.0,0.0,0.0,0.0,0.0,0.0,Optimal,3567.354144099998,3742376.15534414
7729,,95.2,0.0,30.0,43.122831,30.0,0.0,-30.0,0.0,0.0,0.0,0.0,0.0,0.0,Optimal,3567.354144099998,3742376.15534414
7730,,82.5,0.0,30.0,11.872831,30.0,0.0,-30.0,0.0,0.0,0.0,0.0,0.0,0.0,Optimal,3567.354144099998,3742376.15534414
7731,,91.18,30.0,0.0,40.672831,0.0,30.0,30.0,0.0,0.0,0.0,0.0,0.0,0.0,Optimal,3567.354144099998,3742376.15534414
7732,,93.5,30.0,0.0,69.472831,0.0,30.0,30.0,0.0,0.0,0.0,0.0,0.0,0.0,Optimal,3567.354144099998,3742376.15534414
7733,,82.33,0.0,30.0,38.222831,30.0,0.0,-30.0,0.0,0.0,0.0,0.0,0.0,0.0,Optimal,3567.354144099998,3742376.15534414
7734,,91.13,0.0,30.0,6.9728309,30.0,0.0,-30.0,0.0,0.0,0.0,0.0,0.0,0.0,Optimal,3567.354144099998,3742376.15534414
7735,,98.04,0.0,2.9361325,3.9143595,2.9361325,0.0,-2.9361325,0.0,0.0,0.0,0.0,0.0,0.0,Optimal,3567.354144099998,3742376.15534414
7736,,122.96,30.0,0.0,32.71436,0.0,30.0,30.0,0.0,0.0,0.0,0.0,0.0,0.0,Optimal,3567.354144099998,3742376.15534414
7737,,123.11,30.0,0.0,61.51436,0.0,30.0,30.0,0.0,0.0,0.0,0.0,0.0,0.0,Optimal,3567.354144099998,3742376.15534414
7738,,120.55,0.0,15.303867,45.572831,15.303867,0.0,-15.303867,0.0,0.0,0.0,0.0,0.0,0.0,Optimal,3567.354144099998,3742376.15534414
7739,,120.0,30.0,0.0,74.372831,0.0,30.0,30.0,0.0,0.0,0.0,0.0,0.0,0.0,Optimal,3567.354144099998,3742376.15534414
7740,,110.0,0.0,7.6401325,66.41436,7.6401325,0.0,-7.6401325,0.0,0.0,0.0,0.0,0.0,0.0,Optimal,3567.354144099998,3742376.15534414
7741,,95.47,0.0,30.0,35.16436,30.0,0.0,-30.0,0.0,0.0,0.0,0.0,0.0,0.0,Optimal,3567.354144099998,3742376.15534414
7742,,96.8,0.0,30.0,3.9143595,30.0,0.0,-30.0,0.0,0.0,0.0,0.0,0.0,0.0,Optimal,3567.354144099998,3742376.15534414
7743,,115.1,30.0,0.0,32.71436,0.0,30.0,30.0,0.0,0.0,0.0,0.0,0.0,0.0,Optimal,3567.354144099998,3742376.15534414
7744,,123.06,0.0,27.648,3.9143595,27.648,0.0,-27.648,0.0,0.0,0.0,0.0,0.0,0.0,Optimal,3567.354144099998,3742376.15534414
7745,,144.0,0.0,0.0,3.9143595,0.0,0.0,0.0,0.0,0.0,0.0,0.0,0.0,0.0,Optimal,3567.354144099998,3742376.15534414
7746,,159.7,30.0,0.0,32.71436,0.0,30.0,30.0,0.0,0.0,0.0,0.0,0.0,0.0,Optimal,3567.354144099998,3742376.15534414
7747,,163.56,30.0,0.0,61.51436,0.0,30.0,30.0,0.0,0.0,0.0,0.0,0.0,0.0,Optimal,3567.354144099998,3742376.15534414
7748,,154.42,13.394241,0.0,74.372831,0.0,13.394241,13.394241,0.0,0.0,0.0,0.0,0.0,0.0,Optimal,3567.354144099998,3742376.15534414
7749,,129.76,0.0,0.0,74.372831,0.0,0.0,0.0,0.0,0.0,0.0,0.0,0.0,0.0,Optimal,3567.354144099998,3742376.15534414
7750,,117.81,0.0,27.648,45.572831,27.648,0.0,-27.648,0.0,0.0,0.0,0.0,0.0,0.0,Optimal,3567.354144099998,3742376.15534414
7751,,116.99,30.0,0.0,74.372831,0.0,30.0,30.0,0.0,0.0,0.0,0.0,0.0,0.0,Optimal,3567.354144099998,3742376.15534414
7752,,108.4,0.0,27.648,45.572831,27.648,0.0,-27.648,0.0,0.0,0.0,0.0,0.0,0.0,Optimal,3567.354144099998,3742376.15534414
7753,,107.06,30.0,0.0,74.372831,0.0,30.0,30.0,0.0,0.0,0.0,0.0,0.0,0.0,Optimal,3567.354144099998,3742376.15534414
7754,,101.4,0.0,27.648,45.572831,27.648,0.0,-27.648,0.0,0.0,0.0,0.0,0.0,0.0,Optimal,3567.354144099998,3742376.15534414
7755,,95.58,30.0,0.0,74.372831,0.0,30.0,30.0,0.0,0.0,0.0,0.0,0.0,0.0,Optimal,3567.354144099998,3742376.15534414
7756,,86.79,0.0,30.0,43.122831,30.0,0.0,-30.0,0.0,0.0,0.0,0.0,0.0,0.0,Optimal,3567.354144099998,3742376.15534414
7757,,80.68,0.0,30.0,11.872831,30.0,0.0,-30.0,0.0,0.0,0.0,0.0,0.0,0.0,Optimal,3567.354144099998,3742376.15534414
7758,,86.79,0.0,7.6401325,3.9143595,7.6401325,0.0,-7.6401325,0.0,0.0,0.0,0.0,0.0,0.0,Optimal,3567.354144099998,3742376.15534414
7759,,109.97,0.0,0.0,3.9143595,0.0,0.0,0.0,0.0,0.0,0.0,0.0,0.0,0.0,Optimal,3567.354144099998,3742376.15534414
7760,,125.4,0.0,0.0,3.9143595,0.0,0.0,0.0,0.0,0.0,0.0,0.0,0.0,0.0,Optimal,3567.354144099998,3742376.15534414
7761,,144.87,30.0,0.0,32.71436,0.0,30.0,30.0,0.0,0.0,0.0,0.0,0.0,0.0,Optimal,3567.354144099998,3742376.15534414
7762,,148.99,30.0,0.0,61.51436,0.0,30.0,30.0,0.0,0.0,0.0,0.0,0.0,0.0,Optimal,3567.354144099998,3742376.15534414
7763,,146.74,0.0,15.303867,45.572831,15.303867,0.0,-15.303867,0.0,0.0,0.0,0.0,0.0,0.0,Optimal,3567.354144099998,3742376.15534414
7764,,152.81,30.0,0.0,74.372831,0.0,30.0,30.0,0.0,0.0,0.0,0.0,0.0,0.0,Optimal,3567.354144099998,3742376.15534414
7765,,143.8,0.0,30.0,43.122831,30.0,0.0,-30.0,0.0,0.0,0.0,0.0,0.0,0.0,Optimal,3567.354144099998,3742376.15534414
7766,,144.13,30.0,0.0,71.922831,0.0,30.0,30.0,0.0,0.0,0.0,0.0,0.0,0.0,Optimal,3567.354144099998,3742376.15534414
7767,,133.02,0.0,30.0,40.672831,30.0,0.0,-30.0,0.0,0.0,0.0,0.0,0.0,0.0,Optimal,3567.354144099998,3742376.15534414
7768,,128.76,0.0,30.0,9.4228309,30.0,0.0,-30.0,0.0,0.0,0.0,0.0,0.0,0.0,Optimal,3567.354144099998,3742376.15534414
7769,,132.89,7.65625,0.0,16.772831,0.0,7.65625,7.65625,0.0,0.0,0.0,0.0,0.0,0.0,Optimal,3567.354144099998,3742376.15534414
7770,,139.9,30.0,0.0,45.572831,0.0,30.0,30.0,0.0,0.0,0.0,0.0,0.0,0.0,Optimal,3567.354144099998,3742376.15534414
7771,,134.93,30.0,0.0,74.372831,0.0,30.0,30.0,0.0,0.0,0.0,0.0,0.0,0.0,Optimal,3567.354144099998,3742376.15534414
7772,,126.3,0.0,27.648,45.572831,27.648,0.0,-27.648,0.0,0.0,0.0,0.0,0.0,0.0,Optimal,3567.354144099998,3742376.15534414
7773,,117.15,30.0,0.0,74.372831,0.0,30.0,30.0,0.0,0.0,0.0,0.0,0.0,0.0,Optimal,3567.354144099998,3742376.15534414
7774,,109.37,0.0,27.648,45.572831,27.648,0.0,-27.648,0.0,0.0,0.0,0.0,0.0,0.0,Optimal,3567.354144099998,3742376.15534414
7775,,105.44,30.0,0.0,74.372831,0.0,30.0,30.0,0.0,0.0,0.0,0.0,0.0,0.0,Optimal,3567.354144099998,3742376.15534414
7776,,89.9,0.0,30.0,43.122831,30.0,0.0,-30.0,0.0,0.0,0.0,0.0,0.0,0.0,Optimal,3567.354144099998,3742376.15534414
7777,,100.6,30.0,0.0,71.922831,0.0,30.0,30.0,0.0,0.0,0.0,0.0,0.0,0.0,Optimal,3567.354144099998,3742376.15534414
7778,,91.59,0.0,30.0,40.672831,30.0,0.0,-30.0,0.0,0.0,0.0,0.0,0.0,0.0,Optimal,3567.354144099998,3742376.15534414
7779,,86.6,30.0,0.0,69.472831,0.0,30.0,30.0,0.0,0.0,0.0,0.0,0.0,0.0,Optimal,3567.354144099998,3742376.15534414
7780,,81.53,0.0,30.0,38.222831,30.0,0.0,-30.0,0.0,0.0,0.0,0.0,0.0,0.0,Optimal,3567.354144099998,3742376.15534414
7781,,81.01,0.0,30.0,6.9728309,30.0,0.0,-30.0,0.0,0.0,0.0,0.0,0.0,0.0,Optimal,3567.354144099998,3742376.15534414
7782,,91.87,0.0,2.9361325,3.9143595,2.9361325,0.0,-2.9361325,0.0,0.0,0.0,0.0,0.0,0.0,Optimal,3567.354144099998,3742376.15534414
7783,,106.32,0.0,0.0,3.9143595,0.0,0.0,0.0,0.0,0.0,0.0,0.0,0.0,0.0,Optimal,3567.354144099998,3742376.15534414
7784,,133.34,13.394241,0.0,16.772831,0.0,13.394241,13.394241,0.0,0.0,0.0,0.0,0.0,0.0,Optimal,3567.354144099998,3742376.15534414
7785,,142.87,30.0,0.0,45.572831,0.0,30.0,30.0,0.0,0.0,0.0,0.0,0.0,0.0,Optimal,3567.354144099998,3742376.15534414
7786,,139.97,30.0,0.0,74.372831,0.0,30.0,30.0,0.0,0.0,0.0,0.0,0.0,0.0,Optimal,3567.354144099998,3742376.15534414
7787,,118.9,0.0,0.0,74.372831,0.0,0.0,0.0,0.0,0.0,0.0,0.0,0.0,0.0,Optimal,3567.354144099998,3742376.15534414
7788,,107.77,0.0,0.0,74.372831,0.0,0.0,0.0,0.0,0.0,0.0,0.0,0.0,0.0,Optimal,3567.354144099998,3742376.15534414
7789,,97.26,0.0,30.0,43.122831,30.0,0.0,-30.0,0.0,0.0,0.0,0.0,0.0,0.0,Optimal,3567.354144099998,3742376.15534414
7790,,97.36,0.0,30.0,11.872831,30.0,0.0,-30.0,0.0,0.0,0.0,0.0,0.0,0.0,Optimal,3567.354144099998,3742376.15534414
7791,,106.4,0.0,7.6401325,3.9143595,7.6401325,0.0,-7.6401325,0.0,0.0,0.0,0.0,0.0,0.0,Optimal,3567.354144099998,3742376.15534414
7792,,126.42,30.0,0.0,32.71436,0.0,30.0,30.0,0.0,0.0,0.0,0.0,0.0,0.0,Optimal,3567.354144099998,3742376.15534414
7793,,134.18,0.0,27.648,3.9143595,27.648,0.0,-27.648,0.0,0.0,0.0,0.0,0.0,0.0,Optimal,3567.354144099998,3742376.15534414
7794,,142.13,30.0,0.0,32.71436,0.0,30.0,30.0,0.0,0.0,0.0,0.0,0.0,0.0,Optimal,3567.354144099998,3742376.15534414
7795,,142.7,30.0,0.0,61.51436,0.0,30.0,30.0,0.0,0.0,0.0,0.0,0.0,0.0,Optimal,3567.354144099998,3742376.15534414
7796,,140.62,0.0,15.303867,45.572831,15.303867,0.0,-15.303867,0.0,0.0,0.0,0.0,0.0,0.0,Optimal,3567.354144099998,3742376.15534414
7797,,135.98,30.0,0.0,74.372831,0.0,30.0,30.0,0.0,0.0,0.0,0.0,0.0,0.0,Optimal,3567.354144099998,3742376.15534414
7798,,120.1,0.0,27.648,45.572831,27.648,0.0,-27.648,0.0,0.0,0.0,0.0,0.0,0.0,Optimal,3567.354144099998,3742376.15534414
7799,,115.82,30.0,0.0,74.372831,0.0,30.0,30.0,0.0,0.0,0.0,0.0,0.0,0.0,Optimal,3567.354144099998,3742376.15534414
7800,,103.5,0.0,0.0,74.372831,0.0,0.0,0.0,0.0,0.0,0.0,0.0,0.0,0.0,Optimal,3567.354144099998,3742376.15534414
7801,,93.96,0.0,27.648,45.572831,27.648,0.0,-27.648,0.0,0.0,0.0,0.0,0.0,0.0,Optimal,3567.354144099998,3742376.15534414
7802,,90.4,30.0,0.0,74.372831,0.0,30.0,30.0,0.0,0.0,0.0,0.0,0.0,0.0,Optimal,3567.354144099998,3742376.15534414
7803,,86.8,0.0,7.6401325,66.41436,7.6401325,0.0,-7.6401325,0.0,0.0,0.0,0.0,0.0,0.0,Optimal,3567.354144099998,3742376.15534414
7804,,84.15,0.0,30.0,35.16436,30.0,0.0,-30.0,0.0,0.0,0.0,0.0,0.0,0.0,Optimal,3567.354144099998,3742376.15534414
7805,,84.23,0.0,30.0,3.9143595,30.0,0.0,-30.0,0.0,0.0,0.0,0.0,0.0,0.0,Optimal,3567.354144099998,3742376.15534414
7806,,92.88,0.0,0.0,3.9143595,0.0,0.0,0.0,0.0,0.0,0.0,0.0,0.0,0.0,Optimal,3567.354144099998,3742376.15534414
7807,,108.29,0.0,0.0,3.9143595,0.0,0.0,0.0,0.0,0.0,0.0,0.0,0.0,0.0,Optimal,3567.354144099998,3742376.15534414
7808,,122.27,0.0,0.0,3.9143595,0.0,0.0,0.0,0.0,0.0,0.0,0.0,0.0,0.0,Optimal,3567.354144099998,3742376.15534414
7809,,133.35,30.0,0.0,32.71436,0.0,30.0,30.0,0.0,0.0,0.0,0.0,0.0,0.0,Optimal,3567.354144099998,3742376.15534414
7810,,135.01,30.0,0.0,61.51436,0.0,30.0,30.0,0.0,0.0,0.0,0.0,0.0,0.0,Optimal,3567.354144099998,3742376.15534414
7811,,127.38,13.394241,0.0,74.372831,0.0,13.394241,13.394241,0.0,0.0,0.0,0.0,0.0,0.0,Optimal,3567.354144099998,3742376.15534414
7812,,115.5,0.0,30.0,43.122831,30.0,0.0,-30.0,0.0,0.0,0.0,0.0,0.0,0.0,Optimal,3567.354144099998,3742376.15534414
7813,,113.62,0.0,30.0,11.872831,30.0,0.0,-30.0,0.0,0.0,0.0,0.0,0.0,0.0,Optimal,3567.354144099998,3742376.15534414
7814,,120.96,0.0,7.6401325,3.9143595,7.6401325,0.0,-7.6401325,0.0,0.0,0.0,0.0,0.0,0.0,Optimal,3567.354144099998,3742376.15534414
7815,,137.21,0.0,0.0,3.9143595,0.0,0.0,0.0,0.0,0.0,0.0,0.0,0.0,0.0,Optimal,3567.354144099998,3742376.15534414
7816,,149.07,13.394241,0.0,16.772831,0.0,13.394241,13.394241,0.0,0.0,0.0,0.0,0.0,0.0,Optimal,3567.354144099998,3742376.15534414
7817,,167.13,30.0,0.0,45.572831,0.0,30.0,30.0,0.0,0.0,0.0,0.0,0.0,0.0,Optimal,3567.354144099998,3742376.15534414
7818,,175.31,30.0,0.0,74.372831,0.0,30.0,30.0,0.0,0.0,0.0,0.0,0.0,0.0,Optimal,3567.354144099998,3742376.15534414
7819,,158.21,0.0,27.648,45.572831,27.648,0.0,-27.648,0.0,0.0,0.0,0.0,0.0,0.0,Optimal,3567.354144099998,3742376.15534414
7820,,151.16,30.0,0.0,74.372831,0.0,30.0,30.0,0.0,0.0,0.0,0.0,0.0,0.0,Optimal,3567.354144099998,3742376.15534414
7821,,130.04,0.0,0.0,74.372831,0.0,0.0,0.0,0.0,0.0,0.0,0.0,0.0,0.0,Optimal,3567.354144099998,3742376.15534414
7822,,122.14,0.0,27.648,45.572831,27.648,0.0,-27.648,0.0,0.0,0.0,0.0,0.0,0.0,Optimal,3567.354144099998,3742376.15534414
7823,,121.22,30.0,0.0,74.372831,0.0,30.0,30.0,0.0,0.0,0.0,0.0,0.0,0.0,Optimal,3567.354144099998,3742376.15534414
7824,,106.82,0.0,30.0,43.122831,30.0,0.0,-30.0,0.0,0.0,0.0,0.0,0.0,0.0,Optimal,3567.354144099998,3742376.15534414
7825,,114.5,30.0,0.0,71.922831,0.0,30.0,30.0,0.0,0.0,0.0,0.0,0.0,0.0,Optimal,3567.354144099998,3742376.15534414
7826,,104.02,2.5520833,0.0,74.372831,0.0,2.5520833,2.5520833,0.0,0.0,0.0,0.0,0.0,0.0,Optimal,3567.354144099998,3742376.15534414
7827,,96.24,0.0,0.0,74.372831,0.0,0.0,0.0,0.0,0.0,0.0,0.0,0.0,0.0,Optimal,3567.354144099998,3742376.15534414
7828,,90.01,0.0,30.0,43.122831,30.0,0.0,-30.0,0.0,0.0,0.0,0.0,0.0,0.0,Optimal,3567.354144099998,3742376.15534414
7829,,87.2,0.0,30.0,11.872831,30.0,0.0,-30.0,0.0,0.0,0.0,0.0,0.0,0.0,Optimal,3567.354144099998,3742376.15534414
7830,,91.6,0.0,7.6401325,3.9143595,7.6401325,0.0,-7.6401325,0.0,0.0,0.0,0.0,0.0,0.0,Optimal,3567.354144099998,3742376.15534414
7831,,115.3,0.0,0.0,3.9143595,0.0,0.0,0.0,0.0,0.0,0.0,0.0,0.0,0.0,Optimal,3567.354144099998,3742376.15534414
7832,,135.06,13.394241,0.0,16.772831,0.0,13.394241,13.394241,0.0,0.0,0.0,0.0,0.0,0.0,Optimal,3567.354144099998,3742376.15534414
7833,,144.21,30.0,0.0,45.572831,0.0,30.0,30.0,0.0,0.0,0.0,0.0,0.0,0.0,Optimal,3567.354144099998,3742376.15534414
7834,,141.05,30.0,0.0,74.372831,0.0,30.0,30.0,0.0,0.0,0.0,0.0,0.0,0.0,Optimal,3567.354144099998,3742376.15534414
7835,,132.94,0.0,0.0,74.372831,0.0,0.0,0.0,0.0,0.0,0.0,0.0,0.0,0.0,Optimal,3567.354144099998,3742376.15534414
7836,,116.88,0.0,0.0,74.372831,0.0,0.0,0.0,0.0,0.0,0.0,0.0,0.0,0.0,Optimal,3567.354144099998,3742376.15534414
7837,,106.0,0.0,7.6401325,66.41436,7.6401325,0.0,-7.6401325,0.0,0.0,0.0,0.0,0.0,0.0,Optimal,3567.354144099998,3742376.15534414
7838,,94.5,0.0,30.0,35.16436,30.0,0.0,-30.0,0.0,0.0,0.0,0.0,0.0,0.0,Optimal,3567.354144099998,3742376.15534414
7839,,94.87,0.0,30.0,3.9143595,30.0,0.0,-30.0,0.0,0.0,0.0,0.0,0.0,0.0,Optimal,3567.354144099998,3742376.15534414
7840,,108.87,30.0,0.0,32.71436,0.0,30.0,30.0,0.0,0.0,0.0,0.0,0.0,0.0,Optimal,3567.354144099998,3742376.15534414
7841,,114.03,0.0,27.648,3.9143595,27.648,0.0,-27.648,0.0,0.0,0.0,0.0,0.0,0.0,Optimal,3567.354144099998,3742376.15534414
7842,,130.0,13.394241,0.0,16.772831,0.0,13.394241,13.394241,0.0,0.0,0.0,0.0,0.0,0.0,Optimal,3567.354144099998,3742376.15534414
7843,,135.01,30.0,0.0,45.572831,0.0,30.0,30.0,0.0,0.0,0.0,0.0,0.0,0.0,Optimal,3567.354144099998,3742376.15534414
7844,,132.97,30.0,0.0,74.372831,0.0,30.0,30.0,0.0,0.0,0.0,0.0,0.0,0.0,Optimal,3567.354144099998,3742376.15534414
7845,,129.1,0.0,0.0,74.372831,0.0,0.0,0.0,0.0,0.0,0.0,0.0,0.0,0.0,Optimal,3567.354144099998,3742376.15534414
7846,,107.23,0.0,30.0,43.122831,30.0,0.0,-30.0,0.0,0.0,0.0,0.0,0.0,0.0,Optimal,3567.354144099998,3742376.15534414
7847,,120.4,0.0,30.0,11.872831,30.0,0.0,-30.0,0.0,0.0,0.0,0.0,0.0,0.0,Optimal,3567.354144099998,3742376.15534414
7848,,129.48,30.0,0.0,40.672831,0.0,30.0,30.0,0.0,0.0,0.0,0.0,0.0,0.0,Optimal,3567.354144099998,3742376.15534414
7849,,121.61,30.0,0.0,69.472831,0.0,30.0,30.0,0.0,0.0,0.0,0.0,0.0,0.0,Optimal,3567.354144099998,3742376.15534414
7850,,113.88,5.1041667,0.0,74.372831,0.0,5.1041667,5.1041667,0.0,0.0,0.0,0.0,0.0,0.0,Optimal,3567.354144099998,3742376.15534414
7851,,103.36,0.0,0.0,74.372831,0.0,0.0,0.0,0.0,0.0,0.0,0.0,0.0,0.0,Optimal,3567.354144099998,3742376.15534414
7852,,92.4,0.0,22.944,50.472831,22.944,0.0,-22.944,0.0,0.0,0.0,0.0,0.0,0.0,Optimal,3567.354144099998,3742376.15534414
7853,,80.0,0.0,30.0,19.222831,30.0,0.0,-30.0,0.0,0.0,0.0,0.0,0.0,0.0,Optimal,3567.354144099998,3742376.15534414
7854,,87.1,30.0,0.0,48.022831,0.0,30.0,30.0,0.0,0.0,0.0,0.0,0.0,0.0,Optimal,3567.354144099998,3742376.15534414
7855,,84.66,0.0,30.0,16.772831,30.0,0.0,-30.0,0.0,0.0,0.0,0.0,0.0,0.0,Optimal,3567.354144099998,3742376.15534414
7856,,90.4,30.0,0.0,45.572831,0.0,30.0,30.0,0.0,0.0,0.0,0.0,0.0,0.0,Optimal,3567.354144099998,3742376.15534414
7857,,97.95,30.0,0.0,74.372831,0.0,30.0,30.0,0.0,0.0,0.0,0.0,0.0,0.0,Optimal,3567.354144099998,3742376.15534414
7858,,85.62,0.0,30.0,43.122831,30.0,0.0,-30.0,0.0,0.0,0.0,0.0,0.0,0.0,Optimal,3567.354144099998,3742376.15534414
7859,,90.0,30.0,0.0,71.922831,0.0,30.0,30.0,0.0,0.0,0.0,0.0,0.0,0.0,Optimal,3567.354144099998,3742376.15534414
7860,,85.98,0.0,25.296,45.572831,25.296,0.0,-25.296,0.0,0.0,0.0,0.0,0.0,0.0,Optimal,3567.354144099998,3742376.15534414
7861,,88.62,30.0,0.0,74.372831,0.0,30.0,30.0,0.0,0.0,0.0,0.0,0.0,0.0,Optimal,3567.354144099998,3742376.15534414
7862,,78.0,0.0,30.0,43.122831,30.0,0.0,-30.0,0.0,0.0,0.0,0.0,0.0,0.0,Optimal,3567.354144099998,3742376.15534414
7863,,85.68,0.0,22.944,19.222831,22.944,0.0,-22.944,0.0,0.0,0.0,0.0,0.0,0.0,Optimal,3567.354144099998,3742376.15534414
7864,,100.62,30.0,0.0,48.022831,0.0,30.0,30.0,0.0,0.0,0.0,0.0,0.0,0.0,Optimal,3567.354144099998,3742376.15534414
7865,,85.46,0.0,30.0,16.772831,30.0,0.0,-30.0,0.0,0.0,0.0,0.0,0.0,0.0,Optimal,3567.354144099998,3742376.15534414
7866,,95.56,30.0,0.0,45.572831,0.0,30.0,30.0,0.0,0.0,0.0,0.0,0.0,0.0,Optimal,3567.354144099998,3742376.15534414
7867,,89.0,30.0,0.0,74.372831,0.0,30.0,30.0,0.0,0.0,0.0,0.0,0.0,0.0,Optimal,3567.354144099998,3742376.15534414
7868,,75.17,0.0,0.0,74.372831,0.0,0.0,0.0,0.0,0.0,0.0,0.0,0.0,0.0,Optimal,3567.354144099998,3742376.15534414
7869,,63.75,0.0,0.0,74.372831,0.0,0.0,0.0,0.0,0.0,0.0,0.0,0.0,0.0,Optimal,3567.354144099998,3742376.15534414
7870,,51.31,0.0,0.0,74.372831,0.0,0.0,0.0,0.0,0.0,0.0,0.0,0.0,0.0,Optimal,3567.354144099998,3742376.15534414
7871,,42.14,0.0,0.0,74.372831,0.0,0.0,0.0,0.0,0.0,0.0,0.0,0.0,0.0,Optimal,3567.354144099998,3742376.15534414
7872,,19.29,0.0,0.0,74.372831,0.0,0.0,0.0,0.0,0.0,0.0,0.0,0.0,0.0,Optimal,3567.354144099998,3742376.15534414
7873,,4.66,0.0,0.0,74.372831,0.0,0.0,0.0,0.0,0.0,0.0,0.0,0.0,0.0,Optimal,3567.354144099998,3742376.15534414
7874,,1.72,0.0,0.0,74.372831,0.0,0.0,0.0,0.0,0.0,0.0,0.0,0.0,0.0,Optimal,3567.354144099998,3742376.15534414
7875,,0.0,0.0,0.0,74.372831,0.0,0.0,0.0,0.0,0.0,0.0,0.0,0.0,0.0,Optimal,3567.354144099998,3742376.15534414
7876,,-1.07,0.0,0.0,74.372831,0.0,0.0,0.0,0.0,0.0,0.0,0.0,0.0,0.0,Optimal,3567.354144099998,3742376.15534414
7877,,-1.9,0.0,7.6401325,66.41436,7.6401325,0.0,-7.6401325,0.0,0.0,0.0,0.0,0.0,0.0,Optimal,3567.354144099998,3742376.15534414
7878,,-2.09,0.0,30.0,35.16436,30.0,0.0,-30.0,0.0,0.0,0.0,0.0,0.0,0.0,Optimal,3567.354144099998,3742376.15534414
7879,,-2.67,0.0,30.0,3.9143595,30.0,0.0,-30.0,0.0,0.0,0.0,0.0,0.0,0.0,Optimal,3567.354144099998,3742376.15534414
7880,,-0.03,0.0,0.0,3.9143595,0.0,0.0,0.0,0.0,0.0,0.0,0.0,0.0,0.0,Optimal,3567.354144099998,3742376.15534414
7881,,1.37,0.0,0.0,3.9143595,0.0,0.0,0.0,0.0,0.0,0.0,0.0,0.0,0.0,Optimal,3567.354144099998,3742376.15534414
7882,,3.75,30.0,0.0,32.71436,0.0,30.0,30.0,0.0,0.0,0.0,0.0,0.0,0.0,Optimal,3567.354144099998,3742376.15534414
7883,,2.07,5.1041667,0.0,37.61436,0.0,5.1041667,5.1041667,0.0,0.0,0.0,0.0,0.0,0.0,Optimal,3567.354144099998,3742376.15534414
7884,,1.25,0.0,30.0,6.3643595,30.0,0.0,-30.0,0.0,0.0,0.0,0.0,0.0,0.0,Optimal,3567.354144099998,3742376.15534414
7885,,2.22,30.0,0.0,35.16436,0.0,30.0,30.0,0.0,0.0,0.0,0.0,0.0,0.0,Optimal,3567.354144099998,3742376.15534414
7886,,1.35,0.0,30.0,3.9143595,30.0,0.0,-30.0,0.0,0.0,0.0,0.0,0.0,0.0,Optimal,3567.354144099998,3742376.15534414
7887,,4.78,0.0,0.0,3.9143595,0.0,0.0,0.0,0.0,0.0,0.0,0.0,0.0,0.0,Optimal,3567.354144099998,3742376.15534414
7888,,8.92,0.0,0.0,3.9143595,0.0,0.0,0.0,0.0,0.0,0.0,0.0,0.0,0.0,Optimal,3567.354144099998,3742376.15534414
7889,,41.5,0.0,0.0,3.9143595,0.0,0.0,0.0,0.0,0.0,0.0,0.0,0.0,0.0,Optimal,3567.354144099998,3742376.15534414
7890,,78.0,30.0,0.0,32.71436,0.0,30.0,30.0,0.0,0.0,0.0,0.0,0.0,0.0,Optimal,3567.354144099998,3742376.15534414
7891,,60.0,30.0,0.0,61.51436,0.0,30.0,30.0,0.0,0.0,0.0,0.0,0.0,0.0,Optimal,3567.354144099998,3742376.15534414
7892,,59.9,13.394241,0.0,74.372831,0.0,13.394241,13.394241,0.0,0.0,0.0,0.0,0.0,0.0,Optimal,3567.354144099998,3742376.15534414
7893,,39.0,0.0,0.0,74.372831,0.0,0.0,0.0,0.0,0.0,0.0,0.0,0.0,0.0,Optimal,3567.354144099998,3742376.15534414
7894,,14.72,0.0,0.0,74.372831,0.0,0.0,0.0,0.0,0.0,0.0,0.0,0.0,0.0,Optimal,3567.354144099998,3742376.15534414
7895,,8.41,0.0,0.0,74.372831,0.0,0.0,0.0,0.0,0.0,0.0,0.0,0.0,0.0,Optimal,3567.354144099998,3742376.15534414
7896,,4.0,0.0,0.0,74.372831,0.0,0.0,0.0,0.0,0.0,0.0,0.0,0.0,0.0,Optimal,3567.354144099998,3742376.15534414
7897,,0.43,0.0,0.0,74.372831,0.0,0.0,0.0,0.0,0.0,0.0,0.0,0.0,0.0,Optimal,3567.354144099998,3742376.15534414
7898,,0.01,0.0,0.0,74.372831,0.0,0.0,0.0,0.0,0.0,0.0,0.0,0.0,0.0,Optimal,3567.354144099998,3742376.15534414
7899,,-0.55,0.0,30.0,43.122831,30.0,0.0,-30.0,0.0,0.0,0.0,0.0,0.0,0.0,Optimal,3567.354144099998,3742376.15534414
7900,,-1.09,0.0,30.0,11.872831,30.0,0.0,-30.0,0.0,0.0,0.0,0.0,0.0,0.0,Optimal,3567.354144099998,3742376.15534414
7901,,-0.34,0.0,7.6401325,3.9143595,7.6401325,0.0,-7.6401325,0.0,0.0,0.0,0.0,0.0,0.0,Optimal,3567.354144099998,3742376.15534414
7902,,-0.05,0.0,0.0,3.9143595,0.0,0.0,0.0,0.0,0.0,0.0,0.0,0.0,0.0,Optimal,3567.354144099998,3742376.15534414
7903,,1.93,0.0,0.0,3.9143595,0.0,0.0,0.0,0.0,0.0,0.0,0.0,0.0,0.0,Optimal,3567.354144099998,3742376.15534414
7904,,57.0,0.0,0.0,3.9143595,0.0,0.0,0.0,0.0,0.0,0.0,0.0,0.0,0.0,Optimal,3567.354144099998,3742376.15534414
7905,,97.0,0.0,0.0,3.9143595,0.0,0.0,0.0,0.0,0.0,0.0,0.0,0.0,0.0,Optimal,3567.354144099998,3742376.15534414
7906,,118.59,13.394241,0.0,16.772831,0.0,13.394241,13.394241,0.0,0.0,0.0,0.0,0.0,0.0,Optimal,3567.354144099998,3742376.15534414
7907,,128.2,30.0,0.0,45.572831,0.0,30.0,30.0,0.0,0.0,0.0,0.0,0.0,0.0,Optimal,3567.354144099998,3742376.15534414
7908,,123.0,30.0,0.0,74.372831,0.0,30.0,30.0,0.0,0.0,0.0,0.0,0.0,0.0,Optimal,3567.354144099998,3742376.15534414
7909,,112.0,0.0,30.0,43.122831,30.0,0.0,-30.0,0.0,0.0,0.0,0.0,0.0,0.0,Optimal,3567.354144099998,3742376.15534414
7910,,112.2,0.0,30.0,11.872831,30.0,0.0,-30.0,0.0,0.0,0.0,0.0,0.0,0.0,Optimal,3567.354144099998,3742376.15534414
7911,,114.0,24.262009,0.0,35.16436,0.0,24.262009,24.262009,0.0,0.0,0.0,0.0,0.0,0.0,Optimal,3567.354144099998,3742376.15534414
7912,,115.68,0.0,30.0,3.9143595,30.0,0.0,-30.0,0.0,0.0,0.0,0.0,0.0,0.0,Optimal,3567.354144099998,3742376.15534414
7913,,125.0,13.394241,0.0,16.772831,0.0,13.394241,13.394241,0.0,0.0,0.0,0.0,0.0,0.0,Optimal,3567.354144099998,3742376.15534414
7914,,149.0,30.0,0.0,45.572831,0.0,30.0,30.0,0.0,0.0,0.0,0.0,0.0,0.0,Optimal,3567.354144099998,3742376.15534414
7915,,138.21,30.0,0.0,74.372831,0.0,30.0,30.0,0.0,0.0,0.0,0.0,0.0,0.0,Optimal,3567.354144099998,3742376.15534414
7916,,118.99,0.0,0.0,74.372831,0.0,0.0,0.0,0.0,0.0,0.0,0.0,0.0,0.0,Optimal,3567.354144099998,3742376.15534414
7917,,96.35,0.0,0.0,74.372831,0.0,0.0,0.0,0.0,0.0,0.0,0.0,0.0,0.0,Optimal,3567.354144099998,3742376.15534414
7918,,83.4,0.0,27.648,45.572831,27.648,0.0,-27.648,0.0,0.0,0.0,0.0,0.0,0.0,Optimal,3567.354144099998,3742376.15534414
7919,,88.08,30.0,0.0,74.372831,0.0,30.0,30.0,0.0,0.0,0.0,0.0,0.0,0.0,Optimal,3567.354144099998,3742376.15534414
7920,,70.71,0.0,30.0,43.122831,30.0,0.0,-30.0,0.0,0.0,0.0,0.0,0.0,0.0,Optimal,3567.354144099998,3742376.15534414
7921,,90.1,30.0,0.0,71.922831,0.0,30.0,30.0,0.0,0.0,0.0,0.0,0.0,0.0,Optimal,3567.354144099998,3742376.15534414
7922,,79.06,0.0,30.0,40.672831,30.0,0.0,-30.0,0.0,0.0,0.0,0.0,0.0,0.0,Optimal,3567.354144099998,3742376.15534414
7923,,78.62,30.0,0.0,69.472831,0.0,30.0,30.0,0.0,0.0,0.0,0.0,0.0,0.0,Optimal,3567.354144099998,3742376.15534414
7924,,71.23,0.0,30.0,38.222831,30.0,0.0,-30.0,0.0,0.0,0.0,0.0,0.0,0.0,Optimal,3567.354144099998,3742376.15534414
7925,,72.98,0.0,30.0,6.9728309,30.0,0.0,-30.0,0.0,0.0,0.0,0.0,0.0,0.0,Optimal,3567.354144099998,3742376.15534414
7926,,82.38,0.0,2.9361325,3.9143595,2.9361325,0.0,-2.9361325,0.0,0.0,0.0,0.0,0.0,0.0,Optimal,3567.354144099998,3742376.15534414
7927,,101.45,30.0,0.0,32.71436,0.0,30.0,30.0,0.0,0.0,0.0,0.0,0.0,0.0,Optimal,3567.354144099998,3742376.15534414
7928,,110.0,0.0,27.648,3.9143595,27.648,0.0,-27.648,0.0,0.0,0.0,0.0,0.0,0.0,Optimal,3567.354144099998,3742376.15534414
7929,,136.15,30.0,0.0,32.71436,0.0,30.0,30.0,0.0,0.0,0.0,0.0,0.0,0.0,Optimal,3567.354144099998,3742376.15534414
7930,,126.99,30.0,0.0,61.51436,0.0,30.0,30.0,0.0,0.0,0.0,0.0,0.0,0.0,Optimal,3567.354144099998,3742376.15534414
7931,,112.09,13.394241,0.0,74.372831,0.0,13.394241,13.394241,0.0,0.0,0.0,0.0,0.0,0.0,Optimal,3567.354144099998,3742376.15534414
7932,,100.0,0.0,30.0,43.122831,30.0,0.0,-30.0,0.0,0.0,0.0,0.0,0.0,0.0,Optimal,3567.354144099998,3742376.15534414
7933,,91.95,0.0,30.0,11.872831,30.0,0.0,-30.0,0.0,0.0,0.0,0.0,0.0,0.0,Optimal,3567.354144099998,3742376.15534414
7934,,101.64,0.0,7.6401325,3.9143595,7.6401325,0.0,-7.6401325,0.0,0.0,0.0,0.0,0.0,0.0,Optimal,3567.354144099998,3742376.15534414
7935,,115.71,30.0,0.0,32.71436,0.0,30.0,30.0,0.0,0.0,0.0,0.0,0.0,0.0,Optimal,3567.354144099998,3742376.15534414
7936,,124.25,0.0,27.648,3.9143595,27.648,0.0,-27.648,0.0,0.0,0.0,0.0,0.0,0.0,Optimal,3567.354144099998,3742376.15534414
7937,,144.02,0.0,0.0,3.9143595,0.0,0.0,0.0,0.0,0.0,0.0,0.0,0.0,0.0,Optimal,3567.354144099998,3742376.15534414
7938,,155.18,30.0,0.0,32.71436,0.0,30.0,30.0,0.0,0.0,0.0,0.0,0.0,0.0,Optimal,3567.354144099998,3742376.15534414
7939,,160.64,30.0,0.0,61.51436,0.0,30.0,30.0,0.0,0.0,0.0,0.0,0.0,0.0,Optimal,3567.354144099998,3742376.15534414
7940,,152.94,13.394241,0.0,74.372831,0.0,13.394241,13.394241,0.0,0.0,0.0,0.0,0.0,0.0,Optimal,3567.354144099998,3742376.15534414
7941,,127.03,0.0,0.0,74.372831,0.0,0.0,0.0,0.0,0.0,0.0,0.0,0.0,0.0,Optimal,3567.354144099998,3742376.15534414
7942,,118.63,0.0,27.648,45.572831,27.648,0.0,-27.648,0.0,0.0,0.0,0.0,0.0,0.0,Optimal,3567.354144099998,3742376.15534414
7943,,122.5,30.0,0.0,74.372831,0.0,30.0,30.0,0.0,0.0,0.0,0.0,0.0,0.0,Optimal,3567.354144099998,3742376.15534414
7944,,113.6,0.0,27.648,45.572831,27.648,0.0,-27.648,0.0,0.0,0.0,0.0,0.0,0.0,Optimal,3567.354144099998,3742376.15534414
7945,,111.06,30.0,0.0,74.372831,0.0,30.0,30.0,0.0,0.0,0.0,0.0,0.0,0.0,Optimal,3567.354144099998,3742376.15534414
7946,,110.0,0.0,30.0,43.122831,30.0,0.0,-30.0,0.0,0.0,0.0,0.0,0.0,0.0,Optimal,3567.354144099998,3742376.15534414
7947,,110.0,30.0,0.0,71.922831,0.0,30.0,30.0,0.0,0.0,0.0,0.0,0.0,0.0,Optimal,3567.354144099998,3742376.15534414
7948,,103.21,0.0,30.0,40.672831,30.0,0.0,-30.0,0.0,0.0,0.0,0.0,0.0,0.0,Optimal,3567.354144099998,3742376.15534414
7949,,100.87,0.0,30.0,9.4228309,30.0,0.0,-30.0,0.0,0.0,0.0,0.0,0.0,0.0,Optimal,3567.354144099998,3742376.15534414
7950,,112.11,0.0,5.2881325,3.9143595,5.2881325,0.0,-5.2881325,0.0,0.0,0.0,0.0,0.0,0.0,Optimal,3567.354144099998,3742376.15534414
7951,,128.8,30.0,0.0,32.71436,0.0,30.0,30.0,0.0,0.0,0.0,0.0,0.0,0.0,Optimal,3567.354144099998,3742376.15534414
7952,,128.9,0.0,27.648,3.9143595,27.648,0.0,-27.648,0.0,0.0,0.0,0.0,0.0,0.0,Optimal,3567.354144099998,3742376.15534414
7953,,166.0,30.0,0.0,32.71436,0.0,30.0,30.0,0.0,0.0,0.0,0.0,0.0,0.0,Optimal,3567.354144099998,3742376.15534414
7954,,131.0,0.0,15.303867,16.772831,15.303867,0.0,-15.303867,0.0,0.0,0.0,0.0,0.0,0.0,Optimal,3567.354144099998,3742376.15534414
7955,,139.07,30.0,0.0,45.572831,0.0,30.0,30.0,0.0,0.0,0.0,0.0,0.0,0.0,Optimal,3567.354144099998,3742376.15534414
7956,,134.39,30.0,0.0,74.372831,0.0,30.0,30.0,0.0,0.0,0.0,0.0,0.0,0.0,Optimal,3567.354144099998,3742376.15534414
7957,,125.81,0.0,27.648,45.572831,27.648,0.0,-27.648,0.0,0.0,0.0,0.0,0.0,0.0,Optimal,3567.354144099998,3742376.15534414
7958,,124.4,30.0,0.0,74.372831,0.0,30.0,30.0,0.0,0.0,0.0,0.0,0.0,0.0,Optimal,3567.354144099998,3742376.15534414
7959,,119.87,0.0,27.648,45.572831,27.648,0.0,-27.648,0.0,0.0,0.0,0.0,0.0,0.0,Optimal,3567.354144099998,3742376.15534414
7960,,124.0,30.0,0.0,74.372831,0.0,30.0,30.0,0.0,0.0,0.0,0.0,0.0,0.0,Optimal,3567.354144099998,3742376.15534414
7961,,116.39,0.0,30.0,43.122831,30.0,0.0,-30.0,0.0,0.0,0.0,0.0,0.0,0.0,Optimal,3567.354144099998,3742376.15534414
7962,,113.74,30.0,0.0,71.922831,0.0,30.0,30.0,0.0,0.0,0.0,0.0,0.0,0.0,Optimal,3567.354144099998,3742376.15534414
7963,,109.9,2.5520833,0.0,74.372831,0.0,2.5520833,2.5520833,0.0,0.0,0.0,0.0,0.0,0.0,Optimal,3567.354144099998,3742376.15534414
7964,,101.0,0.0,0.0,74.372831,0.0,0.0,0.0,0.0,0.0,0.0,0.0,0.0,0.0,Optimal,3567.354144099998,3742376.15534414
7965,,78.98,0.0,30.0,43.122831,30.0,0.0,-30.0,0.0,0.0,0.0,0.0,0.0,0.0,Optimal,3567.354144099998,3742376.15534414
7966,,79.97,2.5520833,0.0,45.572831,0.0,2.5520833,2.5520833,0.0,0.0,0.0,0.0,0.0,0.0,Optimal,3567.354144099998,3742376.15534414
7967,,85.7,30.0,0.0,74.372831,0.0,30.0,30.0,0.0,0.0,0.0,0.0,0.0,0.0,Optimal,3567.354144099998,3742376.15534414
7968,,59.9,0.0,0.0,74.372831,0.0,0.0,0.0,0.0,0.0,0.0,0.0,0.0,0.0,Optimal,3567.354144099998,3742376.15534414
7969,,50.1,0.0,0.0,74.372831,0.0,0.0,0.0,0.0,0.0,0.0,0.0,0.0,0.0,Optimal,3567.354144099998,3742376.15534414
7970,,41.21,0.0,7.6401325,66.41436,7.6401325,0.0,-7.6401325,0.0,0.0,0.0,0.0,0.0,0.0,Optimal,3567.354144099998,3742376.15534414
7971,,35.13,0.0,30.0,35.16436,30.0,0.0,-30.0,0.0,0.0,0.0,0.0,0.0,0.0,Optimal,3567.354144099998,3742376.15534414
7972,,38.0,0.0,30.0,3.9143595,30.0,0.0,-30.0,0.0,0.0,0.0,0.0,0.0,0.0,Optimal,3567.354144099998,3742376.15534414
7973,,59.9,0.0,0.0,3.9143595,0.0,0.0,0.0,0.0,0.0,0.0,0.0,0.0,0.0,Optimal,3567.354144099998,3742376.15534414
7974,,92.04,0.0,0.0,3.9143595,0.0,0.0,0.0,0.0,0.0,0.0,0.0,0.0,0.0,Optimal,3567.354144099998,3742376.15534414
7975,,100.1,0.0,0.0,3.9143595,0.0,0.0,0.0,0.0,0.0,0.0,0.0,0.0,0.0,Optimal,3567.354144099998,3742376.15534414
7976,,132.1,13.394241,0.0,16.772831,0.0,13.394241,13.394241,0.0,0.0,0.0,0.0,0.0,0.0,Optimal,3567.354144099998,3742376.15534414
7977,,148.29,30.0,0.0,45.572831,0.0,30.0,30.0,0.0,0.0,0.0,0.0,0.0,0.0,Optimal,3567.354144099998,3742376.15534414
7978,,140.36,30.0,0.0,74.372831,0.0,30.0,30.0,0.0,0.0,0.0,0.0,0.0,0.0,Optimal,3567.354144099998,3742376.15534414
7979,,99.01,0.0,30.0,43.122831,30.0,0.0,-30.0,0.0,0.0,0.0,0.0,0.0,0.0,Optimal,3567.354144099998,3742376.15534414
7980,,98.7,24.262009,0.0,66.41436,0.0,24.262009,24.262009,0.0,0.0,0.0,0.0,0.0,0.0,Optimal,3567.354144099998,3742376.15534414
7981,,96.16,0.0,30.0,35.16436,30.0,0.0,-30.0,0.0,0.0,0.0,0.0,0.0,0.0,Optimal,3567.354144099998,3742376.15534414
7982,,98.99,0.0,30.0,3.9143595,30.0,0.0,-30.0,0.0,0.0,0.0,0.0,0.0,0.0,Optimal,3567.354144099998,3742376.15534414
7983,,114.4,30.0,0.0,32.71436,0.0,30.0,30.0,0.0,0.0,0.0,0.0,0.0,0.0,Optimal,3567.354144099998,3742376.15534414
7984,,118.8,0.0,27.648,3.9143595,27.648,0.0,-27.648,0.0,0.0,0.0,0.0,0.0,0.0,Optimal,3567.354144099998,3742376.15534414
7985,,133.93,0.0,0.0,3.9143595,0.0,0.0,0.0,0.0,0.0,0.0,0.0,0.0,0.0,Optimal,3567.354144099998,3742376.15534414
7986,,151.0,13.394241,0.0,16.772831,0.0,13.394241,13.394241,0.0,0.0,0.0,0.0,0.0,0.0,Optimal,3567.354144099998,3742376.15534414
7987,,158.24,30.0,0.0,45.572831,0.0,30.0,30.0,0.0,0.0,0.0,0.0,0.0,0.0,Optimal,3567.354144099998,3742376.15534414
7988,,154.04,30.0,0.0,74.372831,0.0,30.0,30.0,0.0,0.0,0.0,0.0,0.0,0.0,Optimal,3567.354144099998,3742376.15534414
7989,,143.39,0.0,0.0,74.372831,0.0,0.0,0.0,0.0,0.0,0.0,0.0,0.0,0.0,Optimal,3567.354144099998,3742376.15534414
7990,,131.26,0.0,27.648,45.572831,27.648,0.0,-27.648,0.0,0.0,0.0,0.0,0.0,0.0,Optimal,3567.354144099998,3742376.15534414
7991,,122.16,30.0,0.0,74.372831,0.0,30.0,30.0,0.0,0.0,0.0,0.0,0.0,0.0,Optimal,3567.354144099998,3742376.15534414
7992,,112.6,0.0,27.648,45.572831,27.648,0.0,-27.648,0.0,0.0,0.0,0.0,0.0,0.0,Optimal,3567.354144099998,3742376.15534414
7993,,110.3,30.0,0.0,74.372831,0.0,30.0,30.0,0.0,0.0,0.0,0.0,0.0,0.0,Optimal,3567.354144099998,3742376.15534414
7994,,107.01,0.0,30.0,43.122831,30.0,0.0,-30.0,0.0,0.0,0.0,0.0,0.0,0.0,Optimal,3567.354144099998,3742376.15534414
7995,,103.47,30.0,0.0,71.922831,0.0,30.0,30.0,0.0,0.0,0.0,0.0,0.0,0.0,Optimal,3567.354144099998,3742376.15534414
7996,,101.52,0.0,30.0,40.672831,30.0,0.0,-30.0,0.0,0.0,0.0,0.0,0.0,0.0,Optimal,3567.354144099998,3742376.15534414
7997,,102.83,0.0,30.0,9.4228309,30.0,0.0,-30.0,0.0,0.0,0.0,0.0,0.0,0.0,Optimal,3567.354144099998,3742376.15534414
7998,,112.27,0.0,5.2881325,3.9143595,5.2881325,0.0,-5.2881325,0.0,0.0,0.0,0.0,0.0,0.0,Optimal,3567.354144099998,3742376.15534414
7999,,130.66,0.0,0.0,3.9143595,0.0,0.0,0.0,0.0,0.0,0.0,0.0,0.0,0.0,Optimal,3567.354144099998,3742376.15534414
8000,,160.73,30.0,0.0,32.71436,0.0,30.0,30.0,0.0,0.0,0.0,0.0,0.0,0.0,Optimal,3567.354144099998,3742376.15534414
8001,,173.56,30.0,0.0,61.51436,0.0,30.0,30.0,0.0,0.0,0.0,0.0,0.0,0.0,Optimal,3567.354144099998,3742376.15534414
8002,,157.37,13.394241,0.0,74.372831,0.0,13.394241,13.394241,0.0,0.0,0.0,0.0,0.0,0.0,Optimal,3567.354144099998,3742376.15534414
8003,,138.35,0.0,0.0,74.372831,0.0,0.0,0.0,0.0,0.0,0.0,0.0,0.0,0.0,Optimal,3567.354144099998,3742376.15534414
8004,,120.06,0.0,30.0,43.122831,30.0,0.0,-30.0,0.0,0.0,0.0,0.0,0.0,0.0,Optimal,3567.354144099998,3742376.15534414
8005,,110.05,0.0,30.0,11.872831,30.0,0.0,-30.0,0.0,0.0,0.0,0.0,0.0,0.0,Optimal,3567.354144099998,3742376.15534414
8006,,114.26,24.262009,0.0,35.16436,0.0,24.262009,24.262009,0.0,0.0,0.0,0.0,0.0,0.0,Optimal,3567.354144099998,3742376.15534414
8007,,109.3,0.0,30.0,3.9143595,30.0,0.0,-30.0,0.0,0.0,0.0,0.0,0.0,0.0,Optimal,3567.354144099998,3742376.15534414
8008,,124.2,0.0,0.0,3.9143595,0.0,0.0,0.0,0.0,0.0,0.0,0.0,0.0,0.0,Optimal,3567.354144099998,3742376.15534414
8009,,146.22,30.0,0.0,32.71436,0.0,30.0,30.0,0.0,0.0,0.0,0.0,0.0,0.0,Optimal,3567.354144099998,3742376.15534414
8010,,149.35,30.0,0.0,61.51436,0.0,30.0,30.0,0.0,0.0,0.0,0.0,0.0,0.0,Optimal,3567.354144099998,3742376.15534414
8011,,142.03,13.394241,0.0,74.372831,0.0,13.394241,13.394241,0.0,0.0,0.0,0.0,0.0,0.0,Optimal,3567.354144099998,3742376.15534414
8012,,131.87,0.0,0.0,74.372831,0.0,0.0,0.0,0.0,0.0,0.0,0.0,0.0,0.0,Optimal,3567.354144099998,3742376.15534414
8013,,119.9,0.0,0.0,74.372831,0.0,0.0,0.0,0.0,0.0,0.0,0.0,0.0,0.0,Optimal,3567.354144099998,3742376.15534414
8014,,112.1,0.0,27.648,45.572831,27.648,0.0,-27.648,0.0,0.0,0.0,0.0,0.0,0.0,Optimal,3567.354144099998,3742376.15534414
8015,,113.93,30.0,0.0,74.372831,0.0,30.0,30.0,0.0,0.0,0.0,0.0,0.0,0.0,Optimal,3567.354144099998,3742376.15534414
8016,,103.28,0.0,27.648,45.572831,27.648,0.0,-27.648,0.0,0.0,0.0,0.0,0.0,0.0,Optimal,3567.354144099998,3742376.15534414
8017,,99.5,30.0,0.0,74.372831,0.0,30.0,30.0,0.0,0.0,0.0,0.0,0.0,0.0,Optimal,3567.354144099998,3742376.15534414
8018,,92.69,0.0,30.0,43.122831,30.0,0.0,-30.0,0.0,0.0,0.0,0.0,0.0,0.0,Optimal,3567.354144099998,3742376.15534414
8019,,89.62,26.814092,0.0,68.86436,0.0,26.814092,26.814092,0.0,0.0,0.0,0.0,0.0,0.0,Optimal,3567.354144099998,3742376.15534414
8020,,86.62,0.0,30.0,37.61436,30.0,0.0,-30.0,0.0,0.0,0.0,0.0,0.0,0.0,Optimal,3567.354144099998,3742376.15534414
8021,,88.04,0.0,30.0,6.3643595,30.0,0.0,-30.0,0.0,0.0,0.0,0.0,0.0,0.0,Optimal,3567.354144099998,3742376.15534414
8022,,90.08,30.0,0.0,35.16436,0.0,30.0,30.0,0.0,0.0,0.0,0.0,0.0,0.0,Optimal,3567.354144099998,3742376.15534414
8023,,88.12,0.0,30.0,3.9143595,30.0,0.0,-30.0,0.0,0.0,0.0,0.0,0.0,0.0,Optimal,3567.354144099998,3742376.15534414
8024,,102.42,0.0,0.0,3.9143595,0.0,0.0,0.0,0.0,0.0,0.0,0.0,0.0,0.0,Optimal,3567.354144099998,3742376.15534414
8025,,117.8,30.0,0.0,32.71436,0.0,30.0,30.0,0.0,0.0,0.0,0.0,0.0,0.0,Optimal,3567.354144099998,3742376.15534414
8026,,125.0,30.0,0.0,61.51436,0.0,30.0,30.0,0.0,0.0,0.0,0.0,0.0,0.0,Optimal,3567.354144099998,3742376.15534414
8027,,108.86,13.394241,0.0,74.372831,0.0,13.394241,13.394241,0.0,0.0,0.0,0.0,0.0,0.0,Optimal,3567.354144099998,3742376.15534414
8028,,85.45,0.0,30.0,43.122831,30.0,0.0,-30.0,0.0,0.0,0.0,0.0,0.0,0.0,Optimal,3567.354144099998,3742376.15534414
8029,,87.18,0.0,30.0,11.872831,30.0,0.0,-30.0,0.0,0.0,0.0,0.0,0.0,0.0,Optimal,3567.354144099998,3742376.15534414
8030,,90.0,0.0,7.6401325,3.9143595,7.6401325,0.0,-7.6401325,0.0,0.0,0.0,0.0,0.0,0.0,Optimal,3567.354144099998,3742376.15534414
8031,,106.8,0.0,0.0,3.9143595,0.0,0.0,0.0,0.0,0.0,0.0,0.0,0.0,0.0,Optimal,3567.354144099998,3742376.15534414
8032,,122.21,0.0,0.0,3.9143595,0.0,0.0,0.0,0.0,0.0,0.0,0.0,0.0,0.0,Optimal,3567.354144099998,3742376.15534414
8033,,131.53,13.394241,0.0,16.772831,0.0,13.394241,13.394241,0.0,0.0,0.0,0.0,0.0,0.0,Optimal,3567.354144099998,3742376.15534414
8034,,137.68,30.0,0.0,45.572831,0.0,30.0,30.0,0.0,0.0,0.0,0.0,0.0,0.0,Optimal,3567.354144099998,3742376.15534414
8035,,136.4,30.0,0.0,74.372831,0.0,30.0,30.0,0.0,0.0,0.0,0.0,0.0,0.0,Optimal,3567.354144099998,3742376.15534414
8036,,131.96,0.0,27.648,45.572831,27.648,0.0,-27.648,0.0,0.0,0.0,0.0,0.0,0.0,Optimal,3567.354144099998,3742376.15534414
8037,,124.51,30.0,0.0,74.372831,0.0,30.0,30.0,0.0,0.0,0.0,0.0,0.0,0.0,Optimal,3567.354144099998,3742376.15534414
8038,,115.08,0.0,27.648,45.572831,27.648,0.0,-27.648,0.0,0.0,0.0,0.0,0.0,0.0,Optimal,3567.354144099998,3742376.15534414
8039,,114.78,30.0,0.0,74.372831,0.0,30.0,30.0,0.0,0.0,0.0,0.0,0.0,0.0,Optimal,3567.354144099998,3742376.15534414
8040,,106.67,0.0,27.648,45.572831,27.648,0.0,-27.648,0.0,0.0,0.0,0.0,0.0,0.0,Optimal,3567.354144099998,3742376.15534414
8041,,99.66,30.0,0.0,74.372831,0.0,30.0,30.0,0.0,0.0,0.0,0.0,0.0,0.0,Optimal,3567.354144099998,3742376.15534414
8042,,90.01,0.0,30.0,43.122831,30.0,0.0,-30.0,0.0,0.0,0.0,0.0,0.0,0.0,Optimal,3567.354144099998,3742376.15534414
8043,,88.14,30.0,0.0,71.922831,0.0,30.0,30.0,0.0,0.0,0.0,0.0,0.0,0.0,Optimal,3567.354144099998,3742376.15534414
8044,,85.7,0.0,30.0,40.672831,30.0,0.0,-30.0,0.0,0.0,0.0,0.0,0.0,0.0,Optimal,3567.354144099998,3742376.15534414
8045,,84.27,26.814092,0.0,66.41436,0.0,26.814092,26.814092,0.0,0.0,0.0,0.0,0.0,0.0,Optimal,3567.354144099998,3742376.15534414
8046,,83.77,0.0,30.0,35.16436,30.0,0.0,-30.0,0.0,0.0,0.0,0.0,0.0,0.0,Optimal,3567.354144099998,3742376.15534414
8047,,83.23,0.0,30.0,3.9143595,30.0,0.0,-30.0,0.0,0.0,0.0,0.0,0.0,0.0,Optimal,3567.354144099998,3742376.15534414
8048,,89.5,13.394241,0.0,16.772831,0.0,13.394241,13.394241,0.0,0.0,0.0,0.0,0.0,0.0,Optimal,3567.354144099998,3742376.15534414
8049,,99.19,30.0,0.0,45.572831,0.0,30.0,30.0,0.0,0.0,0.0,0.0,0.0,0.0,Optimal,3567.354144099998,3742376.15534414
8050,,94.6,30.0,0.0,74.372831,0.0,30.0,30.0,0.0,0.0,0.0,0.0,0.0,0.0,Optimal,3567.354144099998,3742376.15534414
8051,,89.3,0.0,5.2881325,68.86436,5.2881325,0.0,-5.2881325,0.0,0.0,0.0,0.0,0.0,0.0,Optimal,3567.354144099998,3742376.15534414
8052,,82.38,0.0,30.0,37.61436,30.0,0.0,-30.0,0.0,0.0,0.0,0.0,0.0,0.0,Optimal,3567.354144099998,3742376.15534414
8053,,85.25,30.0,0.0,66.41436,0.0,30.0,30.0,0.0,0.0,0.0,0.0,0.0,0.0,Optimal,3567.354144099998,3742376.15534414
8054,,83.08,0.0,30.0,35.16436,30.0,0.0,-30.0,0.0,0.0,0.0,0.0,0.0,0.0,Optimal,3567.354144099998,3742376.15534414
8055,,88.17,0.0,30.0,3.9143595,30.0,0.0,-30.0,0.0,0.0,0.0,0.0,0.0,0.0,Optimal,3567.354144099998,3742376.15534414
8056,,105.25,0.0,0.0,3.9143595,0.0,0.0,0.0,0.0,0.0,0.0,0.0,0.0,0.0,Optimal,3567.354144099998,3742376.15534414
8057,,117.45,13.394241,0.0,16.772831,0.0,13.394241,13.394241,0.0,0.0,0.0,0.0,0.0,0.0,Optimal,3567.354144099998,3742376.15534414
8058,,117.8,30.0,0.0,45.572831,0.0,30.0,30.0,0.0,0.0,0.0,0.0,0.0,0.0,Optimal,3567.354144099998,3742376.15534414
8059,,123.27,30.0,0.0,74.372831,0.0,30.0,30.0,0.0,0.0,0.0,0.0,0.0,0.0,Optimal,3567.354144099998,3742376.15534414
8060,,112.31,0.0,0.0,74.372831,0.0,0.0,0.0,0.0,0.0,0.0,0.0,0.0,0.0,Optimal,3567.354144099998,3742376.15534414
8061,,93.66,0.0,0.0,74.372831,0.0,0.0,0.0,0.0,0.0,0.0,0.0,0.0,0.0,Optimal,3567.354144099998,3742376.15534414
8062,,86.01,0.0,30.0,43.122831,30.0,0.0,-30.0,0.0,0.0,0.0,0.0,0.0,0.0,Optimal,3567.354144099998,3742376.15534414
8063,,97.39,30.0,0.0,71.922831,0.0,30.0,30.0,0.0,0.0,0.0,0.0,0.0,0.0,Optimal,3567.354144099998,3742376.15534414
8064,,85.0,2.5520833,0.0,74.372831,0.0,2.5520833,2.5520833,0.0,0.0,0.0,0.0,0.0,0.0,Optimal,3567.354144099998,3742376.15534414
8065,,74.77,0.0,0.0,74.372831,0.0,0.0,0.0,0.0,0.0,0.0,0.0,0.0,0.0,Optimal,3567.354144099998,3742376.15534414
8066,,66.21,0.0,0.0,74.372831,0.0,0.0,0.0,0.0,0.0,0.0,0.0,0.0,0.0,Optimal,3567.354144099998,3742376.15534414
8067,,61.57,0.0,7.6401325,66.41436,7.6401325,0.0,-7.6401325,0.0,0.0,0.0,0.0,0.0,0.0,Optimal,3567.354144099998,3742376.15534414
8068,,46.5,0.0,30.0,35.16436,30.0,0.0,-30.0,0.0,0.0,0.0,0.0,0.0,0.0,Optimal,3567.354144099998,3742376.15534414
8069,,49.15,0.0,30.0,3.9143595,30.0,0.0,-30.0,0.0,0.0,0.0,0.0,0.0,0.0,Optimal,3567.354144099998,3742376.15534414
8070,,68.42,0.0,0.0,3.9143595,0.0,0.0,0.0,0.0,0.0,0.0,0.0,0.0,0.0,Optimal,3567.354144099998,3742376.15534414
8071,,92.51,0.0,0.0,3.9143595,0.0,0.0,0.0,0.0,0.0,0.0,0.0,0.0,0.0,Optimal,3567.354144099998,3742376.15534414
8072,,125.25,30.0,0.0,32.71436,0.0,30.0,30.0,0.0,0.0,0.0,0.0,0.0,0.0,Optimal,3567.354144099998,3742376.15534414
8073,,126.2,30.0,0.0,61.51436,0.0,30.0,30.0,0.0,0.0,0.0,0.0,0.0,0.0,Optimal,3567.354144099998,3742376.15534414
8074,,123.94,0.0,22.944,37.61436,22.944,0.0,-22.944,0.0,0.0,0.0,0.0,0.0,0.0,Optimal,3567.354144099998,3742376.15534414
8075,,121.44,30.0,0.0,66.41436,0.0,30.0,30.0,0.0,0.0,0.0,0.0,0.0,0.0,Optimal,3567.354144099998,3742376.15534414
8076,,115.97,0.0,30.0,35.16436,30.0,0.0,-30.0,0.0,0.0,0.0,0.0,0.0,0.0,Optimal,3567.354144099998,3742376.15534414
8077,,115.18,0.0,30.0,3.9143595,30.0,0.0,-30.0,0.0,0.0,0.0,0.0,0.0,0.0,Optimal,3567.354144099998,3742376.15534414
8078,,126.4,30.0,0.0,32.71436,0.0,30.0,30.0,0.0,0.0,0.0,0.0,0.0,0.0,Optimal,3567.354144099998,3742376.15534414
8079,,134.05,0.0,27.648,3.9143595,27.648,0.0,-27.648,0.0,0.0,0.0,0.0,0.0,0.0,Optimal,3567.354144099998,3742376.15534414
8080,,141.93,30.0,0.0,32.71436,0.0,30.0,30.0,0.0,0.0,0.0,0.0,0.0,0.0,Optimal,3567.354144099998,3742376.15534414
8081,,144.75,0.0,27.648,3.9143595,27.648,0.0,-27.648,0.0,0.0,0.0,0.0,0.0,0.0,Optimal,3567.354144099998,3742376.15534414
8082,,147.07,30.0,0.0,32.71436,0.0,30.0,30.0,0.0,0.0,0.0,0.0,0.0,0.0,Optimal,3567.354144099998,3742376.15534414
8083,,148.28,30.0,0.0,61.51436,0.0,30.0,30.0,0.0,0.0,0.0,0.0,0.0,0.0,Optimal,3567.354144099998,3742376.15534414
8084,,138.77,13.394241,0.0,74.372831,0.0,13.394241,13.394241,0.0,0.0,0.0,0.0,0.0,0.0,Optimal,3567.354144099998,3742376.15534414
8085,,121.13,0.0,0.0,74.372831,0.0,0.0,0.0,0.0,0.0,0.0,0.0,0.0,0.0,Optimal,3567.354144099998,3742376.15534414
8086,,113.41,0.0,27.648,45.572831,27.648,0.0,-27.648,0.0,0.0,0.0,0.0,0.0,0.0,Optimal,3567.354144099998,3742376.15534414
8087,,112.54,30.0,0.0,74.372831,0.0,30.0,30.0,0.0,0.0,0.0,0.0,0.0,0.0,Optimal,3567.354144099998,3742376.15534414
8088,,102.64,0.0,27.648,45.572831,27.648,0.0,-27.648,0.0,0.0,0.0,0.0,0.0,0.0,Optimal,3567.354144099998,3742376.15534414
8089,,110.93,30.0,0.0,74.372831,0.0,30.0,30.0,0.0,0.0,0.0,0.0,0.0,0.0,Optimal,3567.354144099998,3742376.15534414
8090,,90.9,0.0,7.6401325,66.41436,7.6401325,0.0,-7.6401325,0.0,0.0,0.0,0.0,0.0,0.0,Optimal,3567.354144099998,3742376.15534414
8091,,88.0,0.0,30.0,35.16436,30.0,0.0,-30.0,0.0,0.0,0.0,0.0,0.0,0.0,Optimal,3567.354144099998,3742376.15534414
8092,,86.8,0.0,30.0,3.9143595,30.0,0.0,-30.0,0.0,0.0,0.0,0.0,0.0,0.0,Optimal,3567.354144099998,3742376.15534414
8093,,94.96,30.0,0.0,32.71436,0.0,30.0,30.0,0.0,0.0,0.0,0.0,0.0,0.0,Optimal,3567.354144099998,3742376.15534414
8094,,102.56,0.0,27.648,3.9143595,27.648,0.0,-27.648,0.0,0.0,0.0,0.0,0.0,0.0,Optimal,3567.354144099998,3742376.15534414
8095,,119.94,0.0,0.0,3.9143595,0.0,0.0,0.0,0.0,0.0,0.0,0.0,0.0,0.0,Optimal,3567.354144099998,3742376.15534414
8096,,142.0,13.394241,0.0,16.772831,0.0,13.394241,13.394241,0.0,0.0,0.0,0.0,0.0,0.0,Optimal,3567.354144099998,3742376.15534414
8097,,155.64,30.0,0.0,45.572831,0.0,30.0,30.0,0.0,0.0,0.0,0.0,0.0,0.0,Optimal,3567.354144099998,3742376.15534414
8098,,151.09,30.0,0.0,74.372831,0.0,30.0,30.0,0.0,0.0,0.0,0.0,0.0,0.0,Optimal,3567.354144099998,3742376.15534414
8099,,142.29,0.0,7.6401325,66.41436,7.6401325,0.0,-7.6401325,0.0,0.0,0.0,0.0,0.0,0.0,Optimal,3567.354144099998,3742376.15534414
8100,,131.14,0.0,30.0,35.16436,30.0,0.0,-30.0,0.0,0.0,0.0,0.0,0.0,0.0,Optimal,3567.354144099998,3742376.15534414
8101,,127.13,0.0,30.0,3.9143595,30.0,0.0,-30.0,0.0,0.0,0.0,0.0,0.0,0.0,Optimal,3567.354144099998,3742376.15534414
8102,,141.62,30.0,0.0,32.71436,0.0,30.0,30.0,0.0,0.0,0.0,0.0,0.0,0.0,Optimal,3567.354144099998,3742376.15534414
8103,,148.0,0.0,27.648,3.9143595,27.648,0.0,-27.648,0.0,0.0,0.0,0.0,0.0,0.0,Optimal,3567.354144099998,3742376.15534414
8104,,165.98,0.0,0.0,3.9143595,0.0,0.0,0.0,0.0,0.0,0.0,0.0,0.0,0.0,Optimal,3567.354144099998,3742376.15534414
8105,,200.1,30.0,0.0,32.71436,0.0,30.0,30.0,0.0,0.0,0.0,0.0,0.0,0.0,Optimal,3567.354144099998,3742376.15534414
8106,,209.14,30.0,0.0,61.51436,0.0,30.0,30.0,0.0,0.0,0.0,0.0,0.0,0.0,Optimal,3567.354144099998,3742376.15534414
8107,,197.88,0.0,15.303867,45.572831,15.303867,0.0,-15.303867,0.0,0.0,0.0,0.0,0.0,0.0,Optimal,3567.354144099998,3742376.15534414
8108,,189.83,30.0,0.0,74.372831,0.0,30.0,30.0,0.0,0.0,0.0,0.0,0.0,0.0,Optimal,3567.354144099998,3742376.15534414
8109,,168.44,0.0,0.0,74.372831,0.0,0.0,0.0,0.0,0.0,0.0,0.0,0.0,0.0,Optimal,3567.354144099998,3742376.15534414
8110,,153.13,0.0,27.648,45.572831,27.648,0.0,-27.648,0.0,0.0,0.0,0.0,0.0,0.0,Optimal,3567.354144099998,3742376.15534414
8111,,142.08,30.0,0.0,74.372831,0.0,30.0,30.0,0.0,0.0,0.0,0.0,0.0,0.0,Optimal,3567.354144099998,3742376.15534414
8112,,130.81,0.0,0.0,74.372831,0.0,0.0,0.0,0.0,0.0,0.0,0.0,0.0,0.0,Optimal,3567.354144099998,3742376.15534414
8113,,121.0,0.0,27.648,45.572831,27.648,0.0,-27.648,0.0,0.0,0.0,0.0,0.0,0.0,Optimal,3567.354144099998,3742376.15534414
8114,,116.66,30.0,0.0,74.372831,0.0,30.0,30.0,0.0,0.0,0.0,0.0,0.0,0.0,Optimal,3567.354144099998,3742376.15534414
8115,,112.79,0.0,7.6401325,66.41436,7.6401325,0.0,-7.6401325,0.0,0.0,0.0,0.0,0.0,0.0,Optimal,3567.354144099998,3742376.15534414
8116,,110.0,0.0,30.0,35.16436,30.0,0.0,-30.0,0.0,0.0,0.0,0.0,0.0,0.0,Optimal,3567.354144099998,3742376.15534414
8117,,111.64,0.0,30.0,3.9143595,30.0,0.0,-30.0,0.0,0.0,0.0,0.0,0.0,0.0,Optimal,3567.354144099998,3742376.15534414
8118,,119.6,0.0,0.0,3.9143595,0.0,0.0,0.0,0.0,0.0,0.0,0.0,0.0,0.0,Optimal,3567.354144099998,3742376.15534414
8119,,143.15,0.0,0.0,3.9143595,0.0,0.0,0.0,0.0,0.0,0.0,0.0,0.0,0.0,Optimal,3567.354144099998,3742376.15534414
8120,,202.14,13.394241,0.0,16.772831,0.0,13.394241,13.394241,0.0,0.0,0.0,0.0,0.0,0.0,Optimal,3567.354144099998,3742376.15534414
8121,,266.51,30.0,0.0,45.572831,0.0,30.0,30.0,0.0,0.0,0.0,0.0,0.0,0.0,Optimal,3567.354144099998,3742376.15534414
8122,,244.05,30.0,0.0,74.372831,0.0,30.0,30.0,0.0,0.0,0.0,0.0,0.0,0.0,Optimal,3567.354144099998,3742376.15534414
8123,,203.19,0.0,30.0,43.122831,30.0,0.0,-30.0,0.0,0.0,0.0,0.0,0.0,0.0,Optimal,3567.354144099998,3742376.15534414
8124,,192.03,30.0,0.0,71.922831,0.0,30.0,30.0,0.0,0.0,0.0,0.0,0.0,0.0,Optimal,3567.354144099998,3742376.15534414
8125,,187.05,0.0,30.0,40.672831,30.0,0.0,-30.0,0.0,0.0,0.0,0.0,0.0,0.0,Optimal,3567.354144099998,3742376.15534414
8126,,191.35,0.0,30.0,9.4228309,30.0,0.0,-30.0,0.0,0.0,0.0,0.0,0.0,0.0,Optimal,3567.354144099998,3742376.15534414
8127,,206.16,0.0,5.2881325,3.9143595,5.2881325,0.0,-5.2881325,0.0,0.0,0.0,0.0,0.0,0.0,Optimal,3567.354144099998,3742376.15534414
8128,,227.83,13.394241,0.0,16.772831,0.0,13.394241,13.394241,0.0,0.0,0.0,0.0,0.0,0.0,Optimal,3567.354144099998,3742376.15534414
8129,,250.0,30.0,0.0,45.572831,0.0,30.0,30.0,0.0,0.0,0.0,0.0,0.0,0.0,Optimal,3567.354144099998,3742376.15534414
8130,,279.69,30.0,0.0,74.372831,0.0,30.0,30.0,0.0,0.0,0.0,0.0,0.0,0.0,Optimal,3567.354144099998,3742376.15534414
8131,,225.24,0.0,0.0,74.372831,0.0,0.0,0.0,0.0,0.0,0.0,0.0,0.0,0.0,Optimal,3567.354144099998,3742376.15534414
8132,,194.0,0.0,0.0,74.372831,0.0,0.0,0.0,0.0,0.0,0.0,0.0,0.0,0.0,Optimal,3567.354144099998,3742376.15534414
8133,,158.8,0.0,0.0,74.372831,0.0,0.0,0.0,0.0,0.0,0.0,0.0,0.0,0.0,Optimal,3567.354144099998,3742376.15534414
8134,,133.0,0.0,0.0,74.372831,0.0,0.0,0.0,0.0,0.0,0.0,0.0,0.0,0.0,Optimal,3567.354144099998,3742376.15534414
8135,,120.0,0.0,0.0,74.372831,0.0,0.0,0.0,0.0,0.0,0.0,0.0,0.0,0.0,Optimal,3567.354144099998,3742376.15534414
8136,,111.0,0.0,27.648,45.572831,27.648,0.0,-27.648,0.0,0.0,0.0,0.0,0.0,0.0,Optimal,3567.354144099998,3742376.15534414
8137,,114.77,30.0,0.0,74.372831,0.0,30.0,30.0,0.0,0.0,0.0,0.0,0.0,0.0,Optimal,3567.354144099998,3742376.15534414
8138,,105.74,0.0,27.648,45.572831,27.648,0.0,-27.648,0.0,0.0,0.0,0.0,0.0,0.0,Optimal,3567.354144099998,3742376.15534414
8139,,100.1,30.0,0.0,74.372831,0.0,30.0,30.0,0.0,0.0,0.0,0.0,0.0,0.0,Optimal,3567.354144099998,3742376.15534414
8140,,87.14,0.0,7.6401325,66.41436,7.6401325,0.0,-7.6401325,0.0,0.0,0.0,0.0,0.0,0.0,Optimal,3567.354144099998,3742376.15534414
8141,,76.94,0.0,30.0,35.16436,30.0,0.0,-30.0,0.0,0.0,0.0,0.0,0.0,0.0,Optimal,3567.354144099998,3742376.15534414
8142,,77.7,0.0,30.0,3.9143595,30.0,0.0,-30.0,0.0,0.0,0.0,0.0,0.0,0.0,Optimal,3567.354144099998,3742376.15534414
8143,,91.3,0.0,0.0,3.9143595,0.0,0.0,0.0,0.0,0.0,0.0,0.0,0.0,0.0,Optimal,3567.354144099998,3742376.15534414
8144,,100.1,0.0,0.0,3.9143595,0.0,0.0,0.0,0.0,0.0,0.0,0.0,0.0,0.0,Optimal,3567.354144099998,3742376.15534414
8145,,128.0,30.0,0.0,32.71436,0.0,30.0,30.0,0.0,0.0,0.0,0.0,0.0,0.0,Optimal,3567.354144099998,3742376.15534414
8146,,131.78,30.0,0.0,61.51436,0.0,30.0,30.0,0.0,0.0,0.0,0.0,0.0,0.0,Optimal,3567.354144099998,3742376.15534414
8147,,124.92,13.394241,0.0,74.372831,0.0,13.394241,13.394241,0.0,0.0,0.0,0.0,0.0,0.0,Optimal,3567.354144099998,3742376.15534414
8148,,107.31,0.0,30.0,43.122831,30.0,0.0,-30.0,0.0,0.0,0.0,0.0,0.0,0.0,Optimal,3567.354144099998,3742376.15534414
8149,,103.5,0.0,30.0,11.872831,30.0,0.0,-30.0,0.0,0.0,0.0,0.0,0.0,0.0,Optimal,3567.354144099998,3742376.15534414
8150,,104.32,24.262009,0.0,35.16436,0.0,24.262009,24.262009,0.0,0.0,0.0,0.0,0.0,0.0,Optimal,3567.354144099998,3742376.15534414
8151,,107.36,0.0,30.0,3.9143595,30.0,0.0,-30.0,0.0,0.0,0.0,0.0,0.0,0.0,Optimal,3567.354144099998,3742376.15534414
8152,,116.26,0.0,0.0,3.9143595,0.0,0.0,0.0,0.0,0.0,0.0,0.0,0.0,0.0,Optimal,3567.354144099998,3742376.15534414
8153,,124.64,13.394241,0.0,16.772831,0.0,13.394241,13.394241,0.0,0.0,0.0,0.0,0.0,0.0,Optimal,3567.354144099998,3742376.15534414
8154,,137.9,30.0,0.0,45.572831,0.0,30.0,30.0,0.0,0.0,0.0,0.0,0.0,0.0,Optimal,3567.354144099998,3742376.15534414
8155,,130.0,30.0,0.0,74.372831,0.0,30.0,30.0,0.0,0.0,0.0,0.0,0.0,0.0,Optimal,3567.354144099998,3742376.15534414
8156,,115.21,0.0,0.0,74.372831,0.0,0.0,0.0,0.0,0.0,0.0,0.0,0.0,0.0,Optimal,3567.354144099998,3742376.15534414
8157,,101.91,0.0,0.0,74.372831,0.0,0.0,0.0,0.0,0.0,0.0,0.0,0.0,0.0,Optimal,3567.354144099998,3742376.15534414
8158,,83.93,0.0,27.648,45.572831,27.648,0.0,-27.648,0.0,0.0,0.0,0.0,0.0,0.0,Optimal,3567.354144099998,3742376.15534414
8159,,79.96,30.0,0.0,74.372831,0.0,30.0,30.0,0.0,0.0,0.0,0.0,0.0,0.0,Optimal,3567.354144099998,3742376.15534414
8160,,45.12,0.0,0.0,74.372831,0.0,0.0,0.0,0.0,0.0,0.0,0.0,0.0,0.0,Optimal,3567.354144099998,3742376.15534414
8161,,12.09,0.0,0.0,74.372831,0.0,0.0,0.0,0.0,0.0,0.0,0.0,0.0,0.0,Optimal,3567.354144099998,3742376.15534414
8162,,5.97,0.0,0.0,74.372831,0.0,0.0,0.0,0.0,0.0,0.0,0.0,0.0,0.0,Optimal,3567.354144099998,3742376.15534414
8163,,4.16,0.0,7.6401325,66.41436,7.6401325,0.0,-7.6401325,0.0,0.0,0.0,0.0,0.0,0.0,Optimal,3567.354144099998,3742376.15534414
8164,,2.22,0.0,30.0,35.16436,30.0,0.0,-30.0,0.0,0.0,0.0,0.0,0.0,0.0,Optimal,3567.354144099998,3742376.15534414
8165,,2.79,0.0,30.0,3.9143595,30.0,0.0,-30.0,0.0,0.0,0.0,0.0,0.0,0.0,Optimal,3567.354144099998,3742376.15534414
8166,,10.54,0.0,0.0,3.9143595,0.0,0.0,0.0,0.0,0.0,0.0,0.0,0.0,0.0,Optimal,3567.354144099998,3742376.15534414
8167,,62.7,0.0,0.0,3.9143595,0.0,0.0,0.0,0.0,0.0,0.0,0.0,0.0,0.0,Optimal,3567.354144099998,3742376.15534414
8168,,94.77,0.0,0.0,3.9143595,0.0,0.0,0.0,0.0,0.0,0.0,0.0,0.0,0.0,Optimal,3567.354144099998,3742376.15534414
8169,,111.75,30.0,0.0,32.71436,0.0,30.0,30.0,0.0,0.0,0.0,0.0,0.0,0.0,Optimal,3567.354144099998,3742376.15534414
8170,,125.0,30.0,0.0,61.51436,0.0,30.0,30.0,0.0,0.0,0.0,0.0,0.0,0.0,Optimal,3567.354144099998,3742376.15534414
8171,,105.43,13.394241,0.0,74.372831,0.0,13.394241,13.394241,0.0,0.0,0.0,0.0,0.0,0.0,Optimal,3567.354144099998,3742376.15534414
8172,,99.9,0.0,30.0,43.122831,30.0,0.0,-30.0,0.0,0.0,0.0,0.0,0.0,0.0,Optimal,3567.354144099998,3742376.15534414
8173,,91.9,0.0,30.0,11.872831,30.0,0.0,-30.0,0.0,0.0,0.0,0.0,0.0,0.0,Optimal,3567.354144099998,3742376.15534414
8174,,101.17,0.0,7.6401325,3.9143595,7.6401325,0.0,-7.6401325,0.0,0.0,0.0,0.0,0.0,0.0,Optimal,3567.354144099998,3742376.15534414
8175,,109.0,30.0,0.0,32.71436,0.0,30.0,30.0,0.0,0.0,0.0,0.0,0.0,0.0,Optimal,3567.354144099998,3742376.15534414
8176,,117.03,0.0,27.648,3.9143595,27.648,0.0,-27.648,0.0,0.0,0.0,0.0,0.0,0.0,Optimal,3567.354144099998,3742376.15534414
8177,,130.58,0.0,0.0,3.9143595,0.0,0.0,0.0,0.0,0.0,0.0,0.0,0.0,0.0,Optimal,3567.354144099998,3742376.15534414
8178,,142.27,30.0,0.0,32.71436,0.0,30.0,30.0,0.0,0.0,0.0,0.0,0.0,0.0,Optimal,3567.354144099998,3742376.15534414
8179,,150.55,30.0,0.0,61.51436,0.0,30.0,30.0,0.0,0.0,0.0,0.0,0.0,0.0,Optimal,3567.354144099998,3742376.15534414
8180,,141.7,13.394241,0.0,74.372831,0.0,13.394241,13.394241,0.0,0.0,0.0,0.0,0.0,0.0,Optimal,3567.354144099998,3742376.15534414
8181,,128.25,0.0,0.0,74.372831,0.0,0.0,0.0,0.0,0.0,0.0,0.0,0.0,0.0,Optimal,3567.354144099998,3742376.15534414
8182,,117.99,0.0,27.648,45.572831,27.648,0.0,-27.648,0.0,0.0,0.0,0.0,0.0,0.0,Optimal,3567.354144099998,3742376.15534414
8183,,118.0,30.0,0.0,74.372831,0.0,30.0,30.0,0.0,0.0,0.0,0.0,0.0,0.0,Optimal,3567.354144099998,3742376.15534414
8184,,100.49,0.0,0.0,74.372831,0.0,0.0,0.0,0.0,0.0,0.0,0.0,0.0,0.0,Optimal,3567.354144099998,3742376.15534414
8185,,85.79,0.0,0.0,74.372831,0.0,0.0,0.0,0.0,0.0,0.0,0.0,0.0,0.0,Optimal,3567.354144099998,3742376.15534414
8186,,74.92,0.0,0.0,74.372831,0.0,0.0,0.0,0.0,0.0,0.0,0.0,0.0,0.0,Optimal,3567.354144099998,3742376.15534414
8187,,67.5,0.0,0.0,74.372831,0.0,0.0,0.0,0.0,0.0,0.0,0.0,0.0,0.0,Optimal,3567.354144099998,3742376.15534414
8188,,61.48,0.0,0.0,74.372831,0.0,0.0,0.0,0.0,0.0,0.0,0.0,0.0,0.0,Optimal,3567.354144099998,3742376.15534414
8189,,49.1,0.0,0.0,74.372831,0.0,0.0,0.0,0.0,0.0,0.0,0.0,0.0,0.0,Optimal,3567.354144099998,3742376.15534414
8190,,37.41,0.0,30.0,43.122831,30.0,0.0,-30.0,0.0,0.0,0.0,0.0,0.0,0.0,Optimal,3567.354144099998,3742376.15534414
8191,,36.5,0.0,30.0,11.872831,30.0,0.0,-30.0,0.0,0.0,0.0,0.0,0.0,0.0,Optimal,3567.354144099998,3742376.15534414
8192,,41.48,0.0,7.6401325,3.9143595,7.6401325,0.0,-7.6401325,0.0,0.0,0.0,0.0,0.0,0.0,Optimal,3567.354144099998,3742376.15534414
8193,,54.17,0.0,0.0,3.9143595,0.0,0.0,0.0,0.0,0.0,0.0,0.0,0.0,0.0,Optimal,3567.354144099998,3742376.15534414
8194,,59.1,30.0,0.0,32.71436,0.0,30.0,30.0,0.0,0.0,0.0,0.0,0.0,0.0,Optimal,3567.354144099998,3742376.15534414
8195,,58.8,30.0,0.0,61.51436,0.0,30.0,30.0,0.0,0.0,0.0,0.0,0.0,0.0,Optimal,3567.354144099998,3742376.15534414
8196,,57.96,0.0,30.0,30.26436,30.0,0.0,-30.0,0.0,0.0,0.0,0.0,0.0,0.0,Optimal,3567.354144099998,3742376.15534414
8197,,63.14,0.0,25.296,3.9143595,25.296,0.0,-25.296,0.0,0.0,0.0,0.0,0.0,0.0,Optimal,3567.354144099998,3742376.15534414
8198,,66.65,30.0,0.0,32.71436,0.0,30.0,30.0,0.0,0.0,0.0,0.0,0.0,0.0,Optimal,3567.354144099998,3742376.15534414
8199,,65.74,0.0,27.648,3.9143595,27.648,0.0,-27.648,0.0,0.0,0.0,0.0,0.0,0.0,Optimal,3567.354144099998,3742376.15534414
8200,,72.34,0.0,0.0,3.9143595,0.0,0.0,0.0,0.0,0.0,0.0,0.0,0.0,0.0,Optimal,3567.354144099998,3742376.15534414
8201,,85.0,30.0,0.0,32.71436,0.0,30.0,30.0,0.0,0.0,0.0,0.0,0.0,0.0,Optimal,3567.354144099998,3742376.15534414
8202,,87.2,30.0,0.0,61.51436,0.0,30.0,30.0,0.0,0.0,0.0,0.0,0.0,0.0,Optimal,3567.354144099998,3742376.15534414
8203,,82.61,13.394241,0.0,74.372831,0.0,13.394241,13.394241,0.0,0.0,0.0,0.0,0.0,0.0,Optimal,3567.354144099998,3742376.15534414
8204,,80.35,0.0,25.296,48.022831,25.296,0.0,-25.296,0.0,0.0,0.0,0.0,0.0,0.0,Optimal,3567.354144099998,3742376.15534414
8205,,78.9,0.0,30.0,16.772831,30.0,0.0,-30.0,0.0,0.0,0.0,0.0,0.0,0.0,Optimal,3567.354144099998,3742376.15534414
8206,,79.03,30.0,0.0,45.572831,0.0,30.0,30.0,0.0,0.0,0.0,0.0,0.0,0.0,Optimal,3567.354144099998,3742376.15534414
8207,,76.5,30.0,0.0,74.372831,0.0,30.0,30.0,0.0,0.0,0.0,0.0,0.0,0.0,Optimal,3567.354144099998,3742376.15534414
8208,,68.73,0.0,30.0,43.122831,30.0,0.0,-30.0,0.0,0.0,0.0,0.0,0.0,0.0,Optimal,3567.354144099998,3742376.15534414
8209,,82.16,30.0,0.0,71.922831,0.0,30.0,30.0,0.0,0.0,0.0,0.0,0.0,0.0,Optimal,3567.354144099998,3742376.15534414
8210,,75.85,0.0,30.0,40.672831,30.0,0.0,-30.0,0.0,0.0,0.0,0.0,0.0,0.0,Optimal,3567.354144099998,3742376.15534414
8211,,75.81,30.0,0.0,69.472831,0.0,30.0,30.0,0.0,0.0,0.0,0.0,0.0,0.0,Optimal,3567.354144099998,3742376.15534414
8212,,71.21,0.0,30.0,38.222831,30.0,0.0,-30.0,0.0,0.0,0.0,0.0,0.0,0.0,Optimal,3567.354144099998,3742376.15534414
8213,,71.28,0.0,30.0,6.9728309,30.0,0.0,-30.0,0.0,0.0,0.0,0.0,0.0,0.0,Optimal,3567.354144099998,3742376.15534414
8214,,76.96,0.0,2.9361325,3.9143595,2.9361325,0.0,-2.9361325,0.0,0.0,0.0,0.0,0.0,0.0,Optimal,3567.354144099998,3742376.15534414
8215,,78.74,30.0,0.0,32.71436,0.0,30.0,30.0,0.0,0.0,0.0,0.0,0.0,0.0,Optimal,3567.354144099998,3742376.15534414
8216,,79.29,0.0,27.648,3.9143595,27.648,0.0,-27.648,0.0,0.0,0.0,0.0,0.0,0.0,Optimal,3567.354144099998,3742376.15534414
8217,,88.67,0.0,0.0,3.9143595,0.0,0.0,0.0,0.0,0.0,0.0,0.0,0.0,0.0,Optimal,3567.354144099998,3742376.15534414
8218,,98.73,30.0,0.0,32.71436,0.0,30.0,30.0,0.0,0.0,0.0,0.0,0.0,0.0,Optimal,3567.354144099998,3742376.15534414
8219,,100.81,0.0,27.648,3.9143595,27.648,0.0,-27.648,0.0,0.0,0.0,0.0,0.0,0.0,Optimal,3567.354144099998,3742376.15534414
8220,,106.4,30.0,0.0,32.71436,0.0,30.0,30.0,0.0,0.0,0.0,0.0,0.0,0.0,Optimal,3567.354144099998,3742376.15534414
8221,,108.74,30.0,0.0,61.51436,0.0,30.0,30.0,0.0,0.0,0.0,0.0,0.0,0.0,Optimal,3567.354144099998,3742376.15534414
8222,,106.16,13.394241,0.0,74.372831,0.0,13.394241,13.394241,0.0,0.0,0.0,0.0,0.0,0.0,Optimal,3567.354144099998,3742376.15534414
8223,,99.37,0.0,27.648,45.572831,27.648,0.0,-27.648,0.0,0.0,0.0,0.0,0.0,0.0,Optimal,3567.354144099998,3742376.15534414
8224,,109.66,30.0,0.0,74.372831,0.0,30.0,30.0,0.0,0.0,0.0,0.0,0.0,0.0,Optimal,3567.354144099998,3742376.15534414
8225,,95.8,0.0,27.648,45.572831,27.648,0.0,-27.648,0.0,0.0,0.0,0.0,0.0,0.0,Optimal,3567.354144099998,3742376.15534414
8226,,105.48,30.0,0.0,74.372831,0.0,30.0,30.0,0.0,0.0,0.0,0.0,0.0,0.0,Optimal,3567.354144099998,3742376.15534414
8227,,95.35,0.0,27.648,45.572831,27.648,0.0,-27.648,0.0,0.0,0.0,0.0,0.0,0.0,Optimal,3567.354144099998,3742376.15534414
8228,,94.12,30.0,0.0,74.372831,0.0,30.0,30.0,0.0,0.0,0.0,0.0,0.0,0.0,Optimal,3567.354144099998,3742376.15534414
8229,,88.75,0.0,30.0,43.122831,30.0,0.0,-30.0,0.0,0.0,0.0,0.0,0.0,0.0,Optimal,3567.354144099998,3742376.15534414
8230,,88.0,30.0,0.0,71.922831,0.0,30.0,30.0,0.0,0.0,0.0,0.0,0.0,0.0,Optimal,3567.354144099998,3742376.15534414
8231,,85.75,2.5520833,0.0,74.372831,0.0,2.5520833,2.5520833,0.0,0.0,0.0,0.0,0.0,0.0,Optimal,3567.354144099998,3742376.15534414
8232,,73.51,0.0,27.648,45.572831,27.648,0.0,-27.648,0.0,0.0,0.0,0.0,0.0,0.0,Optimal,3567.354144099998,3742376.15534414
8233,,68.99,30.0,0.0,74.372831,0.0,30.0,30.0,0.0,0.0,0.0,0.0,0.0,0.0,Optimal,3567.354144099998,3742376.15534414
8234,,53.19,0.0,0.0,74.372831,0.0,0.0,0.0,0.0,0.0,0.0,0.0,0.0,0.0,Optimal,3567.354144099998,3742376.15534414
8235,,34.66,0.0,30.0,43.122831,30.0,0.0,-30.0,0.0,0.0,0.0,0.0,0.0,0.0,Optimal,3567.354144099998,3742376.15534414
8236,,31.5,0.0,30.0,11.872831,30.0,0.0,-30.0,0.0,0.0,0.0,0.0,0.0,0.0,Optimal,3567.354144099998,3742376.15534414
8237,,35.33,0.0,7.6401325,3.9143595,7.6401325,0.0,-7.6401325,0.0,0.0,0.0,0.0,0.0,0.0,Optimal,3567.354144099998,3742376.15534414
8238,,66.24,0.0,0.0,3.9143595,0.0,0.0,0.0,0.0,0.0,0.0,0.0,0.0,0.0,Optimal,3567.354144099998,3742376.15534414
8239,,77.67,0.0,0.0,3.9143595,0.0,0.0,0.0,0.0,0.0,0.0,0.0,0.0,0.0,Optimal,3567.354144099998,3742376.15534414
8240,,112.12,0.0,0.0,3.9143595,0.0,0.0,0.0,0.0,0.0,0.0,0.0,0.0,0.0,Optimal,3567.354144099998,3742376.15534414
8241,,121.96,13.394241,0.0,16.772831,0.0,13.394241,13.394241,0.0,0.0,0.0,0.0,0.0,0.0,Optimal,3567.354144099998,3742376.15534414
8242,,122.28,30.0,0.0,45.572831,0.0,30.0,30.0,0.0,0.0,0.0,0.0,0.0,0.0,Optimal,3567.354144099998,3742376.15534414
8243,,123.36,30.0,0.0,74.372831,0.0,30.0,30.0,0.0,0.0,0.0,0.0,0.0,0.0,Optimal,3567.354144099998,3742376.15534414
8244,,120.31,0.0,27.648,45.572831,27.648,0.0,-27.648,0.0,0.0,0.0,0.0,0.0,0.0,Optimal,3567.354144099998,3742376.15534414
8245,,122.46,30.0,0.0,74.372831,0.0,30.0,30.0,0.0,0.0,0.0,0.0,0.0,0.0,Optimal,3567.354144099998,3742376.15534414
8246,,116.2,0.0,30.0,43.122831,30.0,0.0,-30.0,0.0,0.0,0.0,0.0,0.0,0.0,Optimal,3567.354144099998,3742376.15534414
8247,,116.67,30.0,0.0,71.922831,0.0,30.0,30.0,0.0,0.0,0.0,0.0,0.0,0.0,Optimal,3567.354144099998,3742376.15534414
8248,,114.01,0.0,30.0,40.672831,30.0,0.0,-30.0,0.0,0.0,0.0,0.0,0.0,0.0,Optimal,3567.354144099998,3742376.15534414
8249,,115.69,0.0,30.0,9.4228309,30.0,0.0,-30.0,0.0,0.0,0.0,0.0,0.0,0.0,Optimal,3567.354144099998,3742376.15534414
8250,,121.6,30.0,0.0,38.222831,0.0,30.0,30.0,0.0,0.0,0.0,0.0,0.0,0.0,Optimal,3567.354144099998,3742376.15534414
8251,,116.91,0.0,20.592,16.772831,20.592,0.0,-20.592,0.0,0.0,0.0,0.0,0.0,0.0,Optimal,3567.354144099998,3742376.15534414
8252,,125.39,30.0,0.0,45.572831,0.0,30.0,30.0,0.0,0.0,0.0,0.0,0.0,0.0,Optimal,3567.354144099998,3742376.15534414
8253,,113.16,30.0,0.0,74.372831,0.0,30.0,30.0,0.0,0.0,0.0,0.0,0.0,0.0,Optimal,3567.354144099998,3742376.15534414
8254,,101.95,0.0,27.648,45.572831,27.648,0.0,-27.648,0.0,0.0,0.0,0.0,0.0,0.0,Optimal,3567.354144099998,3742376.15534414
8255,,98.48,30.0,0.0,74.372831,0.0,30.0,30.0,0.0,0.0,0.0,0.0,0.0,0.0,Optimal,3567.354144099998,3742376.15534414
8256,,92.39,0.0,0.0,74.372831,0.0,0.0,0.0,0.0,0.0,0.0,0.0,0.0,0.0,Optimal,3567.354144099998,3742376.15534414
8257,,77.27,0.0,30.0,43.122831,30.0,0.0,-30.0,0.0,0.0,0.0,0.0,0.0,0.0,Optimal,3567.354144099998,3742376.15534414
8258,,85.0,26.814092,0.0,68.86436,0.0,26.814092,26.814092,0.0,0.0,0.0,0.0,0.0,0.0,Optimal,3567.354144099998,3742376.15534414
8259,,84.93,0.0,30.0,37.61436,30.0,0.0,-30.0,0.0,0.0,0.0,0.0,0.0,0.0,Optimal,3567.354144099998,3742376.15534414
8260,,83.7,0.0,30.0,6.3643595,30.0,0.0,-30.0,0.0,0.0,0.0,0.0,0.0,0.0,Optimal,3567.354144099998,3742376.15534414
8261,,87.21,30.0,0.0,35.16436,0.0,30.0,30.0,0.0,0.0,0.0,0.0,0.0,0.0,Optimal,3567.354144099998,3742376.15534414
8262,,87.69,0.0,30.0,3.9143595,30.0,0.0,-30.0,0.0,0.0,0.0,0.0,0.0,0.0,Optimal,3567.354144099998,3742376.15534414
8263,,100.0,0.0,0.0,3.9143595,0.0,0.0,0.0,0.0,0.0,0.0,0.0,0.0,0.0,Optimal,3567.354144099998,3742376.15534414
8264,,112.79,0.0,0.0,3.9143595,0.0,0.0,0.0,0.0,0.0,0.0,0.0,0.0,0.0,Optimal,3567.354144099998,3742376.15534414
8265,,134.23,0.0,0.0,3.9143595,0.0,0.0,0.0,0.0,0.0,0.0,0.0,0.0,0.0,Optimal,3567.354144099998,3742376.15534414
8266,,157.73,30.0,0.0,32.71436,0.0,30.0,30.0,0.0,0.0,0.0,0.0,0.0,0.0,Optimal,3567.354144099998,3742376.15534414
8267,,153.13,0.0,25.296,6.3643595,25.296,0.0,-25.296,0.0,0.0,0.0,0.0,0.0,0.0,Optimal,3567.354144099998,3742376.15534414
8268,,163.0,30.0,0.0,35.16436,0.0,30.0,30.0,0.0,0.0,0.0,0.0,0.0,0.0,Optimal,3567.354144099998,3742376.15534414
8269,,135.22,0.0,30.0,3.9143595,30.0,0.0,-30.0,0.0,0.0,0.0,0.0,0.0,0.0,Optimal,3567.354144099998,3742376.15534414
8270,,169.15,30.0,0.0,32.71436,0.0,30.0,30.0,0.0,0.0,0.0,0.0,0.0,0.0,Optimal,3567.354144099998,3742376.15534414
8271,,169.48,0.0,27.648,3.9143595,27.648,0.0,-27.648,0.0,0.0,0.0,0.0,0.0,0.0,Optimal,3567.354144099998,3742376.15534414
8272,,176.6,15.946324,0.0,19.222831,0.0,15.946324,15.946324,0.0,0.0,0.0,0.0,0.0,0.0,Optimal,3567.354144099998,3742376.15534414
8273,,179.97,30.0,0.0,48.022831,0.0,30.0,30.0,0.0,0.0,0.0,0.0,0.0,0.0,Optimal,3567.354144099998,3742376.15534414
8274,,159.9,0.0,30.0,16.772831,30.0,0.0,-30.0,0.0,0.0,0.0,0.0,0.0,0.0,Optimal,3567.354144099998,3742376.15534414
8275,,181.0,30.0,0.0,45.572831,0.0,30.0,30.0,0.0,0.0,0.0,0.0,0.0,0.0,Optimal,3567.354144099998,3742376.15534414
8276,,176.65,30.0,0.0,74.372831,0.0,30.0,30.0,0.0,0.0,0.0,0.0,0.0,0.0,Optimal,3567.354144099998,3742376.15534414
8277,,151.98,0.0,0.0,74.372831,0.0,0.0,0.0,0.0,0.0,0.0,0.0,0.0,0.0,Optimal,3567.354144099998,3742376.15534414
8278,,120.0,0.0,0.0,74.372831,0.0,0.0,0.0,0.0,0.0,0.0,0.0,0.0,0.0,Optimal,3567.354144099998,3742376.15534414
8279,,107.2,0.0,27.648,45.572831,27.648,0.0,-27.648,0.0,0.0,0.0,0.0,0.0,0.0,Optimal,3567.354144099998,3742376.15534414
8280,,121.37,30.0,0.0,74.372831,0.0,30.0,30.0,0.0,0.0,0.0,0.0,0.0,0.0,Optimal,3567.354144099998,3742376.15534414
8281,,100.0,0.0,30.0,43.122831,30.0,0.0,-30.0,0.0,0.0,0.0,0.0,0.0,0.0,Optimal,3567.354144099998,3742376.15534414
8282,,101.85,30.0,0.0,71.922831,0.0,30.0,30.0,0.0,0.0,0.0,0.0,0.0,0.0,Optimal,3567.354144099998,3742376.15534414
8283,,96.54,0.0,30.0,40.672831,30.0,0.0,-30.0,0.0,0.0,0.0,0.0,0.0,0.0,Optimal,3567.354144099998,3742376.15534414
8284,,97.1,30.0,0.0,69.472831,0.0,30.0,30.0,0.0,0.0,0.0,0.0,0.0,0.0,Optimal,3567.354144099998,3742376.15534414
8285,,96.51,0.0,30.0,38.222831,30.0,0.0,-30.0,0.0,0.0,0.0,0.0,0.0,0.0,Optimal,3567.354144099998,3742376.15534414
8286,,97.1,0.0,30.0,6.9728309,30.0,0.0,-30.0,0.0,0.0,0.0,0.0,0.0,0.0,Optimal,3567.354144099998,3742376.15534414
8287,,100.1,0.0,2.9361325,3.9143595,2.9361325,0.0,-2.9361325,0.0,0.0,0.0,0.0,0.0,0.0,Optimal,3567.354144099998,3742376.15534414
8288,,120.0,0.0,0.0,3.9143595,0.0,0.0,0.0,0.0,0.0,0.0,0.0,0.0,0.0,Optimal,3567.354144099998,3742376.15534414
8289,,247.67,0.0,0.0,3.9143595,0.0,0.0,0.0,0.0,0.0,0.0,0.0,0.0,0.0,Optimal,3567.354144099998,3742376.15534414
8290,,300.1,5.1041667,0.0,8.8143595,0.0,5.1041667,5.1041667,0.0,0.0,0.0,0.0,0.0,0.0,Optimal,3567.354144099998,3742376.15534414
8291,,322.15,30.0,0.0,37.61436,0.0,30.0,30.0,0.0,0.0,0.0,0.0,0.0,0.0,Optimal,3567.354144099998,3742376.15534414
8292,,319.32,30.0,0.0,66.41436,0.0,30.0,30.0,0.0,0.0,0.0,0.0,0.0,0.0,Optimal,3567.354144099998,3742376.15534414
8293,,311.87,0.0,30.0,35.16436,30.0,0.0,-30.0,0.0,0.0,0.0,0.0,0.0,0.0,Optimal,3567.354144099998,3742376.15534414
8294,,319.45,0.0,30.0,3.9143595,30.0,0.0,-30.0,0.0,0.0,0.0,0.0,0.0,0.0,Optimal,3567.354144099998,3742376.15534414
8295,,342.13,30.0,0.0,32.71436,0.0,30.0,30.0,0.0,0.0,0.0,0.0,0.0,0.0,Optimal,3567.354144099998,3742376.15534414
8296,,355.39,0.0,27.648,3.9143595,27.648,0.0,-27.648,0.0,0.0,0.0,0.0,0.0,0.0,Optimal,3567.354144099998,3742376.15534414
8297,,411.94,30.0,0.0,32.71436,0.0,30.0,30.0,0.0,0.0,0.0,0.0,0.0,0.0,Optimal,3567.354144099998,3742376.15534414
8298,,423.13,30.0,0.0,61.51436,0.0,30.0,30.0,0.0,0.0,0.0,0.0,0.0,0.0,Optimal,3567.354144099998,3742376.15534414
8299,,349.31,13.394241,0.0,74.372831,0.0,13.394241,13.394241,0.0,0.0,0.0,0.0,0.0,0.0,Optimal,3567.354144099998,3742376.15534414
8300,,298.32,0.0,0.0,74.372831,0.0,0.0,0.0,0.0,0.0,0.0,0.0,0.0,0.0,Optimal,3567.354144099998,3742376.15534414
8301,,193.13,0.0,0.0,74.372831,0.0,0.0,0.0,0.0,0.0,0.0,0.0,0.0,0.0,Optimal,3567.354144099998,3742376.15534414
8302,,154.68,0.0,27.648,45.572831,27.648,0.0,-27.648,0.0,0.0,0.0,0.0,0.0,0.0,Optimal,3567.354144099998,3742376.15534414
8303,,150.0,30.0,0.0,74.372831,0.0,30.0,30.0,0.0,0.0,0.0,0.0,0.0,0.0,Optimal,3567.354144099998,3742376.15534414
8304,,135.96,0.0,0.0,74.372831,0.0,0.0,0.0,0.0,0.0,0.0,0.0,0.0,0.0,Optimal,3567.354144099998,3742376.15534414
8305,,122.24,0.0,27.648,45.572831,27.648,0.0,-27.648,0.0,0.0,0.0,0.0,0.0,0.0,Optimal,3567.354144099998,3742376.15534414
8306,,115.3,30.0,0.0,74.372831,0.0,30.0,30.0,0.0,0.0,0.0,0.0,0.0,0.0,Optimal,3567.354144099998,3742376.15534414
8307,,109.96,0.0,30.0,43.122831,30.0,0.0,-30.0,0.0,0.0,0.0,0.0,0.0,0.0,Optimal,3567.354144099998,3742376.15534414
8308,,107.35,0.0,30.0,11.872831,30.0,0.0,-30.0,0.0,0.0,0.0,0.0,0.0,0.0,Optimal,3567.354144099998,3742376.15534414
8309,,112.51,0.0,7.6401325,3.9143595,7.6401325,0.0,-7.6401325,0.0,0.0,0.0,0.0,0.0,0.0,Optimal,3567.354144099998,3742376.15534414
8310,,123.37,0.0,0.0,3.9143595,0.0,0.0,0.0,0.0,0.0,0.0,0.0,0.0,0.0,Optimal,3567.354144099998,3742376.15534414
8311,,163.98,0.0,0.0,3.9143595,0.0,0.0,0.0,0.0,0.0,0.0,0.0,0.0,0.0,Optimal,3567.354144099998,3742376.15534414
8312,,232.97,0.0,0.0,3.9143595,0.0,0.0,0.0,0.0,0.0,0.0,0.0,0.0,0.0,Optimal,3567.354144099998,3742376.15534414
8313,,519.9,30.0,0.0,32.71436,0.0,30.0,30.0,0.0,0.0,0.0,0.0,0.0,0.0,Optimal,3567.354144099998,3742376.15534414
8314,,581.48,30.0,0.0,61.51436,0.0,30.0,30.0,0.0,0.0,0.0,0.0,0.0,0.0,Optimal,3567.354144099998,3742376.15534414
8315,,500.0,13.394241,0.0,74.372831,0.0,13.394241,13.394241,0.0,0.0,0.0,0.0,0.0,0.0,Optimal,3567.354144099998,3742376.15534414
8316,,433.69,0.0,7.6401325,66.41436,7.6401325,0.0,-7.6401325,0.0,0.0,0.0,0.0,0.0,0.0,Optimal,3567.354144099998,3742376.15534414
8317,,381.12,0.0,30.0,35.16436,30.0,0.0,-30.0,0.0,0.0,0.0,0.0,0.0,0.0,Optimal,3567.354144099998,3742376.15534414
8318,,400.1,0.0,30.0,3.9143595,30.0,0.0,-30.0,0.0,0.0,0.0,0.0,0.0,0.0,Optimal,3567.354144099998,3742376.15534414
8319,,466.19,0.0,0.0,3.9143595,0.0,0.0,0.0,0.0,0.0,0.0,0.0,0.0,0.0,Optimal,3567.354144099998,3742376.15534414
8320,,637.86,13.394241,0.0,16.772831,0.0,13.394241,13.394241,0.0,0.0,0.0,0.0,0.0,0.0,Optimal,3567.354144099998,3742376.15534414
8321,,767.67,30.0,0.0,45.572831,0.0,30.0,30.0,0.0,0.0,0.0,0.0,0.0,0.0,Optimal,3567.354144099998,3742376.15534414
8322,,872.96,30.0,0.0,74.372831,0.0,30.0,30.0,0.0,0.0,0.0,0.0,0.0,0.0,Optimal,3567.354144099998,3742376.15534414
8323,,628.27,0.0,0.0,74.372831,0.0,0.0,0.0,0.0,0.0,0.0,0.0,0.0,0.0,Optimal,3567.354144099998,3742376.15534414
8324,,517.5,0.0,0.0,74.372831,0.0,0.0,0.0,0.0,0.0,0.0,0.0,0.0,0.0,Optimal,3567.354144099998,3742376.15534414
8325,,285.37,0.0,0.0,74.372831,0.0,0.0,0.0,0.0,0.0,0.0,0.0,0.0,0.0,Optimal,3567.354144099998,3742376.15534414
8326,,169.4,0.0,0.0,74.372831,0.0,0.0,0.0,0.0,0.0,0.0,0.0,0.0,0.0,Optimal,3567.354144099998,3742376.15534414
8327,,150.0,0.0,0.0,74.372831,0.0,0.0,0.0,0.0,0.0,0.0,0.0,0.0,0.0,Optimal,3567.354144099998,3742376.15534414
8328,,134.75,0.0,27.648,45.572831,27.648,0.0,-27.648,0.0,0.0,0.0,0.0,0.0,0.0,Optimal,3567.354144099998,3742376.15534414
8329,,130.07,30.0,0.0,74.372831,0.0,30.0,30.0,0.0,0.0,0.0,0.0,0.0,0.0,Optimal,3567.354144099998,3742376.15534414
8330,,122.9,0.0,27.648,45.572831,27.648,0.0,-27.648,0.0,0.0,0.0,0.0,0.0,0.0,Optimal,3567.354144099998,3742376.15534414
8331,,118.97,30.0,0.0,74.372831,0.0,30.0,30.0,0.0,0.0,0.0,0.0,0.0,0.0,Optimal,3567.354144099998,3742376.15534414
8332,,114.95,0.0,30.0,43.122831,30.0,0.0,-30.0,0.0,0.0,0.0,0.0,0.0,0.0,Optimal,3567.354144099998,3742376.15534414
8333,,115.64,0.0,30.0,11.872831,30.0,0.0,-30.0,0.0,0.0,0.0,0.0,0.0,0.0,Optimal,3567.354144099998,3742376.15534414
8334,,119.9,0.0,7.6401325,3.9143595,7.6401325,0.0,-7.6401325,0.0,0.0,0.0,0.0,0.0,0.0,Optimal,3567.354144099998,3742376.15534414
8335,,150.1,0.0,0.0,3.9143595,0.0,0.0,0.0,0.0,0.0,0.0,0.0,0.0,0.0,Optimal,3567.354144099998,3742376.15534414
8336,,187.48,0.0,0.0,3.9143595,0.0,0.0,0.0,0.0,0.0,0.0,0.0,0.0,0.0,Optimal,3567.354144099998,3742376.15534414
8337,,253.0,30.0,0.0,32.71436,0.0,30.0,30.0,0.0,0.0,0.0,0.0,0.0,0.0,Optimal,3567.354144099998,3742376.15534414
8338,,245.74,30.0,0.0,61.51436,0.0,30.0,30.0,0.0,0.0,0.0,0.0,0.0,0.0,Optimal,3567.354144099998,3742376.15534414
8339,,208.42,13.394241,0.0,74.372831,0.0,13.394241,13.394241,0.0,0.0,0.0,0.0,0.0,0.0,Optimal,3567.354144099998,3742376.15534414
8340,,174.27,0.0,7.6401325,66.41436,7.6401325,0.0,-7.6401325,0.0,0.0,0.0,0.0,0.0,0.0,Optimal,3567.354144099998,3742376.15534414
8341,,165.97,0.0,30.0,35.16436,30.0,0.0,-30.0,0.0,0.0,0.0,0.0,0.0,0.0,Optimal,3567.354144099998,3742376.15534414
8342,,165.0,0.0,30.0,3.9143595,30.0,0.0,-30.0,0.0,0.0,0.0,0.0,0.0,0.0,Optimal,3567.354144099998,3742376.15534414
8343,,184.5,0.0,0.0,3.9143595,0.0,0.0,0.0,0.0,0.0,0.0,0.0,0.0,0.0,Optimal,3567.354144099998,3742376.15534414
8344,,219.84,0.0,0.0,3.9143595,0.0,0.0,0.0,0.0,0.0,0.0,0.0,0.0,0.0,Optimal,3567.354144099998,3742376.15534414
8345,,249.29,13.394241,0.0,16.772831,0.0,13.394241,13.394241,0.0,0.0,0.0,0.0,0.0,0.0,Optimal,3567.354144099998,3742376.15534414
8346,,284.21,30.0,0.0,45.572831,0.0,30.0,30.0,0.0,0.0,0.0,0.0,0.0,0.0,Optimal,3567.354144099998,3742376.15534414
8347,,260.0,30.0,0.0,74.372831,0.0,30.0,30.0,0.0,0.0,0.0,0.0,0.0,0.0,Optimal,3567.354144099998,3742376.15534414
8348,,225.6,0.0,0.0,74.372831,0.0,0.0,0.0,0.0,0.0,0.0,0.0,0.0,0.0,Optimal,3567.354144099998,3742376.15534414
8349,,175.0,0.0,0.0,74.372831,0.0,0.0,0.0,0.0,0.0,0.0,0.0,0.0,0.0,Optimal,3567.354144099998,3742376.15534414
8350,,146.22,0.0,27.648,45.572831,27.648,0.0,-27.648,0.0,0.0,0.0,0.0,0.0,0.0,Optimal,3567.354144099998,3742376.15534414
8351,,135.09,30.0,0.0,74.372831,0.0,30.0,30.0,0.0,0.0,0.0,0.0,0.0,0.0,Optimal,3567.354144099998,3742376.15534414
8352,,116.52,0.0,27.648,45.572831,27.648,0.0,-27.648,0.0,0.0,0.0,0.0,0.0,0.0,Optimal,3567.354144099998,3742376.15534414
8353,,116.94,30.0,0.0,74.372831,0.0,30.0,30.0,0.0,0.0,0.0,0.0,0.0,0.0,Optimal,3567.354144099998,3742376.15534414
8354,,111.36,0.0,27.648,45.572831,27.648,0.0,-27.648,0.0,0.0,0.0,0.0,0.0,0.0,Optimal,3567.354144099998,3742376.15534414
8355,,108.04,30.0,0.0,74.372831,0.0,30.0,30.0,0.0,0.0,0.0,0.0,0.0,0.0,Optimal,3567.354144099998,3742376.15534414
8356,,99.02,0.0,0.0,74.372831,0.0,0.0,0.0,0.0,0.0,0.0,0.0,0.0,0.0,Optimal,3567.354144099998,3742376.15534414
8357,,93.44,0.0,7.6401325,66.41436,7.6401325,0.0,-7.6401325,0.0,0.0,0.0,0.0,0.0,0.0,Optimal,3567.354144099998,3742376.15534414
8358,,91.55,0.0,30.0,35.16436,30.0,0.0,-30.0,0.0,0.0,0.0,0.0,0.0,0.0,Optimal,3567.354144099998,3742376.15534414
8359,,92.72,0.0,30.0,3.9143595,30.0,0.0,-30.0,0.0,0.0,0.0,0.0,0.0,0.0,Optimal,3567.354144099998,3742376.15534414
8360,,102.11,0.0,0.0,3.9143595,0.0,0.0,0.0,0.0,0.0,0.0,0.0,0.0,0.0,Optimal,3567.354144099998,3742376.15534414
8361,,113.96,13.394241,0.0,16.772831,0.0,13.394241,13.394241,0.0,0.0,0.0,0.0,0.0,0.0,Optimal,3567.354144099998,3742376.15534414
8362,,125.1,30.0,0.0,45.572831,0.0,30.0,30.0,0.0,0.0,0.0,0.0,0.0,0.0,Optimal,3567.354144099998,3742376.15534414
8363,,121.12,30.0,0.0,74.372831,0.0,30.0,30.0,0.0,0.0,0.0,0.0,0.0,0.0,Optimal,3567.354144099998,3742376.15534414
8364,,108.21,0.0,5.2881325,68.86436,5.2881325,0.0,-5.2881325,0.0,0.0,0.0,0.0,0.0,0.0,Optimal,3567.354144099998,3742376.15534414
8365,,103.2,0.0,30.0,37.61436,30.0,0.0,-30.0,0.0,0.0,0.0,0.0,0.0,0.0,Optimal,3567.354144099998,3742376.15534414
8366,,102.96,30.0,0.0,66.41436,0.0,30.0,30.0,0.0,0.0,0.0,0.0,0.0,0.0,Optimal,3567.354144099998,3742376.15534414
8367,,96.63,0.0,30.0,35.16436,30.0,0.0,-30.0,0.0,0.0,0.0,0.0,0.0,0.0,Optimal,3567.354144099998,3742376.15534414
8368,,100.1,0.0,30.0,3.9143595,30.0,0.0,-30.0,0.0,0.0,0.0,0.0,0.0,0.0,Optimal,3567.354144099998,3742376.15534414
8369,,105.67,13.394241,0.0,16.772831,0.0,13.394241,13.394241,0.0,0.0,0.0,0.0,0.0,0.0,Optimal,3567.354144099998,3742376.15534414
8370,,120.0,30.0,0.0,45.572831,0.0,30.0,30.0,0.0,0.0,0.0,0.0,0.0,0.0,Optimal,3567.354144099998,3742376.15534414
8371,,113.37,30.0,0.0,74.372831,0.0,30.0,30.0,0.0,0.0,0.0,0.0,0.0,0.0,Optimal,3567.354144099998,3742376.15534414
8372,,90.1,0.0,30.0,43.122831,30.0,0.0,-30.0,0.0,0.0,0.0,0.0,0.0,0.0,Optimal,3567.354144099998,3742376.15534414
8373,,93.2,30.0,0.0,71.922831,0.0,30.0,30.0,0.0,0.0,0.0,0.0,0.0,0.0,Optimal,3567.354144099998,3742376.15534414
8374,,89.62,2.5520833,0.0,74.372831,0.0,2.5520833,2.5520833,0.0,0.0,0.0,0.0,0.0,0.0,Optimal,3567.354144099998,3742376.15534414
8375,,81.88,0.0,30.0,43.122831,30.0,0.0,-30.0,0.0,0.0,0.0,0.0,0.0,0.0,Optimal,3567.354144099998,3742376.15534414
8376,,80.2,0.0,30.0,11.872831,30.0,0.0,-30.0,0.0,0.0,0.0,0.0,0.0,0.0,Optimal,3567.354144099998,3742376.15534414
8377,,95.0,30.0,0.0,40.672831,0.0,30.0,30.0,0.0,0.0,0.0,0.0,0.0,0.0,Optimal,3567.354144099998,3742376.15534414
8378,,87.3,30.0,0.0,69.472831,0.0,30.0,30.0,0.0,0.0,0.0,0.0,0.0,0.0,Optimal,3567.354144099998,3742376.15534414
8379,,78.16,5.1041667,0.0,74.372831,0.0,5.1041667,5.1041667,0.0,0.0,0.0,0.0,0.0,0.0,Optimal,3567.354144099998,3742376.15534414
8380,,71.0,0.0,0.0,74.372831,0.0,0.0,0.0,0.0,0.0,0.0,0.0,0.0,0.0,Optimal,3567.354144099998,3742376.15534414
8381,,55.88,0.0,0.0,74.372831,0.0,0.0,0.0,0.0,0.0,0.0,0.0,0.0,0.0,Optimal,3567.354144099998,3742376.15534414
8382,,53.69,0.0,30.0,43.122831,30.0,0.0,-30.0,0.0,0.0,0.0,0.0,0.0,0.0,Optimal,3567.354144099998,3742376.15534414
8383,,46.81,0.0,30.0,11.872831,30.0,0.0,-30.0,0.0,0.0,0.0,0.0,0.0,0.0,Optimal,3567.354144099998,3742376.15534414
8384,,55.33,0.0,7.6401325,3.9143595,7.6401325,0.0,-7.6401325,0.0,0.0,0.0,0.0,0.0,0.0,Optimal,3567.354144099998,3742376.15534414
8385,,66.21,5.1041667,0.0,8.8143595,0.0,5.1041667,5.1041667,0.0,0.0,0.0,0.0,0.0,0.0,Optimal,3567.354144099998,3742376.15534414
8386,,70.65,30.0,0.0,37.61436,0.0,30.0,30.0,0.0,0.0,0.0,0.0,0.0,0.0,Optimal,3567.354144099998,3742376.15534414
8387,,70.1,30.0,0.0,66.41436,0.0,30.0,30.0,0.0,0.0,0.0,0.0,0.0,0.0,Optimal,3567.354144099998,3742376.15534414
8388,,64.98,0.0,30.0,35.16436,30.0,0.0,-30.0,0.0,0.0,0.0,0.0,0.0,0.0,Optimal,3567.354144099998,3742376.15534414
8389,,70.31,0.0,30.0,3.9143595,30.0,0.0,-30.0,0.0,0.0,0.0,0.0,0.0,0.0,Optimal,3567.354144099998,3742376.15534414
8390,,80.1,30.0,0.0,32.71436,0.0,30.0,30.0,0.0,0.0,0.0,0.0,0.0,0.0,Optimal,3567.354144099998,3742376.15534414
8391,,80.22,0.0,12.951867,19.222831,12.951867,0.0,-12.951867,0.0,0.0,0.0,0.0,0.0,0.0,Optimal,3567.354144099998,3742376.15534414
8392,,83.0,30.0,0.0,48.022831,0.0,30.0,30.0,0.0,0.0,0.0,0.0,0.0,0.0,Optimal,3567.354144099998,3742376.15534414
8393,,80.1,0.0,30.0,16.772831,30.0,0.0,-30.0,0.0,0.0,0.0,0.0,0.0,0.0,Optimal,3567.354144099998,3742376.15534414
8394,,90.17,30.0,0.0,45.572831,0.0,30.0,30.0,0.0,0.0,0.0,0.0,0.0,0.0,Optimal,3567.354144099998,3742376.15534414
8395,,80.0,30.0,0.0,74.372831,0.0,30.0,30.0,0.0,0.0,0.0,0.0,0.0,0.0,Optimal,3567.354144099998,3742376.15534414
8396,,73.0,0.0,27.648,45.572831,27.648,0.0,-27.648,0.0,0.0,0.0,0.0,0.0,0.0,Optimal,3567.354144099998,3742376.15534414
8397,,77.92,30.0,0.0,74.372831,0.0,30.0,30.0,0.0,0.0,0.0,0.0,0.0,0.0,Optimal,3567.354144099998,3742376.15534414
8398,,40.52,0.0,0.0,74.372831,0.0,0.0,0.0,0.0,0.0,0.0,0.0,0.0,0.0,Optimal,3567.354144099998,3742376.15534414
8399,,10.86,0.0,0.0,74.372831,0.0,0.0,0.0,0.0,0.0,0.0,0.0,0.0,0.0,Optimal,3567.354144099998,3742376.15534414
8400,,2.29,0.0,0.0,74.372831,0.0,0.0,0.0,0.0,0.0,0.0,0.0,0.0,0.0,Optimal,3567.354144099998,3742376.15534414
8401,,0.09,0.0,30.0,43.122831,30.0,0.0,-30.0,0.0,0.0,0.0,0.0,0.0,0.0,Optimal,3567.354144099998,3742376.15534414
8402,,0.1,24.262009,0.0,66.41436,0.0,24.262009,24.262009,0.0,0.0,0.0,0.0,0.0,0.0,Optimal,3567.354144099998,3742376.15534414
8403,,0.05,0.0,30.0,35.16436,30.0,0.0,-30.0,0.0,0.0,0.0,0.0,0.0,0.0,Optimal,3567.354144099998,3742376.15534414
8404,,0.0,0.0,30.0,3.9143595,30.0,0.0,-30.0,0.0,0.0,0.0,0.0,0.0,0.0,Optimal,3567.354144099998,3742376.15534414
8405,,0.46,0.0,0.0,3.9143595,0.0,0.0,0.0,0.0,0.0,0.0,0.0,0.0,0.0,Optimal,3567.354144099998,3742376.15534414
8406,,1.38,0.0,0.0,3.9143595,0.0,0.0,0.0,0.0,0.0,0.0,0.0,0.0,0.0,Optimal,3567.354144099998,3742376.15534414
8407,,7.73,0.0,0.0,3.9143595,0.0,0.0,0.0,0.0,0.0,0.0,0.0,0.0,0.0,Optimal,3567.354144099998,3742376.15534414
8408,,50.0,0.0,0.0,3.9143595,0.0,0.0,0.0,0.0,0.0,0.0,0.0,0.0,0.0,Optimal,3567.354144099998,3742376.15534414
8409,,107.9,30.0,0.0,32.71436,0.0,30.0,30.0,0.0,0.0,0.0,0.0,0.0,0.0,Optimal,3567.354144099998,3742376.15534414
8410,,109.0,30.0,0.0,61.51436,0.0,30.0,30.0,0.0,0.0,0.0,0.0,0.0,0.0,Optimal,3567.354144099998,3742376.15534414
8411,,100.1,0.0,15.303867,45.572831,15.303867,0.0,-15.303867,0.0,0.0,0.0,0.0,0.0,0.0,Optimal,3567.354144099998,3742376.15534414
8412,,97.58,30.0,0.0,74.372831,0.0,30.0,30.0,0.0,0.0,0.0,0.0,0.0,0.0,Optimal,3567.354144099998,3742376.15534414
8413,,93.09,0.0,7.6401325,66.41436,7.6401325,0.0,-7.6401325,0.0,0.0,0.0,0.0,0.0,0.0,Optimal,3567.354144099998,3742376.15534414
8414,,81.7,0.0,30.0,35.16436,30.0,0.0,-30.0,0.0,0.0,0.0,0.0,0.0,0.0,Optimal,3567.354144099998,3742376.15534414
8415,,80.1,0.0,30.0,3.9143595,30.0,0.0,-30.0,0.0,0.0,0.0,0.0,0.0,0.0,Optimal,3567.354144099998,3742376.15534414
8416,,95.95,13.394241,0.0,16.772831,0.0,13.394241,13.394241,0.0,0.0,0.0,0.0,0.0,0.0,Optimal,3567.354144099998,3742376.15534414
8417,,101.11,30.0,0.0,45.572831,0.0,30.0,30.0,0.0,0.0,0.0,0.0,0.0,0.0,Optimal,3567.354144099998,3742376.15534414
8418,,115.14,30.0,0.0,74.372831,0.0,30.0,30.0,0.0,0.0,0.0,0.0,0.0,0.0,Optimal,3567.354144099998,3742376.15534414
8419,,89.9,0.0,0.0,74.372831,0.0,0.0,0.0,0.0,0.0,0.0,0.0,0.0,0.0,Optimal,3567.354144099998,3742376.15534414
8420,,75.0,0.0,30.0,43.122831,30.0,0.0,-30.0,0.0,0.0,0.0,0.0,0.0,0.0,Optimal,3567.354144099998,3742376.15534414
8421,,77.99,30.0,0.0,71.922831,0.0,30.0,30.0,0.0,0.0,0.0,0.0,0.0,0.0,Optimal,3567.354144099998,3742376.15534414
8422,,70.1,2.5520833,0.0,74.372831,0.0,2.5520833,2.5520833,0.0,0.0,0.0,0.0,0.0,0.0,Optimal,3567.354144099998,3742376.15534414
8423,,57.0,0.0,0.0,74.372831,0.0,0.0,0.0,0.0,0.0,0.0,0.0,0.0,0.0,Optimal,3567.354144099998,3742376.15534414
8424,,17.61,0.0,30.0,43.122831,30.0,0.0,-30.0,0.0,0.0,0.0,0.0,0.0,0.0,Optimal,3567.354144099998,3742376.15534414
8425,,40.55,30.0,0.0,71.922831,0.0,30.0,30.0,0.0,0.0,0.0,0.0,0.0,0.0,Optimal,3567.354144099998,3742376.15534414
8426,,22.75,0.0,30.0,40.672831,30.0,0.0,-30.0,0.0,0.0,0.0,0.0,0.0,0.0,Optimal,3567.354144099998,3742376.15534414
8427,,19.75,0.0,30.0,9.4228309,30.0,0.0,-30.0,0.0,0.0,0.0,0.0,0.0,0.0,Optimal,3567.354144099998,3742376.15534414
8428,,25.72,0.0,5.2881325,3.9143595,5.2881325,0.0,-5.2881325,0.0,0.0,0.0,0.0,0.0,0.0,Optimal,3567.354144099998,3742376.15534414
8429,,66.9,30.0,0.0,32.71436,0.0,30.0,30.0,0.0,0.0,0.0,0.0,0.0,0.0,Optimal,3567.354144099998,3742376.15534414
8430,,66.9,0.0,27.648,3.9143595,27.648,0.0,-27.648,0.0,0.0,0.0,0.0,0.0,0.0,Optimal,3567.354144099998,3742376.15534414
8431,,104.95,30.0,0.0,32.71436,0.0,30.0,30.0,0.0,0.0,0.0,0.0,0.0,0.0,Optimal,3567.354144099998,3742376.15534414
8432,,105.68,0.0,27.648,3.9143595,27.648,0.0,-27.648,0.0,0.0,0.0,0.0,0.0,0.0,Optimal,3567.354144099998,3742376.15534414
8433,,116.18,30.0,0.0,32.71436,0.0,30.0,30.0,0.0,0.0,0.0,0.0,0.0,0.0,Optimal,3567.354144099998,3742376.15534414
8434,,111.34,30.0,0.0,61.51436,0.0,30.0,30.0,0.0,0.0,0.0,0.0,0.0,0.0,Optimal,3567.354144099998,3742376.15534414
8435,,108.0,13.394241,0.0,74.372831,0.0,13.394241,13.394241,0.0,0.0,0.0,0.0,0.0,0.0,Optimal,3567.354144099998,3742376.15534414
8436,,102.4,0.0,30.0,43.122831,30.0,0.0,-30.0,0.0,0.0,0.0,0.0,0.0,0.0,Optimal,3567.354144099998,3742376.15534414
8437,,102.73,0.0,30.0,11.872831,30.0,0.0,-30.0,0.0,0.0,0.0,0.0,0.0,0.0,Optimal,3567.354144099998,3742376.15534414
8438,,106.21,24.262009,0.0,35.16436,0.0,24.262009,24.262009,0.0,0.0,0.0,0.0,0.0,0.0,Optimal,3567.354144099998,3742376.15534414
8439,,109.59,0.0,30.0,3.9143595,30.0,0.0,-30.0,0.0,0.0,0.0,0.0,0.0,0.0,Optimal,3567.354144099998,3742376.15534414
8440,,116.07,30.0,0.0,32.71436,0.0,30.0,30.0,0.0,0.0,0.0,0.0,0.0,0.0,Optimal,3567.354144099998,3742376.15534414
8441,,116.99,0.0,27.648,3.9143595,27.648,0.0,-27.648,0.0,0.0,0.0,0.0,0.0,0.0,Optimal,3567.354144099998,3742376.15534414
8442,,127.33,30.0,0.0,32.71436,0.0,30.0,30.0,0.0,0.0,0.0,0.0,0.0,0.0,Optimal,3567.354144099998,3742376.15534414
8443,,122.07,30.0,0.0,61.51436,0.0,30.0,30.0,0.0,0.0,0.0,0.0,0.0,0.0,Optimal,3567.354144099998,3742376.15534414
8444,,108.1,13.394241,0.0,74.372831,0.0,13.394241,13.394241,0.0,0.0,0.0,0.0,0.0,0.0,Optimal,3567.354144099998,3742376.15534414
8445,,99.21,0.0,30.0,43.122831,30.0,0.0,-30.0,0.0,0.0,0.0,0.0,0.0,0.0,Optimal,3567.354144099998,3742376.15534414
8446,,95.84,30.0,0.0,71.922831,0.0,30.0,30.0,0.0,0.0,0.0,0.0,0.0,0.0,Optimal,3567.354144099998,3742376.15534414
8447,,92.31,2.5520833,0.0,74.372831,0.0,2.5520833,2.5520833,0.0,0.0,0.0,0.0,0.0,0.0,Optimal,3567.354144099998,3742376.15534414
8448,,71.2,0.0,27.648,45.572831,27.648,0.0,-27.648,0.0,0.0,0.0,0.0,0.0,0.0,Optimal,3567.354144099998,3742376.15534414
8449,,68.71,30.0,0.0,74.372831,0.0,30.0,30.0,0.0,0.0,0.0,0.0,0.0,0.0,Optimal,3567.354144099998,3742376.15534414
8450,,52.12,0.0,0.0,74.372831,0.0,0.0,0.0,0.0,0.0,0.0,0.0,0.0,0.0,Optimal,3567.354144099998,3742376.15534414
8451,,45.7,0.0,0.0,74.372831,0.0,0.0,0.0,0.0,0.0,0.0,0.0,0.0,0.0,Optimal,3567.354144099998,3742376.15534414
8452,,40.0,0.0,7.6401325,66.41436,7.6401325,0.0,-7.6401325,0.0,0.0,0.0,0.0,0.0,0.0,Optimal,3567.354144099998,3742376.15534414
8453,,26.22,0.0,30.0,35.16436,30.0,0.0,-30.0,0.0,0.0,0.0,0.0,0.0,0.0,Optimal,3567.354144099998,3742376.15534414
8454,,32.67,0.0,30.0,3.9143595,30.0,0.0,-30.0,0.0,0.0,0.0,0.0,0.0,0.0,Optimal,3567.354144099998,3742376.15534414
8455,,45.94,0.0,0.0,3.9143595,0.0,0.0,0.0,0.0,0.0,0.0,0.0,0.0,0.0,Optimal,3567.354144099998,3742376.15534414
8456,,57.34,0.0,0.0,3.9143595,0.0,0.0,0.0,0.0,0.0,0.0,0.0,0.0,0.0,Optimal,3567.354144099998,3742376.15534414
8457,,77.58,30.0,0.0,32.71436,0.0,30.0,30.0,0.0,0.0,0.0,0.0,0.0,0.0,Optimal,3567.354144099998,3742376.15534414
8458,,76.69,30.0,0.0,61.51436,0.0,30.0,30.0,0.0,0.0,0.0,0.0,0.0,0.0,Optimal,3567.354144099998,3742376.15534414
8459,,68.62,7.65625,0.0,68.86436,0.0,7.65625,7.65625,0.0,0.0,0.0,0.0,0.0,0.0,Optimal,3567.354144099998,3742376.15534414
8460,,67.12,0.0,30.0,37.61436,30.0,0.0,-30.0,0.0,0.0,0.0,0.0,0.0,0.0,Optimal,3567.354144099998,3742376.15534414
8461,,70.48,30.0,0.0,66.41436,0.0,30.0,30.0,0.0,0.0,0.0,0.0,0.0,0.0,Optimal,3567.354144099998,3742376.15534414
8462,,70.0,0.0,30.0,35.16436,30.0,0.0,-30.0,0.0,0.0,0.0,0.0,0.0,0.0,Optimal,3567.354144099998,3742376.15534414
8463,,70.0,0.0,30.0,3.9143595,30.0,0.0,-30.0,0.0,0.0,0.0,0.0,0.0,0.0,Optimal,3567.354144099998,3742376.15534414
8464,,73.08,30.0,0.0,32.71436,0.0,30.0,30.0,0.0,0.0,0.0,0.0,0.0,0.0,Optimal,3567.354144099998,3742376.15534414
8465,,78.69,0.0,27.648,3.9143595,27.648,0.0,-27.648,0.0,0.0,0.0,0.0,0.0,0.0,Optimal,3567.354144099998,3742376.15534414
8466,,94.46,30.0,0.0,32.71436,0.0,30.0,30.0,0.0,0.0,0.0,0.0,0.0,0.0,Optimal,3567.354144099998,3742376.15534414
8467,,89.9,30.0,0.0,61.51436,0.0,30.0,30.0,0.0,0.0,0.0,0.0,0.0,0.0,Optimal,3567.354144099998,3742376.15534414
8468,,85.2,13.394241,0.0,74.372831,0.0,13.394241,13.394241,0.0,0.0,0.0,0.0,0.0,0.0,Optimal,3567.354144099998,3742376.15534414
8469,,77.31,0.0,0.0,74.372831,0.0,0.0,0.0,0.0,0.0,0.0,0.0,0.0,0.0,Optimal,3567.354144099998,3742376.15534414
8470,,64.9,0.0,0.0,74.372831,0.0,0.0,0.0,0.0,0.0,0.0,0.0,0.0,0.0,Optimal,3567.354144099998,3742376.15534414
8471,,45.1,0.0,0.0,74.372831,0.0,0.0,0.0,0.0,0.0,0.0,0.0,0.0,0.0,Optimal,3567.354144099998,3742376.15534414
8472,,23.58,0.0,0.0,74.372831,0.0,0.0,0.0,0.0,0.0,0.0,0.0,0.0,0.0,Optimal,3567.354144099998,3742376.15534414
8473,,13.66,0.0,27.648,45.572831,27.648,0.0,-27.648,0.0,0.0,0.0,0.0,0.0,0.0,Optimal,3567.354144099998,3742376.15534414
8474,,14.41,30.0,0.0,74.372831,0.0,30.0,30.0,0.0,0.0,0.0,0.0,0.0,0.0,Optimal,3567.354144099998,3742376.15534414
8475,,5.69,0.0,0.0,74.372831,0.0,0.0,0.0,0.0,0.0,0.0,0.0,0.0,0.0,Optimal,3567.354144099998,3742376.15534414
8476,,1.6,0.0,7.6401325,66.41436,7.6401325,0.0,-7.6401325,0.0,0.0,0.0,0.0,0.0,0.0,Optimal,3567.354144099998,3742376.15534414
8477,,0.26,0.0,30.0,35.16436,30.0,0.0,-30.0,0.0,0.0,0.0,0.0,0.0,0.0,Optimal,3567.354144099998,3742376.15534414
8478,,0.06,0.0,30.0,3.9143595,30.0,0.0,-30.0,0.0,0.0,0.0,0.0,0.0,0.0,Optimal,3567.354144099998,3742376.15534414
8479,,7.01,0.0,0.0,3.9143595,0.0,0.0,0.0,0.0,0.0,0.0,0.0,0.0,0.0,Optimal,3567.354144099998,3742376.15534414
8480,,55.78,0.0,0.0,3.9143595,0.0,0.0,0.0,0.0,0.0,0.0,0.0,0.0,0.0,Optimal,3567.354144099998,3742376.15534414
8481,,92.15,0.0,0.0,3.9143595,0.0,0.0,0.0,0.0,0.0,0.0,0.0,0.0,0.0,Optimal,3567.354144099998,3742376.15534414
8482,,131.1,30.0,0.0,32.71436,0.0,30.0,30.0,0.0,0.0,0.0,0.0,0.0,0.0,Optimal,3567.354144099998,3742376.15534414
8483,,110.9,30.0,0.0,61.51436,0.0,30.0,30.0,0.0,0.0,0.0,0.0,0.0,0.0,Optimal,3567.354144099998,3742376.15534414
8484,,96.0,13.394241,0.0,74.372831,0.0,13.394241,13.394241,0.0,0.0,0.0,0.0,0.0,0.0,Optimal,3567.354144099998,3742376.15534414
8485,,80.1,0.0,7.6401325,66.41436,7.6401325,0.0,-7.6401325,0.0,0.0,0.0,0.0,0.0,0.0,Optimal,3567.354144099998,3742376.15534414
8486,,77.0,0.0,30.0,35.16436,30.0,0.0,-30.0,0.0,0.0,0.0,0.0,0.0,0.0,Optimal,3567.354144099998,3742376.15534414
8487,,80.03,0.0,30.0,3.9143595,30.0,0.0,-30.0,0.0,0.0,0.0,0.0,0.0,0.0,Optimal,3567.354144099998,3742376.15534414
8488,,90.0,0.0,0.0,3.9143595,0.0,0.0,0.0,0.0,0.0,0.0,0.0,0.0,0.0,Optimal,3567.354144099998,3742376.15534414
8489,,110.9,13.394241,0.0,16.772831,0.0,13.394241,13.394241,0.0,0.0,0.0,0.0,0.0,0.0,Optimal,3567.354144099998,3742376.15534414
8490,,147.8,30.0,0.0,45.572831,0.0,30.0,30.0,0.0,0.0,0.0,0.0,0.0,0.0,Optimal,3567.354144099998,3742376.15534414
8491,,129.99,30.0,0.0,74.372831,0.0,30.0,30.0,0.0,0.0,0.0,0.0,0.0,0.0,Optimal,3567.354144099998,3742376.15534414
8492,,91.54,0.0,27.648,45.572831,27.648,0.0,-27.648,0.0,0.0,0.0,0.0,0.0,0.0,Optimal,3567.354144099998,3742376.15534414
8493,,85.29,30.0,0.0,74.372831,0.0,30.0,30.0,0.0,0.0,0.0,0.0,0.0,0.0,Optimal,3567.354144099998,3742376.15534414
8494,,79.07,0.0,27.648,45.572831,27.648,0.0,-27.648,0.0,0.0,0.0,0.0,0.0,0.0,Optimal,3567.354144099998,3742376.15534414
8495,,79.05,30.0,0.0,74.372831,0.0,30.0,30.0,0.0,0.0,0.0,0.0,0.0,0.0,Optimal,3567.354144099998,3742376.15534414
8496,,64.9,0.0,0.0,74.372831,0.0,0.0,0.0,0.0,0.0,0.0,0.0,0.0,0.0,Optimal,3567.354144099998,3742376.15534414
8497,,48.65,0.0,0.0,74.372831,0.0,0.0,0.0,0.0,0.0,0.0,0.0,0.0,0.0,Optimal,3567.354144099998,3742376.15534414
8498,,32.4,0.0,0.0,74.372831,0.0,0.0,0.0,0.0,0.0,0.0,0.0,0.0,0.0,Optimal,3567.354144099998,3742376.15534414
8499,,17.52,0.0,30.0,43.122831,30.0,0.0,-30.0,0.0,0.0,0.0,0.0,0.0,0.0,Optimal,3567.354144099998,3742376.15534414
8500,,18.14,0.0,30.0,11.872831,30.0,0.0,-30.0,0.0,0.0,0.0,0.0,0.0,0.0,Optimal,3567.354144099998,3742376.15534414
8501,,23.6,0.0,7.6401325,3.9143595,7.6401325,0.0,-7.6401325,0.0,0.0,0.0,0.0,0.0,0.0,Optimal,3567.354144099998,3742376.15534414
8502,,48.98,0.0,0.0,3.9143595,0.0,0.0,0.0,0.0,0.0,0.0,0.0,0.0,0.0,Optimal,3567.354144099998,3742376.15534414
8503,,74.92,0.0,0.0,3.9143595,0.0,0.0,0.0,0.0,0.0,0.0,0.0,0.0,0.0,Optimal,3567.354144099998,3742376.15534414
8504,,118.0,0.0,0.0,3.9143595,0.0,0.0,0.0,0.0,0.0,0.0,0.0,0.0,0.0,Optimal,3567.354144099998,3742376.15534414
8505,,169.0,30.0,0.0,32.71436,0.0,30.0,30.0,0.0,0.0,0.0,0.0,0.0,0.0,Optimal,3567.354144099998,3742376.15534414
8506,,150.03,30.0,0.0,61.51436,0.0,30.0,30.0,0.0,0.0,0.0,0.0,0.0,0.0,Optimal,3567.354144099998,3742376.15534414
8507,,122.92,13.394241,0.0,74.372831,0.0,13.394241,13.394241,0.0,0.0,0.0,0.0,0.0,0.0,Optimal,3567.354144099998,3742376.15534414
8508,,97.87,0.0,0.0,74.372831,0.0,0.0,0.0,0.0,0.0,0.0,0.0,0.0,0.0,Optimal,3567.354144099998,3742376.15534414
8509,,87.97,0.0,30.0,43.122831,30.0,0.0,-30.0,0.0,0.0,0.0,0.0,0.0,0.0,Optimal,3567.354144099998,3742376.15534414
8510,,84.28,0.0,30.0,11.872831,30.0,0.0,-30.0,0.0,0.0,0.0,0.0,0.0,0.0,Optimal,3567.354144099998,3742376.15534414
8511,,88.76,0.0,7.6401325,3.9143595,7.6401325,0.0,-7.6401325,0.0,0.0,0.0,0.0,0.0,0.0,Optimal,3567.354144099998,3742376.15534414
8512,,99.38,13.394241,0.0,16.772831,0.0,13.394241,13.394241,0.0,0.0,0.0,0.0,0.0,0.0,Optimal,3567.354144099998,3742376.15534414
8513,,105.58,30.0,0.0,45.572831,0.0,30.0,30.0,0.0,0.0,0.0,0.0,0.0,0.0,Optimal,3567.354144099998,3742376.15534414
8514,,110.14,30.0,0.0,74.372831,0.0,30.0,30.0,0.0,0.0,0.0,0.0,0.0,0.0,Optimal,3567.354144099998,3742376.15534414
8515,,101.72,0.0,27.648,45.572831,27.648,0.0,-27.648,0.0,0.0,0.0,0.0,0.0,0.0,Optimal,3567.354144099998,3742376.15534414
8516,,99.33,30.0,0.0,74.372831,0.0,30.0,30.0,0.0,0.0,0.0,0.0,0.0,0.0,Optimal,3567.354144099998,3742376.15534414
8517,,90.34,0.0,0.0,74.372831,0.0,0.0,0.0,0.0,0.0,0.0,0.0,0.0,0.0,Optimal,3567.354144099998,3742376.15534414
8518,,72.44,0.0,27.648,45.572831,27.648,0.0,-27.648,0.0,0.0,0.0,0.0,0.0,0.0,Optimal,3567.354144099998,3742376.15534414
8519,,70.42,30.0,0.0,74.372831,0.0,30.0,30.0,0.0,0.0,0.0,0.0,0.0,0.0,Optimal,3567.354144099998,3742376.15534414
8520,,58.33,0.0,0.0,74.372831,0.0,0.0,0.0,0.0,0.0,0.0,0.0,0.0,0.0,Optimal,3567.354144099998,3742376.15534414
8521,,28.81,0.0,0.0,74.372831,0.0,0.0,0.0,0.0,0.0,0.0,0.0,0.0,0.0,Optimal,3567.354144099998,3742376.15534414
8522,,24.51,0.0,30.0,43.122831,30.0,0.0,-30.0,0.0,0.0,0.0,0.0,0.0,0.0,Optimal,3567.354144099998,3742376.15534414
8523,,24.26,30.0,0.0,71.922831,0.0,30.0,30.0,0.0,0.0,0.0,0.0,0.0,0.0,Optimal,3567.354144099998,3742376.15534414
8524,,19.41,0.0,30.0,40.672831,30.0,0.0,-30.0,0.0,0.0,0.0,0.0,0.0,0.0,Optimal,3567.354144099998,3742376.15534414
8525,,18.11,0.0,30.0,9.4228309,30.0,0.0,-30.0,0.0,0.0,0.0,0.0,0.0,0.0,Optimal,3567.354144099998,3742376.15534414
8526,,26.16,0.0,5.2881325,3.9143595,5.2881325,0.0,-5.2881325,0.0,0.0,0.0,0.0,0.0,0.0,Optimal,3567.354144099998,3742376.15534414
8527,,41.73,30.0,0.0,32.71436,0.0,30.0,30.0,0.0,0.0,0.0,0.0,0.0,0.0,Optimal,3567.354144099998,3742376.15534414
8528,,40.6,0.0,27.648,3.9143595,27.648,0.0,-27.648,0.0,0.0,0.0,0.0,0.0,0.0,Optimal,3567.354144099998,3742376.15534414
8529,,51.65,13.394241,0.0,16.772831,0.0,13.394241,13.394241,0.0,0.0,0.0,0.0,0.0,0.0,Optimal,3567.354144099998,3742376.15534414
8530,,61.92,30.0,0.0,45.572831,0.0,30.0,30.0,0.0,0.0,0.0,0.0,0.0,0.0,Optimal,3567.354144099998,3742376.15534414
8531,,56.0,30.0,0.0,74.372831,0.0,30.0,30.0,0.0,0.0,0.0,0.0,0.0,0.0,Optimal,3567.354144099998,3742376.15534414
8532,,40.52,0.0,0.0,74.372831,0.0,0.0,0.0,0.0,0.0,0.0,0.0,0.0,0.0,Optimal,3567.354144099998,3742376.15534414
8533,,34.64,0.0,0.0,74.372831,0.0,0.0,0.0,0.0,0.0,0.0,0.0,0.0,0.0,Optimal,3567.354144099998,3742376.15534414
8534,,31.44,0.0,30.0,43.122831,30.0,0.0,-30.0,0.0,0.0,0.0,0.0,0.0,0.0,Optimal,3567.354144099998,3742376.15534414
8535,,28.45,0.0,30.0,11.872831,30.0,0.0,-30.0,0.0,0.0,0.0,0.0,0.0,0.0,Optimal,3567.354144099998,3742376.15534414
8536,,31.09,24.262009,0.0,35.16436,0.0,24.262009,24.262009,0.0,0.0,0.0,0.0,0.0,0.0,Optimal,3567.354144099998,3742376.15534414
8537,,32.56,0.0,30.0,3.9143595,30.0,0.0,-30.0,0.0,0.0,0.0,0.0,0.0,0.0,Optimal,3567.354144099998,3742376.15534414
8538,,49.9,13.394241,0.0,16.772831,0.0,13.394241,13.394241,0.0,0.0,0.0,0.0,0.0,0.0,Optimal,3567.354144099998,3742376.15534414
8539,,60.1,30.0,0.0,45.572831,0.0,30.0,30.0,0.0,0.0,0.0,0.0,0.0,0.0,Optimal,3567.354144099998,3742376.15534414
8540,,55.0,30.0,0.0,74.372831,0.0,30.0,30.0,0.0,0.0,0.0,0.0,0.0,0.0,Optimal,3567.354144099998,3742376.15534414
8541,,28.04,0.0,0.0,74.372831,0.0,0.0,0.0,0.0,0.0,0.0,0.0,0.0,0.0,Optimal,3567.354144099998,3742376.15534414
8542,,9.41,0.0,0.0,74.372831,0.0,0.0,0.0,0.0,0.0,0.0,0.0,0.0,0.0,Optimal,3567.354144099998,3742376.15534414
8543,,7.36,0.0,0.0,74.372831,0.0,0.0,0.0,0.0,0.0,0.0,0.0,0.0,0.0,Optimal,3567.354144099998,3742376.15534414
8544,,3.98,0.0,0.0,74.372831,0.0,0.0,0.0,0.0,0.0,0.0,0.0,0.0,0.0,Optimal,3567.354144099998,3742376.15534414
8545,,2.7,0.0,0.0,74.372831,0.0,0.0,0.0,0.0,0.0,0.0,0.0,0.0,0.0,Optimal,3567.354144099998,3742376.15534414
8546,,1.61,0.0,0.0,74.372831,0.0,0.0,0.0,0.0,0.0,0.0,0.0,0.0,0.0,Optimal,3567.354144099998,3742376.15534414
8547,,0.0,0.0,0.0,74.372831,0.0,0.0,0.0,0.0,0.0,0.0,0.0,0.0,0.0,Optimal,3567.354144099998,3742376.15534414
8548,,-0.74,0.0,7.6401325,66.41436,7.6401325,0.0,-7.6401325,0.0,0.0,0.0,0.0,0.0,0.0,Optimal,3567.354144099998,3742376.15534414
8549,,-2.0,0.0,30.0,35.16436,30.0,0.0,-30.0,0.0,0.0,0.0,0.0,0.0,0.0,Optimal,3567.354144099998,3742376.15534414
8550,,-1.24,0.0,30.0,3.9143595,30.0,0.0,-30.0,0.0,0.0,0.0,0.0,0.0,0.0,Optimal,3567.354144099998,3742376.15534414
8551,,-0.66,0.0,0.0,3.9143595,0.0,0.0,0.0,0.0,0.0,0.0,0.0,0.0,0.0,Optimal,3567.354144099998,3742376.15534414
8552,,2.29,0.0,0.0,3.9143595,0.0,0.0,0.0,0.0,0.0,0.0,0.0,0.0,0.0,Optimal,3567.354144099998,3742376.15534414
8553,,6.45,0.0,0.0,3.9143595,0.0,0.0,0.0,0.0,0.0,0.0,0.0,0.0,0.0,Optimal,3567.354144099998,3742376.15534414
8554,,22.41,30.0,0.0,32.71436,0.0,30.0,30.0,0.0,0.0,0.0,0.0,0.0,0.0,Optimal,3567.354144099998,3742376.15534414
8555,,20.66,0.0,27.648,3.9143595,27.648,0.0,-27.648,0.0,0.0,0.0,0.0,0.0,0.0,Optimal,3567.354144099998,3742376.15534414
8556,,23.54,30.0,0.0,32.71436,0.0,30.0,30.0,0.0,0.0,0.0,0.0,0.0,0.0,Optimal,3567.354144099998,3742376.15534414
8557,,22.62,2.5520833,0.0,35.16436,0.0,2.5520833,2.5520833,0.0,0.0,0.0,0.0,0.0,0.0,Optimal,3567.354144099998,3742376.15534414
8558,,22.55,0.0,30.0,3.9143595,30.0,0.0,-30.0,0.0,0.0,0.0,0.0,0.0,0.0,Optimal,3567.354144099998,3742376.15534414
8559,,28.07,0.0,0.0,3.9143595,0.0,0.0,0.0,0.0,0.0,0.0,0.0,0.0,0.0,Optimal,3567.354144099998,3742376.15534414
8560,,41.77,0.0,0.0,3.9143595,0.0,0.0,0.0,0.0,0.0,0.0,0.0,0.0,0.0,Optimal,3567.354144099998,3742376.15534414
8561,,59.9,0.0,0.0,3.9143595,0.0,0.0,0.0,0.0,0.0,0.0,0.0,0.0,0.0,Optimal,3567.354144099998,3742376.15534414
8562,,92.3,30.0,0.0,32.71436,0.0,30.0,30.0,0.0,0.0,0.0,0.0,0.0,0.0,Optimal,3567.354144099998,3742376.15534414
8563,,86.2,30.0,0.0,61.51436,0.0,30.0,30.0,0.0,0.0,0.0,0.0,0.0,0.0,Optimal,3567.354144099998,3742376.15534414
8564,,71.23,13.394241,0.0,74.372831,0.0,13.394241,13.394241,0.0,0.0,0.0,0.0,0.0,0.0,Optimal,3567.354144099998,3742376.15534414
8565,,54.9,0.0,0.0,74.372831,0.0,0.0,0.0,0.0,0.0,0.0,0.0,0.0,0.0,Optimal,3567.354144099998,3742376.15534414
8566,,39.91,0.0,27.648,45.572831,27.648,0.0,-27.648,0.0,0.0,0.0,0.0,0.0,0.0,Optimal,3567.354144099998,3742376.15534414
8567,,37.91,30.0,0.0,74.372831,0.0,30.0,30.0,0.0,0.0,0.0,0.0,0.0,0.0,Optimal,3567.354144099998,3742376.15534414
8568,,26.32,0.0,0.0,74.372831,0.0,0.0,0.0,0.0,0.0,0.0,0.0,0.0,0.0,Optimal,3567.354144099998,3742376.15534414
8569,,19.37,0.0,0.0,74.372831,0.0,0.0,0.0,0.0,0.0,0.0,0.0,0.0,0.0,Optimal,3567.354144099998,3742376.15534414
8570,,13.26,0.0,0.0,74.372831,0.0,0.0,0.0,0.0,0.0,0.0,0.0,0.0,0.0,Optimal,3567.354144099998,3742376.15534414
8571,,11.13,0.0,0.0,74.372831,0.0,0.0,0.0,0.0,0.0,0.0,0.0,0.0,0.0,Optimal,3567.354144099998,3742376.15534414
8572,,7.73,0.0,7.6401325,66.41436,7.6401325,0.0,-7.6401325,0.0,0.0,0.0,0.0,0.0,0.0,Optimal,3567.354144099998,3742376.15534414
8573,,6.4,0.0,30.0,35.16436,30.0,0.0,-30.0,0.0,0.0,0.0,0.0,0.0,0.0,Optimal,3567.354144099998,3742376.15534414
8574,,6.3,0.0,30.0,3.9143595,30.0,0.0,-30.0,0.0,0.0,0.0,0.0,0.0,0.0,Optimal,3567.354144099998,3742376.15534414
8575,,17.45,0.0,0.0,3.9143595,0.0,0.0,0.0,0.0,0.0,0.0,0.0,0.0,0.0,Optimal,3567.354144099998,3742376.15534414
8576,,53.37,7.65625,0.0,11.26436,0.0,7.65625,7.65625,0.0,0.0,0.0,0.0,0.0,0.0,Optimal,3567.354144099998,3742376.15534414
8577,,66.94,30.0,0.0,40.06436,0.0,30.0,30.0,0.0,0.0,0.0,0.0,0.0,0.0,Optimal,3567.354144099998,3742376.15534414
8578,,67.36,30.0,0.0,68.86436,0.0,30.0,30.0,0.0,0.0,0.0,0.0,0.0,0.0,Optimal,3567.354144099998,3742376.15534414
8579,,56.0,0.0,30.0,37.61436,30.0,0.0,-30.0,0.0,0.0,0.0,0.0,0.0,0.0,Optimal,3567.354144099998,3742376.15534414
8580,,54.9,0.0,30.0,6.3643595,30.0,0.0,-30.0,0.0,0.0,0.0,0.0,0.0,0.0,Optimal,3567.354144099998,3742376.15534414
8581,,56.97,30.0,0.0,35.16436,0.0,30.0,30.0,0.0,0.0,0.0,0.0,0.0,0.0,Optimal,3567.354144099998,3742376.15534414
8582,,57.7,0.0,30.0,3.9143595,30.0,0.0,-30.0,0.0,0.0,0.0,0.0,0.0,0.0,Optimal,3567.354144099998,3742376.15534414
8583,,64.55,0.0,0.0,3.9143595,0.0,0.0,0.0,0.0,0.0,0.0,0.0,0.0,0.0,Optimal,3567.354144099998,3742376.15534414
8584,,76.34,0.0,0.0,3.9143595,0.0,0.0,0.0,0.0,0.0,0.0,0.0,0.0,0.0,Optimal,3567.354144099998,3742376.15534414
8585,,117.27,0.0,0.0,3.9143595,0.0,0.0,0.0,0.0,0.0,0.0,0.0,0.0,0.0,Optimal,3567.354144099998,3742376.15534414
8586,,130.32,30.0,0.0,32.71436,0.0,30.0,30.0,0.0,0.0,0.0,0.0,0.0,0.0,Optimal,3567.354144099998,3742376.15534414
8587,,129.9,0.0,15.303867,16.772831,15.303867,0.0,-15.303867,0.0,0.0,0.0,0.0,0.0,0.0,Optimal,3567.354144099998,3742376.15534414
8588,,135.96,30.0,0.0,45.572831,0.0,30.0,30.0,0.0,0.0,0.0,0.0,0.0,0.0,Optimal,3567.354144099998,3742376.15534414
8589,,145.8,30.0,0.0,74.372831,0.0,30.0,30.0,0.0,0.0,0.0,0.0,0.0,0.0,Optimal,3567.354144099998,3742376.15534414
8590,,110.2,0.0,0.0,74.372831,0.0,0.0,0.0,0.0,0.0,0.0,0.0,0.0,0.0,Optimal,3567.354144099998,3742376.15534414
8591,,105.82,0.0,27.648,45.572831,27.648,0.0,-27.648,0.0,0.0,0.0,0.0,0.0,0.0,Optimal,3567.354144099998,3742376.15534414
8592,,118.91,30.0,0.0,74.372831,0.0,30.0,30.0,0.0,0.0,0.0,0.0,0.0,0.0,Optimal,3567.354144099998,3742376.15534414
8593,,86.03,0.0,2.9361325,71.31436,2.9361325,0.0,-2.9361325,0.0,0.0,0.0,0.0,0.0,0.0,Optimal,3567.354144099998,3742376.15534414
8594,,82.84,0.0,30.0,40.06436,30.0,0.0,-30.0,0.0,0.0,0.0,0.0,0.0,0.0,Optimal,3567.354144099998,3742376.15534414
8595,,81.89,30.0,0.0,68.86436,0.0,30.0,30.0,0.0,0.0,0.0,0.0,0.0,0.0,Optimal,3567.354144099998,3742376.15534414
8596,,78.0,0.0,30.0,37.61436,30.0,0.0,-30.0,0.0,0.0,0.0,0.0,0.0,0.0,Optimal,3567.354144099998,3742376.15534414
8597,,78.78,0.0,30.0,6.3643595,30.0,0.0,-30.0,0.0,0.0,0.0,0.0,0.0,0.0,Optimal,3567.354144099998,3742376.15534414
8598,,80.6,30.0,0.0,35.16436,0.0,30.0,30.0,0.0,0.0,0.0,0.0,0.0,0.0,Optimal,3567.354144099998,3742376.15534414
8599,,85.07,0.0,30.0,3.9143595,30.0,0.0,-30.0,0.0,0.0,0.0,0.0,0.0,0.0,Optimal,3567.354144099998,3742376.15534414
8600,,100.83,0.0,0.0,3.9143595,0.0,0.0,0.0,0.0,0.0,0.0,0.0,0.0,0.0,Optimal,3567.354144099998,3742376.15534414
8601,,115.09,7.65625,0.0,11.26436,0.0,7.65625,7.65625,0.0,0.0,0.0,0.0,0.0,0.0,Optimal,3567.354144099998,3742376.15534414
8602,,120.95,30.0,0.0,40.06436,0.0,30.0,30.0,0.0,0.0,0.0,0.0,0.0,0.0,Optimal,3567.354144099998,3742376.15534414
8603,,120.0,30.0,0.0,68.86436,0.0,30.0,30.0,0.0,0.0,0.0,0.0,0.0,0.0,Optimal,3567.354144099998,3742376.15534414
8604,,118.16,0.0,30.0,37.61436,30.0,0.0,-30.0,0.0,0.0,0.0,0.0,0.0,0.0,Optimal,3567.354144099998,3742376.15534414
8605,,117.49,30.0,0.0,66.41436,0.0,30.0,30.0,0.0,0.0,0.0,0.0,0.0,0.0,Optimal,3567.354144099998,3742376.15534414
8606,,115.38,0.0,30.0,35.16436,30.0,0.0,-30.0,0.0,0.0,0.0,0.0,0.0,0.0,Optimal,3567.354144099998,3742376.15534414
8607,,117.98,0.0,30.0,3.9143595,30.0,0.0,-30.0,0.0,0.0,0.0,0.0,0.0,0.0,Optimal,3567.354144099998,3742376.15534414
8608,,119.5,30.0,0.0,32.71436,0.0,30.0,30.0,0.0,0.0,0.0,0.0,0.0,0.0,Optimal,3567.354144099998,3742376.15534414
8609,,120.21,30.0,0.0,61.51436,0.0,30.0,30.0,0.0,0.0,0.0,0.0,0.0,0.0,Optimal,3567.354144099998,3742376.15534414
8610,,118.0,13.394241,0.0,74.372831,0.0,13.394241,13.394241,0.0,0.0,0.0,0.0,0.0,0.0,Optimal,3567.354144099998,3742376.15534414
8611,,110.98,0.0,0.0,74.372831,0.0,0.0,0.0,0.0,0.0,0.0,0.0,0.0,0.0,Optimal,3567.354144099998,3742376.15534414
8612,,105.66,0.0,27.648,45.572831,27.648,0.0,-27.648,0.0,0.0,0.0,0.0,0.0,0.0,Optimal,3567.354144099998,3742376.15534414
8613,,102.56,30.0,0.0,74.372831,0.0,30.0,30.0,0.0,0.0,0.0,0.0,0.0,0.0,Optimal,3567.354144099998,3742376.15534414
8614,,94.63,0.0,27.648,45.572831,27.648,0.0,-27.648,0.0,0.0,0.0,0.0,0.0,0.0,Optimal,3567.354144099998,3742376.15534414
8615,,99.04,30.0,0.0,74.372831,0.0,30.0,30.0,0.0,0.0,0.0,0.0,0.0,0.0,Optimal,3567.354144099998,3742376.15534414
8616,,90.0,0.0,27.648,45.572831,27.648,0.0,-27.648,0.0,0.0,0.0,0.0,0.0,0.0,Optimal,3567.354144099998,3742376.15534414
8617,,91.37,30.0,0.0,74.372831,0.0,30.0,30.0,0.0,0.0,0.0,0.0,0.0,0.0,Optimal,3567.354144099998,3742376.15534414
8618,,86.44,0.0,27.648,45.572831,27.648,0.0,-27.648,0.0,0.0,0.0,0.0,0.0,0.0,Optimal,3567.354144099998,3742376.15534414
8619,,85.07,30.0,0.0,74.372831,0.0,30.0,30.0,0.0,0.0,0.0,0.0,0.0,0.0,Optimal,3567.354144099998,3742376.15534414
8620,,80.81,0.0,7.6401325,66.41436,7.6401325,0.0,-7.6401325,0.0,0.0,0.0,0.0,0.0,0.0,Optimal,3567.354144099998,3742376.15534414
8621,,75.99,0.0,30.0,35.16436,30.0,0.0,-30.0,0.0,0.0,0.0,0.0,0.0,0.0,Optimal,3567.354144099998,3742376.15534414
8622,,80.81,0.0,30.0,3.9143595,30.0,0.0,-30.0,0.0,0.0,0.0,0.0,0.0,0.0,Optimal,3567.354144099998,3742376.15534414
8623,,83.01,30.0,0.0,32.71436,0.0,30.0,30.0,0.0,0.0,0.0,0.0,0.0,0.0,Optimal,3567.354144099998,3742376.15534414
8624,,84.94,0.0,27.648,3.9143595,27.648,0.0,-27.648,0.0,0.0,0.0,0.0,0.0,0.0,Optimal,3567.354144099998,3742376.15534414
8625,,90.21,30.0,0.0,32.71436,0.0,30.0,30.0,0.0,0.0,0.0,0.0,0.0,0.0,Optimal,3567.354144099998,3742376.15534414
8626,,99.24,30.0,0.0,61.51436,0.0,30.0,30.0,0.0,0.0,0.0,0.0,0.0,0.0,Optimal,3567.354144099998,3742376.15534414
8627,,93.56,0.0,22.944,37.61436,22.944,0.0,-22.944,0.0,0.0,0.0,0.0,0.0,0.0,Optimal,3567.354144099998,3742376.15534414
8628,,92.55,0.0,30.0,6.3643595,30.0,0.0,-30.0,0.0,0.0,0.0,0.0,0.0,0.0,Optimal,3567.354144099998,3742376.15534414
8629,,94.41,30.0,0.0,35.16436,0.0,30.0,30.0,0.0,0.0,0.0,0.0,0.0,0.0,Optimal,3567.354144099998,3742376.15534414
8630,,91.03,0.0,30.0,3.9143595,30.0,0.0,-30.0,0.0,0.0,0.0,0.0,0.0,0.0,Optimal,3567.354144099998,3742376.15534414
8631,,99.17,0.0,0.0,3.9143595,0.0,0.0,0.0,0.0,0.0,0.0,0.0,0.0,0.0,Optimal,3567.354144099998,3742376.15534414
8632,,110.0,0.0,0.0,3.9143595,0.0,0.0,0.0,0.0,0.0,0.0,0.0,0.0,0.0,Optimal,3567.354144099998,3742376.15534414
8633,,116.71,13.394241,0.0,16.772831,0.0,13.394241,13.394241,0.0,0.0,0.0,0.0,0.0,0.0,Optimal,3567.354144099998,3742376.15534414
8634,,120.52,30.0,0.0,45.572831,0.0,30.0,30.0,0.0,0.0,0.0,0.0,0.0,0.0,Optimal,3567.354144099998,3742376.15534414
8635,,119.1,30.0,0.0,74.372831,0.0,30.0,30.0,0.0,0.0,0.0,0.0,0.0,0.0,Optimal,3567.354144099998,3742376.15534414
8636,,118.0,0.0,27.648,45.572831,27.648,0.0,-27.648,0.0,0.0,0.0,0.0,0.0,0.0,Optimal,3567.354144099998,3742376.15534414
8637,,118.32,30.0,0.0,74.372831,0.0,30.0,30.0,0.0,0.0,0.0,0.0,0.0,0.0,Optimal,3567.354144099998,3742376.15534414
8638,,113.01,0.0,27.648,45.572831,27.648,0.0,-27.648,0.0,0.0,0.0,0.0,0.0,0.0,Optimal,3567.354144099998,3742376.15534414
8639,,114.07,30.0,0.0,74.372831,0.0,30.0,30.0,0.0,0.0,0.0,0.0,0.0,0.0,Optimal,3567.354144099998,3742376.15534414
8640,,104.63,0.0,27.648,45.572831,27.648,0.0,-27.648,0.0,0.0,0.0,0.0,0.0,0.0,Optimal,3567.354144099998,3742376.15534414
8641,,102.17,30.0,0.0,74.372831,0.0,30.0,30.0,0.0,0.0,0.0,0.0,0.0,0.0,Optimal,3567.354144099998,3742376.15534414
8642,,95.06,0.0,30.0,43.122831,30.0,0.0,-30.0,0.0,0.0,0.0,0.0,0.0,0.0,Optimal,3567.354144099998,3742376.15534414
8643,,94.61,26.814092,0.0,68.86436,0.0,26.814092,26.814092,0.0,0.0,0.0,0.0,0.0,0.0,Optimal,3567.354144099998,3742376.15534414
8644,,89.64,0.0,30.0,37.61436,30.0,0.0,-30.0,0.0,0.0,0.0,0.0,0.0,0.0,Optimal,3567.354144099998,3742376.15534414
8645,,90.87,0.0,30.0,6.3643595,30.0,0.0,-30.0,0.0,0.0,0.0,0.0,0.0,0.0,Optimal,3567.354144099998,3742376.15534414
8646,,95.1,30.0,0.0,35.16436,0.0,30.0,30.0,0.0,0.0,0.0,0.0,0.0,0.0,Optimal,3567.354144099998,3742376.15534414
8647,,99.0,0.0,30.0,3.9143595,30.0,0.0,-30.0,0.0,0.0,0.0,0.0,0.0,0.0,Optimal,3567.354144099998,3742376.15534414
8648,,112.62,13.394241,0.0,16.772831,0.0,13.394241,13.394241,0.0,0.0,0.0,0.0,0.0,0.0,Optimal,3567.354144099998,3742376.15534414
8649,,119.18,30.0,0.0,45.572831,0.0,30.0,30.0,0.0,0.0,0.0,0.0,0.0,0.0,Optimal,3567.354144099998,3742376.15534414
8650,,118.23,30.0,0.0,74.372831,0.0,30.0,30.0,0.0,0.0,0.0,0.0,0.0,0.0,Optimal,3567.354144099998,3742376.15534414
8651,,113.25,0.0,5.2881325,68.86436,5.2881325,0.0,-5.2881325,0.0,0.0,0.0,0.0,0.0,0.0,Optimal,3567.354144099998,3742376.15534414
8652,,106.01,0.0,30.0,37.61436,30.0,0.0,-30.0,0.0,0.0,0.0,0.0,0.0,0.0,Optimal,3567.354144099998,3742376.15534414
8653,,107.71,30.0,0.0,66.41436,0.0,30.0,30.0,0.0,0.0,0.0,0.0,0.0,0.0,Optimal,3567.354144099998,3742376.15534414
8654,,103.9,0.0,30.0,35.16436,30.0,0.0,-30.0,0.0,0.0,0.0,0.0,0.0,0.0,Optimal,3567.354144099998,3742376.15534414
8655,,109.64,0.0,30.0,3.9143595,30.0,0.0,-30.0,0.0,0.0,0.0,0.0,0.0,0.0,Optimal,3567.354144099998,3742376.15534414
8656,,120.75,30.0,0.0,32.71436,0.0,30.0,30.0,0.0,0.0,0.0,0.0,0.0,0.0,Optimal,3567.354144099998,3742376.15534414
8657,,128.66,0.0,27.648,3.9143595,27.648,0.0,-27.648,0.0,0.0,0.0,0.0,0.0,0.0,Optimal,3567.354144099998,3742376.15534414
8658,,137.9,30.0,0.0,32.71436,0.0,30.0,30.0,0.0,0.0,0.0,0.0,0.0,0.0,Optimal,3567.354144099998,3742376.15534414
8659,,138.05,30.0,0.0,61.51436,0.0,30.0,30.0,0.0,0.0,0.0,0.0,0.0,0.0,Optimal,3567.354144099998,3742376.15534414
8660,,135.71,13.394241,0.0,74.372831,0.0,13.394241,13.394241,0.0,0.0,0.0,0.0,0.0,0.0,Optimal,3567.354144099998,3742376.15534414
8661,,129.13,0.0,0.0,74.372831,0.0,0.0,0.0,0.0,0.0,0.0,0.0,0.0,0.0,Optimal,3567.354144099998,3742376.15534414
8662,,120.85,0.0,30.0,43.122831,30.0,0.0,-30.0,0.0,0.0,0.0,0.0,0.0,0.0,Optimal,3567.354144099998,3742376.15534414
8663,,123.5,30.0,0.0,71.922831,0.0,30.0,30.0,0.0,0.0,0.0,0.0,0.0,0.0,Optimal,3567.354144099998,3742376.15534414
8664,,116.98,2.5520833,0.0,74.372831,0.0,2.5520833,2.5520833,0.0,0.0,0.0,0.0,0.0,0.0,Optimal,3567.354144099998,3742376.15534414
8665,,106.79,0.0,0.0,74.372831,0.0,0.0,0.0,0.0,0.0,0.0,0.0,0.0,0.0,Optimal,3567.354144099998,3742376.15534414
8666,,101.52,0.0,30.0,43.122831,30.0,0.0,-30.0,0.0,0.0,0.0,0.0,0.0,0.0,Optimal,3567.354144099998,3742376.15534414
8667,,101.03,30.0,0.0,71.922831,0.0,30.0,30.0,0.0,0.0,0.0,0.0,0.0,0.0,Optimal,3567.354144099998,3742376.15534414
8668,,99.74,0.0,30.0,40.672831,30.0,0.0,-30.0,0.0,0.0,0.0,0.0,0.0,0.0,Optimal,3567.354144099998,3742376.15534414
8669,,99.58,0.0,30.0,9.4228309,30.0,0.0,-30.0,0.0,0.0,0.0,0.0,0.0,0.0,Optimal,3567.354144099998,3742376.15534414
8670,,106.2,0.0,5.2881325,3.9143595,5.2881325,0.0,-5.2881325,0.0,0.0,0.0,0.0,0.0,0.0,Optimal,3567.354144099998,3742376.15534414
8671,,115.7,0.0,0.0,3.9143595,0.0,0.0,0.0,0.0,0.0,0.0,0.0,0.0,0.0,Optimal,3567.354144099998,3742376.15534414
8672,,124.29,13.394241,0.0,16.772831,0.0,13.394241,13.394241,0.0,0.0,0.0,0.0,0.0,0.0,Optimal,3567.354144099998,3742376.15534414
8673,,131.85,30.0,0.0,45.572831,0.0,30.0,30.0,0.0,0.0,0.0,0.0,0.0,0.0,Optimal,3567.354144099998,3742376.15534414
8674,,130.15,30.0,0.0,74.372831,0.0,30.0,30.0,0.0,0.0,0.0,0.0,0.0,0.0,Optimal,3567.354144099998,3742376.15534414
8675,,120.1,0.0,0.0,74.372831,0.0,0.0,0.0,0.0,0.0,0.0,0.0,0.0,0.0,Optimal,3567.354144099998,3742376.15534414
8676,,107.94,0.0,30.0,43.122831,30.0,0.0,-30.0,0.0,0.0,0.0,0.0,0.0,0.0,Optimal,3567.354144099998,3742376.15534414
8677,,107.81,0.0,30.0,11.872831,30.0,0.0,-30.0,0.0,0.0,0.0,0.0,0.0,0.0,Optimal,3567.354144099998,3742376.15534414
8678,,107.94,0.0,7.6401325,3.9143595,7.6401325,0.0,-7.6401325,0.0,0.0,0.0,0.0,0.0,0.0,Optimal,3567.354144099998,3742376.15534414
8679,,120.12,0.0,0.0,3.9143595,0.0,0.0,0.0,0.0,0.0,0.0,0.0,0.0,0.0,Optimal,3567.354144099998,3742376.15534414
8680,,133.64,30.0,0.0,32.71436,0.0,30.0,30.0,0.0,0.0,0.0,0.0,0.0,0.0,Optimal,3567.354144099998,3742376.15534414
8681,,144.21,0.0,27.648,3.9143595,27.648,0.0,-27.648,0.0,0.0,0.0,0.0,0.0,0.0,Optimal,3567.354144099998,3742376.15534414
8682,,151.55,30.0,0.0,32.71436,0.0,30.0,30.0,0.0,0.0,0.0,0.0,0.0,0.0,Optimal,3567.354144099998,3742376.15534414
8683,,158.4,30.0,0.0,61.51436,0.0,30.0,30.0,0.0,0.0,0.0,0.0,0.0,0.0,Optimal,3567.354144099998,3742376.15534414
8684,,146.43,13.394241,0.0,74.372831,0.0,13.394241,13.394241,0.0,0.0,0.0,0.0,0.0,0.0,Optimal,3567.354144099998,3742376.15534414
8685,,133.14,0.0,0.0,74.372831,0.0,0.0,0.0,0.0,0.0,0.0,0.0,0.0,0.0,Optimal,3567.354144099998,3742376.15534414
8686,,125.42,0.0,27.648,45.572831,27.648,0.0,-27.648,0.0,0.0,0.0,0.0,0.0,0.0,Optimal,3567.354144099998,3742376.15534414
8687,,126.76,30.0,0.0,74.372831,0.0,30.0,30.0,0.0,0.0,0.0,0.0,0.0,0.0,Optimal,3567.354144099998,3742376.15534414
8688,,114.0,0.0,30.0,43.122831,30.0,0.0,-30.0,0.0,0.0,0.0,0.0,0.0,0.0,Optimal,3567.354144099998,3742376.15534414
8689,,126.4,30.0,0.0,71.922831,0.0,30.0,30.0,0.0,0.0,0.0,0.0,0.0,0.0,Optimal,3567.354144099998,3742376.15534414
8690,,116.63,0.0,25.296,45.572831,25.296,0.0,-25.296,0.0,0.0,0.0,0.0,0.0,0.0,Optimal,3567.354144099998,3742376.15534414
8691,,110.15,30.0,0.0,74.372831,0.0,30.0,30.0,0.0,0.0,0.0,0.0,0.0,0.0,Optimal,3567.354144099998,3742376.15534414
8692,,105.92,0.0,30.0,43.122831,30.0,0.0,-30.0,0.0,0.0,0.0,0.0,0.0,0.0,Optimal,3567.354144099998,3742376.15534414
8693,,102.93,0.0,30.0,11.872831,30.0,0.0,-30.0,0.0,0.0,0.0,0.0,0.0,0.0,Optimal,3567.354144099998,3742376.15534414
8694,,105.58,24.262009,0.0,35.16436,0.0,24.262009,24.262009,0.0,0.0,0.0,0.0,0.0,0.0,Optimal,3567.354144099998,3742376.15534414
8695,,109.71,0.0,30.0,3.9143595,30.0,0.0,-30.0,0.0,0.0,0.0,0.0,0.0,0.0,Optimal,3567.354144099998,3742376.15534414
8696,,124.24,13.394241,0.0,16.772831,0.0,13.394241,13.394241,0.0,0.0,0.0,0.0,0.0,0.0,Optimal,3567.354144099998,3742376.15534414
8697,,128.0,30.0,0.0,45.572831,0.0,30.0,30.0,0.0,0.0,0.0,0.0,0.0,0.0,Optimal,3567.354144099998,3742376.15534414
8698,,128.3,30.0,0.0,74.372831,0.0,30.0,30.0,0.0,0.0,0.0,0.0,0.0,0.0,Optimal,3567.354144099998,3742376.15534414
8699,,122.83,0.0,0.0,74.372831,0.0,0.0,0.0,0.0,0.0,0.0,0.0,0.0,0.0,Optimal,3567.354144099998,3742376.15534414
8700,,113.4,0.0,7.6401325,66.41436,7.6401325,0.0,-7.6401325,0.0,0.0,0.0,0.0,0.0,0.0,Optimal,3567.354144099998,3742376.15534414
8701,,108.97,0.0,30.0,35.16436,30.0,0.0,-30.0,0.0,0.0,0.0,0.0,0.0,0.0,Optimal,3567.354144099998,3742376.15534414
8702,,110.01,0.0,30.0,3.9143595,30.0,0.0,-30.0,0.0,0.0,0.0,0.0,0.0,0.0,Optimal,3567.354144099998,3742376.15534414
8703,,117.24,0.0,0.0,3.9143595,0.0,0.0,0.0,0.0,0.0,0.0,0.0,0.0,0.0,Optimal,3567.354144099998,3742376.15534414
8704,,134.1,30.0,0.0,32.71436,0.0,30.0,30.0,0.0,0.0,0.0,0.0,0.0,0.0,Optimal,3567.354144099998,3742376.15534414
8705,,140.02,0.0,27.648,3.9143595,27.648,0.0,-27.648,0.0,0.0,0.0,0.0,0.0,0.0,Optimal,3567.354144099998,3742376.15534414
8706,,150.49,30.0,0.0,32.71436,0.0,30.0,30.0,0.0,0.0,0.0,0.0,0.0,0.0,Optimal,3567.354144099998,3742376.15534414
8707,,147.8,30.0,0.0,61.51436,0.0,30.0,30.0,0.0,0.0,0.0,0.0,0.0,0.0,Optimal,3567.354144099998,3742376.15534414
8708,,140.88,13.394241,0.0,74.372831,0.0,13.394241,13.394241,0.0,0.0,0.0,0.0,0.0,0.0,Optimal,3567.354144099998,3742376.15534414
8709,,129.59,0.0,27.648,45.572831,27.648,0.0,-27.648,0.0,0.0,0.0,0.0,0.0,0.0,Optimal,3567.354144099998,3742376.15534414
8710,,125.9,30.0,0.0,74.372831,0.0,30.0,30.0,0.0,0.0,0.0,0.0,0.0,0.0,Optimal,3567.354144099998,3742376.15534414
8711,,121.25,0.0,25.296,48.022831,25.296,0.0,-25.296,0.0,0.0,0.0,0.0,0.0,0.0,Optimal,3567.354144099998,3742376.15534414
8712,,115.0,0.0,30.0,16.772831,30.0,0.0,-30.0,0.0,0.0,0.0,0.0,0.0,0.0,Optimal,3567.354144099998,3742376.15534414
8713,,127.39,30.0,0.0,45.572831,0.0,30.0,30.0,0.0,0.0,0.0,0.0,0.0,0.0,Optimal,3567.354144099998,3742376.15534414
8714,,114.09,30.0,0.0,74.372831,0.0,30.0,30.0,0.0,0.0,0.0,0.0,0.0,0.0,Optimal,3567.354144099998,3742376.15534414
8715,,107.71,0.0,27.648,45.572831,27.648,0.0,-27.648,0.0,0.0,0.0,0.0,0.0,0.0,Optimal,3567.354144099998,3742376.15534414
8716,,101.7,30.0,0.0,74.372831,0.0,30.0,30.0,0.0,0.0,0.0,0.0,0.0,0.0,Optimal,3567.354144099998,3742376.15534414
8717,,97.73,0.0,30.0,43.122831,30.0,0.0,-30.0,0.0,0.0,0.0,0.0,0.0,0.0,Optimal,3567.354144099998,3742376.15534414
8718,,98.61,0.0,7.6401325,35.16436,7.6401325,0.0,-7.6401325,0.0,0.0,0.0,0.0,0.0,0.0,Optimal,3567.354144099998,3742376.15534414
8719,,98.16,0.0,30.0,3.9143595,30.0,0.0,-30.0,0.0,0.0,0.0,0.0,0.0,0.0,Optimal,3567.354144099998,3742376.15534414
8720,,103.56,30.0,0.0,32.71436,0.0,30.0,30.0,0.0,0.0,0.0,0.0,0.0,0.0,Optimal,3567.354144099998,3742376.15534414
8721,,110.71,0.0,27.648,3.9143595,27.648,0.0,-27.648,0.0,0.0,0.0,0.0,0.0,0.0,Optimal,3567.354144099998,3742376.15534414
8722,,118.17,30.0,0.0,32.71436,0.0,30.0,30.0,0.0,0.0,0.0,0.0,0.0,0.0,Optimal,3567.354144099998,3742376.15534414
8723,,128.7,30.0,0.0,61.51436,0.0,30.0,30.0,0.0,0.0,0.0,0.0,0.0,0.0,Optimal,3567.354144099998,3742376.15534414
8724,,121.2,0.0,30.0,30.26436,30.0,0.0,-30.0,0.0,0.0,0.0,0.0,0.0,0.0,Optimal,3567.354144099998,3742376.15534414
8725,,122.77,0.0,25.296,3.9143595,25.296,0.0,-25.296,0.0,0.0,0.0,0.0,0.0,0.0,Optimal,3567.354144099998,3742376.15534414
8726,,124.0,30.0,0.0,32.71436,0.0,30.0,30.0,0.0,0.0,0.0,0.0,0.0,0.0,Optimal,3567.354144099998,3742376.15534414
8727,,128.7,30.0,0.0,61.51436,0.0,30.0,30.0,0.0,0.0,0.0,0.0,0.0,0.0,Optimal,3567.354144099998,3742376.15534414
8728,,120.01,0.0,30.0,30.26436,30.0,0.0,-30.0,0.0,0.0,0.0,0.0,0.0,0.0,Optimal,3567.354144099998,3742376.15534414
8729,,122.88,0.0,12.951867,16.772831,12.951867,0.0,-12.951867,0.0,0.0,0.0,0.0,0.0,0.0,Optimal,3567.354144099998,3742376.15534414
8730,,144.93,30.0,0.0,45.572831,0.0,30.0,30.0,0.0,0.0,0.0,0.0,0.0,0.0,Optimal,3567.354144099998,3742376.15534414
8731,,138.1,30.0,0.0,74.372831,0.0,30.0,30.0,0.0,0.0,0.0,0.0,0.0,0.0,Optimal,3567.354144099998,3742376.15534414
8732,,109.9,0.0,0.0,74.372831,0.0,0.0,0.0,0.0,0.0,0.0,0.0,0.0,0.0,Optimal,3567.354144099998,3742376.15534414
8733,,95.08,0.0,27.648,45.572831,27.648,0.0,-27.648,0.0,0.0,0.0,0.0,0.0,0.0,Optimal,3567.354144099998,3742376.15534414
8734,,92.86,30.0,0.0,74.372831,0.0,30.0,30.0,0.0,0.0,0.0,0.0,0.0,0.0,Optimal,3567.354144099998,3742376.15534414
8735,,86.13,0.0,0.0,74.372831,0.0,0.0,0.0,0.0,0.0,0.0,0.0,0.0,0.0,Optimal,3567.354144099998,3742376.15534414
8736,,73.73,0.0,30.0,43.122831,30.0,0.0,-30.0,0.0,0.0,0.0,0.0,0.0,0.0,Optimal,3567.354144099998,3742376.15534414
8737,,75.53,2.5520833,0.0,45.572831,0.0,2.5520833,2.5520833,0.0,0.0,0.0,0.0,0.0,0.0,Optimal,3567.354144099998,3742376.15534414
8738,,76.2,30.0,0.0,74.372831,0.0,30.0,30.0,0.0,0.0,0.0,0.0,0.0,0.0,Optimal,3567.354144099998,3742376.15534414
8739,,65.2,0.0,7.6401325,66.41436,7.6401325,0.0,-7.6401325,0.0,0.0,0.0,0.0,0.0,0.0,Optimal,3567.354144099998,3742376.15534414
8740,,40.0,0.0,30.0,35.16436,30.0,0.0,-30.0,0.0,0.0,0.0,0.0,0.0,0.0,Optimal,3567.354144099998,3742376.15534414
8741,,34.9,0.0,30.0,3.9143595,30.0,0.0,-30.0,0.0,0.0,0.0,0.0,0.0,0.0,Optimal,3567.354144099998,3742376.15534414
8742,,67.03,0.0,0.0,3.9143595,0.0,0.0,0.0,0.0,0.0,0.0,0.0,0.0,0.0,Optimal,3567.354144099998,3742376.15534414
8743,,73.63,0.0,0.0,3.9143595,0.0,0.0,0.0,0.0,0.0,0.0,0.0,0.0,0.0,Optimal,3567.354144099998,3742376.15534414
8744,,81.56,0.0,0.0,3.9143595,0.0,0.0,0.0,0.0,0.0,0.0,0.0,0.0,0.0,Optimal,3567.354144099998,3742376.15534414
8745,,108.3,0.0,0.0,3.9143595,0.0,0.0,0.0,0.0,0.0,0.0,0.0,0.0,0.0,Optimal,3567.354144099998,3742376.15534414
8746,,133.58,30.0,0.0,32.71436,0.0,30.0,30.0,0.0,0.0,0.0,0.0,0.0,0.0,Optimal,3567.354144099998,3742376.15534414
8747,,135.0,30.0,0.0,61.51436,0.0,30.0,30.0,0.0,0.0,0.0,0.0,0.0,0.0,Optimal,3567.354144099998,3742376.15534414
8748,,124.9,13.394241,0.0,74.372831,0.0,13.394241,13.394241,0.0,0.0,0.0,0.0,0.0,0.0,Optimal,3567.354144099998,3742376.15534414
8749,,85.1,0.0,7.6401325,66.41436,7.6401325,0.0,-7.6401325,0.0,0.0,0.0,0.0,0.0,0.0,Optimal,3567.354144099998,3742376.15534414
8750,,80.86,0.0,30.0,35.16436,30.0,0.0,-30.0,0.0,0.0,0.0,0.0,0.0,0.0,Optimal,3567.354144099998,3742376.15534414
8751,,84.4,0.0,30.0,3.9143595,30.0,0.0,-30.0,0.0,0.0,0.0,0.0,0.0,0.0,Optimal,3567.354144099998,3742376.15534414
8752,,103.4,0.0,0.0,3.9143595,0.0,0.0,0.0,0.0,0.0,0.0,0.0,0.0,0.0,Optimal,3567.354144099998,3742376.15534414
8753,,136.0,30.0,0.0,32.71436,0.0,30.0,30.0,0.0,0.0,0.0,0.0,0.0,0.0,Optimal,3567.354144099998,3742376.15534414
8754,,150.0,30.0,0.0,61.51436,0.0,30.0,30.0,0.0,0.0,0.0,0.0,0.0,0.0,Optimal,3567.354144099998,3742376.15534414
8755,,109.93,13.394241,0.0,74.372831,0.0,13.394241,13.394241,0.0,0.0,0.0,0.0,0.0,0.0,Optimal,3567.354144099998,3742376.15534414
8756,,87.42,0.0,0.0,74.372831,0.0,0.0,0.0,0.0,0.0,0.0,0.0,0.0,0.0,Optimal,3567.354144099998,3742376.15534414
8757,,75.84,0.0,0.0,74.372831,0.0,0.0,0.0,0.0,0.0,0.0,0.0,0.0,0.0,Optimal,3567.354144099998,3742376.15534414
8758,,68.51,0.0,27.648,45.572831,27.648,0.0,-27.648,0.0,0.0,0.0,0.0,0.0,0.0,Optimal,3567.354144099998,3742376.15534414
8759,,67.95,30.0,0.0,74.372831,0.0,30.0,30.0,0.0,0.0,0.0,0.0,0.0,0.0,Optimal,3567.354144099998,3742376.15534414
8760,,36.47,0.0,30.0,43.122831,30.0,0.0,-30.0,0.0,0.0,0.0,0.0,0.0,0.0,Optimal,3567.354144099998,3742376.15534414
8761,,54.9,2.5520833,0.0,45.572831,0.0,2.5520833,2.5520833,0.0,0.0,0.0,0.0,0.0,0.0,Optimal,3567.354144099998,3742376.15534414
8762,,56.43,30.0,0.0,74.372831,0.0,30.0,30.0,0.0,0.0,0.0,0.0,0.0,0.0,Optimal,3567.354144099998,3742376.15534414
8763,,34.9,0.0,7.6401325,66.41436,7.6401325,0.0,-7.6401325,0.0,0.0,0.0,0.0,0.0,0.0,Optimal,3567.354144099998,3742376.15534414
8764,,30.88,0.0,30.0,35.16436,30.0,0.0,-30.0,0.0,0.0,0.0,0.0,0.0,0.0,Optimal,3567.354144099998,3742376.15534414
8765,,30.21,0.0,30.0,3.9143595,30.0,0.0,-30.0,0.0,0.0,0.0,0.0,0.0,0.0,Optimal,3567.354144099998,3742376.15534414
8766,,40.0,0.0,0.0,3.9143595,0.0,0.0,0.0,0.0,0.0,0.0,0.0,0.0,0.0,Optimal,3567.354144099998,3742376.15534414
8767,,70.29,0.0,0.0,3.9143595,0.0,0.0,0.0,0.0,0.0,0.0,0.0,0.0,0.0,Optimal,3567.354144099998,3742376.15534414
8768,,99.0,0.0,0.0,3.9143595,0.0,0.0,0.0,0.0,0.0,0.0,0.0,0.0,0.0,Optimal,3567.354144099998,3742376.15534414
8769,,147.99,30.0,0.0,32.71436,0.0,30.0,30.0,0.0,0.0,0.0,0.0,0.0,0.0,Optimal,3567.354144099998,3742376.15534414
8770,,149.9,30.0,0.0,61.51436,0.0,30.0,30.0,0.0,0.0,0.0,0.0,0.0,0.0,Optimal,3567.354144099998,3742376.15534414
8771,,137.0,13.394241,0.0,74.372831,0.0,13.394241,13.394241,0.0,0.0,0.0,0.0,0.0,0.0,Optimal,3567.354144099998,3742376.15534414
8772,,121.7,0.0,0.0,74.372831,0.0,0.0,0.0,0.0,0.0,0.0,0.0,0.0,0.0,Optimal,3567.354144099998,3742376.15534414
8773,,99.0,0.0,7.6401325,66.41436,7.6401325,0.0,-7.6401325,0.0,0.0,0.0,0.0,0.0,0.0,Optimal,3567.354144099998,3742376.15534414
8774,,84.0,0.0,30.0,35.16436,30.0,0.0,-30.0,0.0,0.0,0.0,0.0,0.0,0.0,Optimal,3567.354144099998,3742376.15534414
8775,,84.32,0.0,30.0,3.9143595,30.0,0.0,-30.0,0.0,0.0,0.0,0.0,0.0,0.0,Optimal,3567.354144099998,3742376.15534414
8776,,94.9,13.394241,0.0,16.772831,0.0,13.394241,13.394241,0.0,0.0,0.0,0.0,0.0,0.0,Optimal,3567.354144099998,3742376.15534414
8777,,121.7,30.0,0.0,45.572831,0.0,30.0,30.0,0.0,0.0,0.0,0.0,0.0,0.0,Optimal,3567.354144099998,3742376.15534414
8778,,99.0,30.0,0.0,74.372831,0.0,30.0,30.0,0.0,0.0,0.0,0.0,0.0,0.0,Optimal,3567.354144099998,3742376.15534414
8779,,70.56,0.0,0.0,74.372831,0.0,0.0,0.0,0.0,0.0,0.0,0.0,0.0,0.0,Optimal,3567.354144099998,3742376.15534414
8780,,59.9,0.0,0.0,74.372831,0.0,0.0,0.0,0.0,0.0,0.0,0.0,0.0,0.0,Optimal,3567.354144099998,3742376.15534414
8781,,18.2,0.0,0.0,74.372831,0.0,0.0,0.0,0.0,0.0,0.0,0.0,0.0,0.0,Optimal,3567.354144099998,3742376.15534414
8782,,9.06,0.0,0.0,74.372831,0.0,0.0,0.0,0.0,0.0,0.0,0.0,0.0,0.0,Optimal,3567.354144099998,3742376.15534414
8783,,0.52,0.0,0.0,74.372831,0.0,0.0,0.0,0.0,0.0,0.0,0.0,0.0,0.0,Optimal,3567.354144099998,3742376.15534414
